# A280537, n=20, точек 45 — выше прежних 44
# инвариантна под (x,y,z)->(y,z,x); поиск без цели, потолок 3n=60
# проверено: 0 компланарных из C(45,4)=148995, 0 коллинеарных, 0 троек с четвёртой
3 6 16
6 16 3
16 3 6
9 17 18
17 18 9
18 9 17
10 17 15
17 15 10
15 10 17
0 8 3
8 3 0
3 0 8
8 14 19
14 19 8
19 8 14
0 7 9
7 9 0
9 0 7
13 17 16
17 16 13
16 13 17
1 16 14
16 14 1
14 1 16
1 9 19
9 19 1
19 1 9
2 11 14
11 14 2
14 2 11
6 10 19
10 19 6
19 6 10
4 18 8
18 8 4
8 4 18
1 18 13
18 13 1
13 1 18
2 12 5
12 5 2
5 2 12
0 15 6
15 6 0
6 0 15
