# A280537, n=20, точек 44 — нижняя граница, опубликованных данных для этого n нет
# инвариантна под (x,y,z)->(y,z,x); поиск без цели, потолок 3n=60
# проверено независимо: 0 компланарных, 0 коллинеарных, 0 троек с четвёртой в плоскости
9 11 19
11 19 9
19 9 11
6 16 19
16 19 6
19 6 16
18 18 18
3 4 18
4 18 3
18 3 4
1 6 3
6 3 1
3 1 6
1 2 10
2 10 1
10 1 2
0 5 9
5 9 0
9 0 5
13 13 16
13 16 13
16 13 13
3 3 3
8 19 17
19 17 8
17 8 19
2 18 15
18 15 2
15 2 18
0 17 4
17 4 0
4 0 17
6 10 17
10 17 6
17 6 10
0 8 14
8 14 0
14 0 8
1 10 15
10 15 1
15 1 10
2 5 12
5 12 2
12 2 5
