0 2
0 4
0 19
0 21
1 7
1 12
1 24
1 29
2 11
2 14
2 28
2 31
3 3
3 10
3 20
3 27
4 4
4 8
4 21
4 25
5 5
5 11
5 22
5 28
6 8
6 16
6 25
6 33
7 15
7 16
7 32
7 33
9 1
9 2
9 18
9 19
10 1
10 9
10 18
10 26
11 6
11 12
11 23
11 29
12 9
12 13
12 26
12 30
13 7
13 14
13 24
13 31
14 3
14 6
14 20
14 23
15 5
15 10
15 22
15 27
16 13
16 15
16 30
16 32
17 2
17 4
17 19
17 21
18 7
18 12
18 24
18 29
19 11
19 14
19 28
19 31
20 3
20 10
20 20
20 27
21 4
21 8
21 21
21 25
22 5
22 11
22 22
22 28
23 8
23 16
23 25
23 33
24 15
24 16
24 32
24 33
26 1
26 2
26 18
26 19
27 1
27 9
27 18
27 26
28 6
28 12
28 23
28 29
29 9
29 13
29 26
29 30
30 7
30 14
30 24
30 31
31 3
31 6
31 20
31 23
32 5
32 10
32 22
32 27
33 13
33 15
33 30
33 32
