0 2
0 6
0 21
0 25
1 2
1 7
1 21
1 26
2 5
2 8
2 24
2 27
3 3
3 9
3 22
3 28
4 7
4 15
4 26
4 34
5 4
5 14
5 23
5 33
6 6
6 18
6 25
6 37
7 8
7 9
7 27
7 28
8 16
8 18
8 35
8 37
10 1
10 3
10 20
10 22
11 10
11 11
11 29
11 30
12 1
12 13
12 20
12 32
13 5
13 15
13 24
13 34
14 4
14 12
14 23
14 31
15 10
15 16
15 29
15 35
16 11
16 14
16 30
16 33
17 12
17 17
17 31
17 36
18 13
18 17
18 32
18 36
19 2
19 6
19 21
19 25
20 2
20 7
20 21
20 26
21 5
21 8
21 24
21 27
22 3
22 9
22 22
22 28
23 7
23 15
23 26
23 34
24 4
24 14
24 23
24 33
25 6
25 18
25 25
25 37
26 8
26 9
26 27
26 28
27 16
27 18
27 35
27 37
29 1
29 3
29 20
29 22
30 10
30 11
30 29
30 30
31 1
31 13
31 20
31 32
32 5
32 15
32 24
32 34
33 4
33 12
33 23
33 31
34 10
34 16
34 29
34 35
35 11
35 14
35 30
35 33
36 12
36 17
36 31
36 36
37 13
37 17
37 32
37 36
