0 2
0 15
0 19
0 32
1 5
1 12
1 22
1 29
2 3
2 14
2 20
2 31
3 7
3 10
3 24
3 27
4 4
4 13
4 21
4 30
5 6
5 11
5 23
5 28
6 8
6 9
6 25
6 26
7 1
7 16
7 18
7 33
9 1
9 16
9 18
9 33
10 8
10 9
10 25
10 26
11 6
11 11
11 23
11 28
12 4
12 13
12 21
12 30
13 7
13 10
13 24
13 27
14 3
14 14
14 20
14 31
15 5
15 12
15 22
15 29
16 2
16 15
16 19
16 32
17 2
17 15
17 19
17 32
18 5
18 12
18 22
18 29
19 3
19 14
19 20
19 31
20 7
20 10
20 24
20 27
21 4
21 13
21 21
21 30
22 6
22 11
22 23
22 28
23 8
23 9
23 25
23 26
24 1
24 16
24 18
24 33
26 1
26 16
26 18
26 33
27 8
27 9
27 25
27 26
28 6
28 11
28 23
28 28
29 4
29 13
29 21
29 30
30 7
30 10
30 24
30 27
31 3
31 14
31 20
31 31
32 5
32 12
32 22
32 29
33 2
33 15
33 19
33 32
