0 2
0 4
0 21
0 23
1 7
1 14
1 26
1 33
2 8
2 16
2 27
2 35
3 3
3 6
3 22
3 25
4 11
4 15
4 30
4 34
5 9
5 14
5 28
5 33
6 6
6 12
6 25
6 31
7 9
7 18
7 28
7 37
8 17
8 18
8 36
8 37
10 1
10 2
10 20
10 21
11 1
11 10
11 20
11 29
12 7
12 13
12 26
12 32
13 5
13 10
13 24
13 29
14 4
14 8
14 23
14 27
15 13
15 16
15 32
15 35
16 3
16 11
16 22
16 30
17 5
17 12
17 24
17 31
18 15
18 17
18 34
18 36
19 2
19 4
19 21
19 23
20 7
20 14
20 26
20 33
21 8
21 16
21 27
21 35
22 3
22 6
22 22
22 25
23 11
23 15
23 30
23 34
24 9
24 14
24 28
24 33
25 6
25 12
25 25
25 31
26 9
26 18
26 28
26 37
27 17
27 18
27 36
27 37
29 1
29 2
29 20
29 21
30 1
30 10
30 20
30 29
31 7
31 13
31 26
31 32
32 5
32 10
32 24
32 29
33 4
33 8
33 23
33 27
34 13
34 16
34 32
34 35
35 3
35 11
35 22
35 30
36 5
36 12
36 24
36 31
37 15
37 17
37 34
37 36
