0 2
0 11
0 15
0 24
1 5
1 8
1 18
1 21
2 3
2 10
2 16
2 23
3 4
3 9
3 17
3 22
4 6
4 7
4 19
4 20
5 1
5 12
5 14
5 25
7 1
7 12
7 14
7 25
8 6
8 7
8 19
8 20
9 4
9 9
9 17
9 22
10 3
10 10
10 16
10 23
11 5
11 8
11 18
11 21
12 2
12 11
12 15
12 24
13 2
13 11
13 15
13 24
14 5
14 8
14 18
14 21
15 3
15 10
15 16
15 23
16 4
16 9
16 17
16 22
17 6
17 7
17 19
17 20
18 1
18 12
18 14
18 25
20 1
20 12
20 14
20 25
21 6
21 7
21 19
21 20
22 4
22 9
22 17
22 22
23 3
23 10
23 16
23 23
24 5
24 8
24 18
24 21
25 2
25 11
25 15
25 24
