0 2
0 6
0 19
0 23
1 2
1 12
1 19
1 29
2 8
2 14
2 25
2 31
3 10
3 13
3 27
3 30
4 4
4 12
4 21
4 29
5 11
5 16
5 28
5 33
6 7
6 8
6 24
6 25
7 14
7 16
7 31
7 33
9 1
9 3
9 18
9 20
10 9
10 10
10 26
10 27
11 1
11 6
11 18
11 23
12 5
12 13
12 22
12 30
13 4
13 7
13 21
13 24
14 3
14 9
14 20
14 26
15 5
15 15
15 22
15 32
16 11
16 15
16 28
16 32
17 2
17 6
17 19
17 23
18 2
18 12
18 19
18 29
19 8
19 14
19 25
19 31
20 10
20 13
20 27
20 30
21 4
21 12
21 21
21 29
22 11
22 16
22 28
22 33
23 7
23 8
23 24
23 25
24 14
24 16
24 31
24 33
26 1
26 3
26 18
26 20
27 9
27 10
27 26
27 27
28 1
28 6
28 18
28 23
29 5
29 13
29 22
29 30
30 4
30 7
30 21
30 24
31 3
31 9
31 20
31 26
32 5
32 15
32 22
32 32
33 11
33 15
33 28
33 32
