0 2
0 4
0 15
0 17
1 5
1 10
1 18
1 23
2 3
2 6
2 16
2 19
3 4
3 8
3 17
3 21
4 6
4 12
4 19
4 25
5 11
5 12
5 24
5 25
7 1
7 2
7 14
7 15
8 1
8 7
8 14
8 20
9 5
9 9
9 18
9 22
10 7
10 10
10 20
10 23
11 3
11 8
11 16
11 21
12 9
12 11
12 22
12 24
13 2
13 4
13 15
13 17
14 5
14 10
14 18
14 23
15 3
15 6
15 16
15 19
16 4
16 8
16 17
16 21
17 6
17 12
17 19
17 25
18 11
18 12
18 24
18 25
20 1
20 2
20 14
20 15
21 1
21 7
21 14
21 20
22 5
22 9
22 18
22 22
23 7
23 10
23 20
23 23
24 3
24 8
24 16
24 21
25 9
25 11
25 22
25 24
