0 2
0 17
0 21
0 36
1 7
1 12
1 26
1 31
2 8
2 11
2 27
2 30
3 3
3 16
3 22
3 35
4 4
4 15
4 23
4 34
5 5
5 14
5 24
5 33
6 6
6 13
6 25
6 32
7 9
7 10
7 28
7 29
8 1
8 18
8 20
8 37
10 1
10 18
10 20
10 37
11 9
11 10
11 28
11 29
12 6
12 13
12 25
12 32
13 5
13 14
13 24
13 33
14 4
14 15
14 23
14 34
15 3
15 16
15 22
15 35
16 8
16 11
16 27
16 30
17 7
17 12
17 26
17 31
18 2
18 17
18 21
18 36
19 2
19 17
19 21
19 36
20 7
20 12
20 26
20 31
21 8
21 11
21 27
21 30
22 3
22 16
22 22
22 35
23 4
23 15
23 23
23 34
24 5
24 14
24 24
24 33
25 6
25 13
25 25
25 32
26 9
26 10
26 28
26 29
27 1
27 18
27 20
27 37
29 1
29 18
29 20
29 37
30 9
30 10
30 28
30 29
31 6
31 13
31 25
31 32
32 5
32 14
32 24
32 33
33 4
33 15
33 23
33 34
34 3
34 16
34 22
34 35
35 8
35 11
35 27
35 30
36 7
36 12
36 26
36 31
37 2
37 17
37 21
37 36
