0 2
0 6
0 15
0 19
1 2
1 5
1 15
1 18
2 3
2 9
2 16
2 22
3 4
3 12
3 17
3 25
4 5
4 6
4 18
4 19
5 10
5 12
5 23
5 25
7 1
7 3
7 14
7 16
8 7
8 8
8 20
8 21
9 1
9 9
9 14
9 22
10 4
10 10
10 17
10 23
11 8
11 11
11 21
11 24
12 7
12 11
12 20
12 24
13 2
13 6
13 15
13 19
14 2
14 5
14 15
14 18
15 3
15 9
15 16
15 22
16 4
16 12
16 17
16 25
17 5
17 6
17 18
17 19
18 10
18 12
18 23
18 25
20 1
20 3
20 14
20 16
21 7
21 8
21 20
21 21
22 1
22 9
22 14
22 22
23 4
23 10
23 17
23 23
24 8
24 11
24 21
24 24
25 7
25 11
25 20
25 24
