0 2
0 3
0 19
0 20
1 4
1 12
1 21
1 29
2 7
2 14
2 24
2 31
3 10
3 12
3 27
3 29
4 2
4 4
4 19
4 21
5 11
5 28
6 5
6 8
6 22
6 25
7 1
7 16
7 18
7 33
8 16
8 33
9 1
9 16
9 18
9 33
10 1
10 9
10 18
10 26
11 5
11 6
11 22
11 23
12 11
12 13
12 28
12 30
13 2
13 7
13 19
13 24
14 3
14 12
14 20
14 29
15 5
15 7
15 22
15 24
16 4
16 15
16 21
16 32
17 2
17 3
17 19
17 20
18 4
18 12
18 21
18 29
19 7
19 14
19 24
19 31
20 10
20 12
20 27
20 29
21 2
21 4
21 19
21 21
22 11
22 28
23 5
23 8
23 22
23 25
24 1
24 16
24 18
24 33
25 16
25 33
26 1
26 16
26 18
26 33
27 1
27 9
27 18
27 26
28 5
28 6
28 22
28 23
29 11
29 13
29 28
29 30
30 2
30 7
30 19
30 24
31 3
31 12
31 20
31 29
32 5
32 7
32 22
32 24
33 4
33 15
33 21
33 32
