0 2
0 3
0 15
0 16
1 4
1 5
1 17
1 18
2 3
2 7
2 16
2 20
3 4
3 12
3 17
3 25
4 6
4 19
5 2
5 12
5 15
5 25
6 0
6 13
7 0
7 1
7 13
7 14
8 2
8 7
8 15
8 20
9 6
9 9
9 19
9 22
10 10
10 12
10 23
10 25
11 7
11 8
11 20
11 21
12 4
12 11
12 17
12 24
13 2
13 3
13 15
13 16
14 4
14 5
14 17
14 18
15 3
15 7
15 16
15 20
16 4
16 12
16 17
16 25
17 6
17 19
18 2
18 12
18 15
18 25
19 0
19 13
20 0
20 1
20 13
20 14
21 2
21 7
21 15
21 20
22 6
22 9
22 19
22 22
23 10
23 12
23 23
23 25
24 7
24 8
24 20
24 21
25 4
25 11
25 17
25 24
