0 0
0 2
0 13
0 15
1 1
1 5
1 14
1 18
2 3
2 4
2 16
2 17
3 4
3 9
3 17
3 22
4 3
4 6
4 16
4 19
5 12
5 25
6 10
6 23
7 1
7 10
7 14
7 23
8 7
8 12
8 20
8 25
9 3
9 9
9 16
9 22
10 9
10 10
10 22
10 23
11 4
11 8
11 17
11 21
12 1
12 11
12 14
12 24
13 0
13 2
13 13
13 15
14 1
14 5
14 14
14 18
15 3
15 4
15 16
15 17
16 4
16 9
16 17
16 22
17 3
17 6
17 16
17 19
18 12
18 25
19 10
19 23
20 1
20 10
20 14
20 23
21 7
21 12
21 20
21 25
22 3
22 9
22 16
22 22
23 9
23 10
23 22
23 23
24 4
24 8
24 17
24 21
25 1
25 11
25 14
25 24
