0 0
0 2
0 17
0 19
1 1
1 12
1 18
1 29
2 4
2 14
2 21
2 31
3 9
3 10
3 26
3 27
4 4
4 16
4 21
4 33
5 8
5 11
5 25
5 28
6 2
6 8
6 19
6 25
7 15
7 16
7 32
7 33
8 13
8 30
9 1
9 13
9 18
9 30
10 9
10 15
10 26
10 32
11 2
11 6
11 19
11 23
12 8
12 13
12 25
12 30
13 7
13 16
13 24
13 33
14 3
14 9
14 20
14 26
15 4
15 5
15 21
15 22
16 1
16 15
16 18
16 32
17 0
17 2
17 17
17 19
18 1
18 12
18 18
18 29
19 4
19 14
19 21
19 31
20 9
20 10
20 26
20 27
21 4
21 16
21 21
21 33
22 8
22 11
22 25
22 28
23 2
23 8
23 19
23 25
24 15
24 16
24 32
24 33
25 13
25 30
26 1
26 13
26 18
26 30
27 9
27 15
27 26
27 32
28 2
28 6
28 19
28 23
29 8
29 13
29 25
29 30
30 7
30 16
30 24
30 33
31 3
31 9
31 20
31 26
32 4
32 5
32 21
32 22
33 1
33 15
33 18
33 32
