0 0
0 2
0 19
0 21
1 1
1 7
1 20
1 26
2 4
2 8
2 23
2 27
3 3
3 9
3 22
3 28
4 15
4 16
4 34
4 35
5 6
5 14
5 25
5 33
6 6
6 17
6 25
6 36
7 9
7 11
7 28
7 30
8 7
8 18
8 26
8 37
9 5
9 24
10 1
10 5
10 20
10 24
11 7
11 10
11 26
11 29
12 11
12 13
12 30
12 32
13 5
13 17
13 24
13 36
14 4
14 6
14 23
14 25
15 16
15 35
16 9
16 11
16 28
16 30
17 4
17 12
17 23
17 31
18 1
18 17
18 20
18 36
19 0
19 2
19 19
19 21
20 1
20 7
20 20
20 26
21 4
21 8
21 23
21 27
22 3
22 9
22 22
22 28
23 15
23 16
23 34
23 35
24 6
24 14
24 25
24 33
25 6
25 17
25 25
25 36
26 9
26 11
26 28
26 30
27 7
27 18
27 26
27 37
28 5
28 24
29 1
29 5
29 20
29 24
30 7
30 10
30 26
30 29
31 11
31 13
31 30
31 32
32 5
32 17
32 24
32 36
33 4
33 6
33 23
33 25
34 16
34 35
35 9
35 11
35 28
35 30
36 4
36 12
36 23
36 31
37 1
37 17
37 20
37 36
