0 2
0 3
0 21
0 22
1 4
1 7
1 23
1 26
2 7
2 8
2 26
2 27
3 3
3 12
3 22
3 31
4 0
4 15
4 19
4 34
5 9
5 14
5 28
5 33
6 1
6 6
6 20
6 25
7 9
7 14
7 28
7 33
8 10
8 18
8 29
8 37
9 8
9 27
10 1
10 8
10 20
10 27
11 10
11 29
12 13
12 14
12 32
12 33
13 1
13 5
13 20
13 24
14 4
14 9
14 23
14 28
15 0
15 16
15 19
15 35
16 11
16 12
16 30
16 31
17 7
17 12
17 26
17 31
18 4
18 17
18 23
18 36
19 2
19 3
19 21
19 22
20 4
20 7
20 23
20 26
21 7
21 8
21 26
21 27
22 3
22 12
22 22
22 31
23 0
23 15
23 19
23 34
24 9
24 14
24 28
24 33
25 1
25 6
25 20
25 25
26 9
26 14
26 28
26 33
27 10
27 18
27 29
27 37
28 8
28 27
29 1
29 8
29 20
29 27
30 10
30 29
31 13
31 14
31 32
31 33
32 1
32 5
32 20
32 24
33 4
33 9
33 23
33 28
34 0
34 16
34 19
34 35
35 11
35 12
35 30
35 31
36 7
36 12
36 26
36 31
37 4
37 17
37 23
37 36
