0 2
0 4
0 6
0 19
0 21
0 23
1 2
1 7
1 12
1 19
1 24
1 29
2 8
2 11
2 14
2 25
2 28
2 31
3 3
3 10
3 13
3 20
3 27
3 30
4 4
4 8
4 12
4 21
4 25
4 29
5 5
5 11
5 16
5 22
5 28
5 33
6 7
6 8
6 16
6 24
6 25
6 33
7 14
7 15
7 16
7 31
7 32
7 33
9 1
9 2
9 3
9 18
9 19
9 20
10 1
10 9
10 10
10 18
10 26
10 27
11 1
11 6
11 12
11 18
11 23
11 29
12 5
12 9
12 13
12 22
12 26
12 30
13 4
13 7
13 14
13 21
13 24
13 31
14 3
14 6
14 9
14 20
14 23
14 26
15 5
15 10
15 15
15 22
15 27
15 32
16 11
16 13
16 15
16 28
16 30
16 32
17 2
17 4
17 6
17 19
17 21
17 23
18 2
18 7
18 12
18 19
18 24
18 29
19 8
19 11
19 14
19 25
19 28
19 31
20 3
20 10
20 13
20 20
20 27
20 30
21 4
21 8
21 12
21 21
21 25
21 29
22 5
22 11
22 16
22 22
22 28
22 33
23 7
23 8
23 16
23 24
23 25
23 33
24 14
24 15
24 16
24 31
24 32
24 33
26 1
26 2
26 3
26 18
26 19
26 20
27 1
27 9
27 10
27 18
27 26
27 27
28 1
28 6
28 12
28 18
28 23
28 29
29 5
29 9
29 13
29 22
29 26
29 30
30 4
30 7
30 14
30 21
30 24
30 31
31 3
31 6
31 9
31 20
31 23
31 26
32 5
32 10
32 15
32 22
32 27
32 32
33 11
33 13
33 15
33 28
33 30
33 32
