0 2
0 4
0 6
0 13
0 15
0 17
1 2
1 5
1 8
1 13
1 16
1 19
2 3
2 7
2 10
2 14
2 18
2 21
3 4
3 5
3 10
3 15
3 16
3 21
4 8
4 9
4 10
4 19
4 20
4 21
6 1
6 2
6 3
6 12
6 13
6 14
7 1
7 6
7 7
7 12
7 17
7 18
8 1
8 4
8 8
8 12
8 15
8 19
9 3
9 6
9 9
9 14
9 17
9 20
10 5
10 7
10 9
10 16
10 18
10 20
11 2
11 4
11 6
11 13
11 15
11 17
12 2
12 5
12 8
12 13
12 16
12 19
13 3
13 7
13 10
13 14
13 18
13 21
14 4
14 5
14 10
14 15
14 16
14 21
15 8
15 9
15 10
15 19
15 20
15 21
17 1
17 2
17 3
17 12
17 13
17 14
18 1
18 6
18 7
18 12
18 17
18 18
19 1
19 4
19 8
19 12
19 15
19 19
20 3
20 6
20 9
20 14
20 17
20 20
21 5
21 7
21 9
21 16
21 18
21 20
