0 2
0 4
0 6
0 15
0 17
0 19
1 2
1 5
1 10
1 15
1 18
1 23
2 3
2 6
2 9
2 16
2 19
2 22
3 4
3 8
3 12
3 17
3 21
3 25
4 5
4 6
4 12
4 18
4 19
4 25
5 10
5 11
5 12
5 23
5 24
5 25
7 1
7 2
7 3
7 14
7 15
7 16
8 1
8 7
8 8
8 14
8 20
8 21
9 1
9 5
9 9
9 14
9 18
9 22
10 4
10 7
10 10
10 17
10 20
10 23
11 3
11 8
11 11
11 16
11 21
11 24
12 7
12 9
12 11
12 20
12 22
12 24
13 2
13 4
13 6
13 15
13 17
13 19
14 2
14 5
14 10
14 15
14 18
14 23
15 3
15 6
15 9
15 16
15 19
15 22
16 4
16 8
16 12
16 17
16 21
16 25
17 5
17 6
17 12
17 18
17 19
17 25
18 10
18 11
18 12
18 23
18 24
18 25
20 1
20 2
20 3
20 14
20 15
20 16
21 1
21 7
21 8
21 14
21 20
21 21
22 1
22 5
22 9
22 14
22 18
22 22
23 4
23 7
23 10
23 17
23 20
23 23
24 3
24 8
24 11
24 16
24 21
24 24
25 7
25 9
25 11
25 20
25 22
25 24
