# 2026-08-18T22:43:57Z C2: p k ord(k) G8 forcedLP_saving total_saving net_per_group  (from slack/chain_walk.py)
101 2 100 16 32.00 -16.00 -1.000
101 3 100 10 16.00 -14.00 -1.400
101 4 50 16 32.00 -16.00 -1.000
101 5 25 16 48.00 0.00 0.000
101 6 10 12 24.00 -12.00 -1.000
101 7 100 18 56.00 2.00 0.111
101 8 100 20 56.00 -4.00 -0.200
101 9 50 16 48.00 0.00 0.000
101 10 4 14 8.00 -34.00 -2.429
101 11 100 18 72.00 18.00 1.000
101 12 100 24 80.00 8.00 0.333
101 13 50 16 64.00 16.00 1.000
101 14 10 10 16.00 -14.00 -1.400
101 15 100 26 88.00 10.00 0.385
101 16 25 18 64.00 10.00 0.556
101 17 10 14 40.00 -2.00 -0.143
101 18 100 20 64.00 4.00 0.200
101 19 25 18 56.00 2.00 0.111
101 20 50 14 48.00 6.00 0.429
101 21 50 16 48.00 0.00 0.000
101 22 50 16 32.00 -16.00 -1.000
101 23 50 22 80.00 14.00 0.636
101 24 25 10 24.00 -6.00 -0.600
101 25 25 20 72.00 12.00 0.600
101 26 100 18 56.00 2.00 0.111
101 27 100 14 40.00 -2.00 -0.143
101 28 100 20 64.00 4.00 0.200
101 29 100 12 40.00 4.00 0.333
101 30 50 26 104.00 26.00 1.000
101 31 25 14 48.00 6.00 0.429
101 32 20 14 16.00 -26.00 -1.857
101 33 50 16 40.00 -8.00 -0.500
101 34 100 22 80.00 14.00 0.636
101 35 100 14 56.00 14.00 1.000
101 36 5 18 32.00 -22.00 -1.222
101 37 25 24 80.00 8.00 0.333
101 38 100 12 32.00 -4.00 -0.333
101 39 20 10 32.00 2.00 0.200
101 40 100 16 56.00 8.00 0.500
101 41 20 18 56.00 2.00 0.111
101 42 100 16 56.00 8.00 0.500
101 43 50 18 32.00 -22.00 -1.222
101 44 20 20 40.00 -20.00 -1.000
101 45 50 16 48.00 0.00 0.000
101 46 100 18 64.00 10.00 0.556
101 47 50 16 48.00 0.00 0.000
101 48 100 14 48.00 6.00 0.429
101 49 50 14 40.00 -2.00 -0.143
101 50 100 10 40.00 10.00 1.000
101 51 100 14 40.00 -2.00 -0.143
101 52 25 14 40.00 -2.00 -0.143
101 53 100 10 24.00 -6.00 -0.600
101 54 25 20 72.00 12.00 0.600
101 55 100 16 48.00 0.00 0.000
101 56 25 16 56.00 8.00 0.500
101 57 20 22 56.00 -10.00 -0.455
101 58 25 16 64.00 16.00 1.000
101 59 100 16 64.00 16.00 1.000
101 60 20 22 64.00 -2.00 -0.091
101 61 100 20 56.00 -4.00 -0.200
101 62 20 12 40.00 4.00 0.333
101 63 100 14 48.00 6.00 0.429
101 64 50 14 32.00 -10.00 -0.714
101 65 10 6 0.00 -18.00 -3.000
101 66 100 20 72.00 12.00 0.600
101 67 100 14 48.00 6.00 0.429
101 68 25 16 64.00 16.00 1.000
101 69 20 10 24.00 -6.00 -0.600
101 70 50 18 56.00 2.00 0.111
101 71 25 16 56.00 8.00 0.500
101 72 100 10 24.00 -6.00 -0.600
101 73 100 22 64.00 -2.00 -0.091
101 74 100 16 56.00 8.00 0.500
101 75 100 12 40.00 4.00 0.333
101 76 50 22 64.00 -2.00 -0.091
101 77 50 10 32.00 2.00 0.200
101 78 25 22 80.00 14.00 0.636
101 79 25 10 32.00 2.00 0.200
101 80 25 18 64.00 10.00 0.556
101 81 25 14 32.00 -10.00 -0.714
101 82 50 20 72.00 12.00 0.600
101 83 100 12 32.00 -4.00 -0.333
101 84 5 18 48.00 -6.00 -0.333
101 85 50 16 56.00 8.00 0.500
101 86 100 16 56.00 8.00 0.500
101 87 5 12 24.00 -12.00 -1.000
101 88 25 16 56.00 8.00 0.500
101 89 100 12 32.00 -4.00 -0.333
101 90 100 16 64.00 16.00 1.000
101 91 4 18 24.00 -30.00 -1.667
101 92 25 18 56.00 2.00 0.111
101 93 100 20 72.00 12.00 0.600
101 94 100 12 32.00 -4.00 -0.333
101 95 5 18 56.00 2.00 0.111
101 96 50 20 64.00 4.00 0.200
101 97 25 12 40.00 4.00 0.333
101 98 100 22 72.00 6.00 0.273
101 99 100 24 72.00 0.00 0.000
101 100 2 16 64.00 16.00 1.000
