p k ord | K M | K->M transitions | walk range | range/sqrt(p) | (s,s) (s,n) (n,s) (n,n) per L
11 2 10 | 0 0 | 0 | 0 | 0.00 | 0.000 0.000 0.000 1.000
13 2 12 | 0 0 | 0 | 0 | 0.00 | 0.000 0.000 0.000 1.000
17 3 16 | 4 4 | 2 | 2 | 0.49 | 0.000 0.250 0.250 0.500
19 2 18 | 4 4 | 2 | 2 | 0.46 | 0.000 0.222 0.222 0.556
23 5 22 | 12 12 | 6 | 2 | 0.42 | 0.273 0.273 0.273 0.182
29 2 28 | 8 8 | 4 | 2 | 0.37 | 0.143 0.143 0.143 0.571
31 3 30 | 4 4 | 2 | 2 | 0.36 | 0.000 0.133 0.133 0.733
37 2 36 | 8 8 | 4 | 2 | 0.33 | 0.056 0.167 0.167 0.611
41 6 40 | 16 16 | 8 | 4 | 0.62 | 0.100 0.300 0.300 0.300
43 3 42 | 16 16 | 10 | 4 | 0.61 | 0.095 0.286 0.286 0.333
47 5 46 | 16 16 | 12 | 2 | 0.29 | 0.130 0.217 0.217 0.435
53 2 52 | 8 8 | 2 | 4 | 0.55 | 0.000 0.154 0.154 0.692
59 2 58 | 20 20 | 14 | 4 | 0.52 | 0.103 0.241 0.241 0.414
61 2 60 | 28 28 | 18 | 6 | 0.77 | 0.167 0.300 0.300 0.233
67 2 66 | 20 20 | 14 | 4 | 0.49 | 0.121 0.182 0.182 0.515
71 7 70 | 24 24 | 18 | 4 | 0.47 | 0.143 0.200 0.200 0.457
73 5 72 | 20 20 | 12 | 4 | 0.47 | 0.083 0.194 0.194 0.528
79 3 78 | 36 36 | 22 | 4 | 0.45 | 0.231 0.231 0.231 0.308
83 2 82 | 28 28 | 20 | 2 | 0.22 | 0.122 0.220 0.220 0.439
89 3 88 | 28 28 | 20 | 2 | 0.21 | 0.136 0.182 0.182 0.500
97 5 96 | 28 28 | 14 | 4 | 0.41 | 0.104 0.188 0.188 0.521
101 2 100 | 32 32 | 12 | 10 | 1.00 | 0.060 0.260 0.260 0.420
103 5 102 | 40 40 | 28 | 6 | 0.59 | 0.137 0.255 0.255 0.353
107 2 106 | 32 32 | 12 | 6 | 0.58 | 0.057 0.245 0.245 0.453
109 6 108 | 32 32 | 14 | 8 | 0.77 | 0.037 0.259 0.259 0.444
113 3 112 | 24 24 | 18 | 2 | 0.19 | 0.036 0.179 0.179 0.607
127 3 126 | 52 52 | 34 | 4 | 0.35 | 0.190 0.222 0.222 0.365
131 2 130 | 44 44 | 34 | 4 | 0.35 | 0.123 0.215 0.215 0.446
137 3 136 | 44 44 | 30 | 6 | 0.51 | 0.103 0.221 0.221 0.456
139 2 138 | 48 48 | 30 | 4 | 0.34 | 0.159 0.188 0.188 0.464
149 2 148 | 40 40 | 26 | 4 | 0.33 | 0.095 0.176 0.176 0.554
151 6 150 | 36 36 | 22 | 6 | 0.49 | 0.067 0.173 0.173 0.587
157 5 156 | 44 44 | 30 | 4 | 0.32 | 0.064 0.218 0.218 0.500
163 2 162 | 52 52 | 26 | 6 | 0.47 | 0.074 0.247 0.247 0.432
167 5 166 | 56 56 | 36 | 4 | 0.31 | 0.133 0.205 0.205 0.458
173 2 172 | 68 68 | 40 | 6 | 0.46 | 0.140 0.256 0.256 0.349
179 2 178 | 64 64 | 46 | 4 | 0.30 | 0.146 0.213 0.213 0.427
181 2 180 | 72 72 | 48 | 8 | 0.59 | 0.167 0.233 0.233 0.367
191 19 190 | 56 56 | 30 | 4 | 0.29 | 0.063 0.232 0.232 0.474
193 5 192 | 76 76 | 52 | 6 | 0.43 | 0.177 0.219 0.219 0.385
197 2 196 | 60 60 | 40 | 6 | 0.43 | 0.102 0.204 0.204 0.490
199 3 198 | 68 68 | 36 | 4 | 0.28 | 0.141 0.202 0.202 0.455
211 2 210 | 76 76 | 52 | 8 | 0.55 | 0.114 0.248 0.248 0.390
223 3 222 | 88 88 | 52 | 8 | 0.54 | 0.153 0.243 0.243 0.360
227 2 226 | 84 84 | 50 | 8 | 0.53 | 0.142 0.230 0.230 0.398
229 6 228 | 92 92 | 64 | 4 | 0.26 | 0.211 0.193 0.193 0.404
233 3 232 | 84 84 | 54 | 12 | 0.79 | 0.121 0.241 0.241 0.397
239 7 238 | 92 92 | 48 | 10 | 0.65 | 0.126 0.261 0.261 0.353
241 7 240 | 84 84 | 52 | 10 | 0.64 | 0.117 0.233 0.233 0.417
251 6 250 | 80 80 | 38 | 10 | 0.63 | 0.088 0.232 0.232 0.448
257 3 256 | 88 88 | 60 | 6 | 0.37 | 0.117 0.227 0.227 0.430
263 5 262 | 76 76 | 46 | 4 | 0.25 | 0.069 0.221 0.221 0.489
269 2 268 | 104 104 | 72 | 4 | 0.24 | 0.164 0.224 0.224 0.388
271 6 270 | 104 104 | 54 | 10 | 0.61 | 0.111 0.274 0.274 0.341
277 5 276 | 100 100 | 60 | 10 | 0.60 | 0.138 0.225 0.225 0.413
281 3 280 | 108 108 | 72 | 10 | 0.60 | 0.157 0.229 0.229 0.386
283 3 282 | 84 84 | 64 | 6 | 0.36 | 0.121 0.177 0.177 0.525
293 2 292 | 112 112 | 80 | 8 | 0.47 | 0.144 0.240 0.240 0.377
307 5 306 | 104 104 | 62 | 8 | 0.46 | 0.137 0.203 0.203 0.458
311 17 310 | 92 92 | 46 | 8 | 0.45 | 0.077 0.219 0.219 0.484
313 10 312 | 104 104 | 52 | 10 | 0.57 | 0.077 0.256 0.256 0.410
317 2 316 | 92 92 | 68 | 4 | 0.22 | 0.082 0.209 0.209 0.500
331 3 330 | 108 108 | 70 | 8 | 0.44 | 0.103 0.224 0.224 0.448
337 10 336 | 112 112 | 56 | 10 | 0.54 | 0.119 0.214 0.214 0.452
347 2 346 | 124 124 | 86 | 8 | 0.43 | 0.156 0.202 0.202 0.439
349 2 348 | 124 124 | 78 | 8 | 0.43 | 0.115 0.241 0.241 0.402
353 3 352 | 116 116 | 64 | 12 | 0.64 | 0.091 0.239 0.239 0.432
359 7 358 | 104 104 | 68 | 10 | 0.53 | 0.067 0.223 0.223 0.486
367 6 366 | 108 108 | 56 | 12 | 0.63 | 0.087 0.208 0.208 0.497
373 2 372 | 112 112 | 68 | 6 | 0.31 | 0.086 0.215 0.215 0.484
379 2 378 | 116 116 | 64 | 12 | 0.62 | 0.090 0.217 0.217 0.476
383 5 382 | 140 140 | 78 | 10 | 0.51 | 0.105 0.262 0.262 0.372
389 2 388 | 140 140 | 76 | 6 | 0.30 | 0.124 0.237 0.237 0.402
397 5 396 | 136 136 | 80 | 12 | 0.60 | 0.121 0.222 0.222 0.434
401 3 400 | 116 116 | 56 | 6 | 0.30 | 0.090 0.200 0.200 0.510
409 21 408 | 144 144 | 90 | 10 | 0.49 | 0.137 0.216 0.216 0.431
419 2 418 | 128 128 | 94 | 8 | 0.39 | 0.115 0.191 0.191 0.502
421 2 420 | 132 132 | 68 | 10 | 0.49 | 0.086 0.229 0.229 0.457
431 7 430 | 124 124 | 72 | 8 | 0.39 | 0.084 0.205 0.205 0.507
433 5 432 | 132 132 | 78 | 8 | 0.38 | 0.083 0.222 0.222 0.472
439 15 438 | 152 152 | 82 | 14 | 0.67 | 0.091 0.256 0.256 0.397
443 2 442 | 152 152 | 84 | 10 | 0.48 | 0.113 0.231 0.231 0.425
449 3 448 | 164 164 | 92 | 10 | 0.47 | 0.125 0.241 0.241 0.393
457 13 456 | 152 152 | 106 | 8 | 0.37 | 0.114 0.219 0.219 0.447
461 2 460 | 144 144 | 90 | 12 | 0.56 | 0.087 0.226 0.226 0.461
463 3 462 | 152 152 | 90 | 12 | 0.56 | 0.113 0.216 0.216 0.455
467 2 466 | 156 156 | 90 | 16 | 0.74 | 0.107 0.227 0.227 0.438
479 13 478 | 164 164 | 90 | 14 | 0.64 | 0.121 0.222 0.222 0.435
487 3 486 | 152 152 | 84 | 10 | 0.45 | 0.086 0.226 0.226 0.461
491 2 490 | 180 180 | 108 | 16 | 0.72 | 0.139 0.229 0.229 0.404
499 7 498 | 156 156 | 94 | 16 | 0.72 | 0.092 0.221 0.221 0.466
503 5 502 | 128 128 | 70 | 12 | 0.54 | 0.076 0.179 0.179 0.566
509 2 508 | 180 180 | 114 | 8 | 0.35 | 0.114 0.240 0.240 0.406
521 3 520 | 180 180 | 98 | 16 | 0.70 | 0.112 0.235 0.235 0.419
523 2 522 | 168 168 | 106 | 14 | 0.61 | 0.107 0.215 0.215 0.464
541 2 540 | 180 180 | 114 | 10 | 0.43 | 0.096 0.237 0.237 0.430
547 2 546 | 192 192 | 108 | 16 | 0.68 | 0.136 0.216 0.216 0.432
557 2 556 | 164 164 | 82 | 20 | 0.85 | 0.083 0.212 0.212 0.493
563 2 562 | 200 200 | 116 | 12 | 0.51 | 0.121 0.235 0.235 0.409
569 3 568 | 200 200 | 112 | 8 | 0.34 | 0.134 0.218 0.218 0.430
571 3 570 | 192 192 | 122 | 12 | 0.50 | 0.126 0.211 0.211 0.453
577 5 576 | 188 188 | 106 | 20 | 0.83 | 0.108 0.219 0.219 0.455
587 2 586 | 188 188 | 106 | 8 | 0.33 | 0.099 0.222 0.222 0.457
593 3 592 | 236 236 | 148 | 12 | 0.49 | 0.166 0.233 0.233 0.368
599 7 598 | 208 208 | 140 | 16 | 0.65 | 0.114 0.234 0.234 0.418
601 7 600 | 216 216 | 130 | 10 | 0.41 | 0.130 0.230 0.230 0.410
607 3 606 | 196 196 | 122 | 14 | 0.57 | 0.135 0.188 0.188 0.488
613 2 612 | 188 188 | 96 | 14 | 0.57 | 0.075 0.232 0.232 0.461
617 3 616 | 188 188 | 130 | 14 | 0.56 | 0.091 0.214 0.214 0.481
619 2 618 | 224 224 | 138 | 16 | 0.64 | 0.146 0.217 0.217 0.421
631 3 630 | 232 232 | 130 | 10 | 0.40 | 0.143 0.225 0.225 0.406
641 3 640 | 204 204 | 126 | 10 | 0.39 | 0.109 0.209 0.209 0.472
643 11 642 | 224 224 | 150 | 12 | 0.47 | 0.121 0.227 0.227 0.424
647 5 646 | 236 236 | 138 | 24 | 0.94 | 0.136 0.229 0.229 0.406
653 2 652 | 200 200 | 120 | 14 | 0.55 | 0.080 0.227 0.227 0.466
659 2 658 | 212 212 | 114 | 12 | 0.47 | 0.085 0.237 0.237 0.441
661 2 660 | 232 232 | 146 | 10 | 0.39 | 0.127 0.224 0.224 0.424
673 5 672 | 208 208 | 116 | 14 | 0.54 | 0.098 0.211 0.211 0.479
677 2 676 | 216 216 | 126 | 18 | 0.69 | 0.107 0.213 0.213 0.467
683 5 682 | 208 208 | 110 | 10 | 0.38 | 0.067 0.238 0.238 0.457
691 3 690 | 240 240 | 160 | 18 | 0.68 | 0.136 0.212 0.212 0.441
