# p=19 file=slack/witnesses/pair_p19_km1_s59.txt: |S|=59
# hyp a' b : copies(r,s)   [r=0 left half X in [-h,h], r=1 right half; s=0 lower rows Y<p, s=1 upper]
-1   -9  17 : [(0, 0)]
-1   -8  12 : [(1, 0), (1, 1)]
-1   -7  11 : [(0, 0), (0, 1)]
-1   -6  16 : [(1, 1)]
-1   -5   4 : [(0, 1)]
-1   -4   5 : [(1, 0)]
-1   -3  13 : [(0, 0), (0, 1)]
-1   -2  10 : [(1, 0), (1, 1)]
-1   -1   1 : [(0, 0), (0, 1)]
-1    1  18 : [(0, 0), (0, 1)]
-1    2   9 : [(1, 0), (1, 1)]
-1    3   6 : [(0, 0), (0, 1)]
-1    4  14 : [(1, 0), (1, 1)]
-1    5  15 : [(0, 1)]
-1    6   3 : [(1, 0), (1, 1)]
-1    7   8 : [(0, 0)]
-1    8   7 : [(1, 0), (1, 1)]
-1    9   2 : [(0, 0), (0, 1)]
+1   -9   2 : [(1, 0), (1, 1)]
+1   -8   7 : [(0, 0), (0, 1)]
+1   -7   8 : [(1, 0)]
+1   -6   3 : [(0, 0), (0, 1)]
+1   -5  15 : [(1, 1)]
+1   -4  14 : [(0, 0), (0, 1)]
+1   -3   6 : [(1, 0), (1, 1)]
+1   -2   9 : [(0, 0), (0, 1)]
+1   -1  18 : [(1, 0), (1, 1)]
+1    1   1 : [(1, 0), (1, 1)]
+1    2  10 : [(0, 0), (0, 1)]
+1    3  13 : [(1, 0)]
+1    5   4 : [(1, 1)]
+1    6  16 : [(0, 0), (0, 1)]
+1    7  11 : [(1, 0), (1, 1)]
+1    8  12 : [(0, 1)]
+1    9  17 : [(1, 0), (1, 1)]
# vertical pairs: left 12, right 12; left a' values: [-8, -7, -6, -4, -3, -2, -1, 1, 2, 3, 6, 9]; right a' values: [-9, -8, -3, -2, -1, 1, 2, 4, 6, 7, 8, 9]
# left b values: [1, 2, 3, 6, 7, 9, 10, 11, 13, 14, 16, 18]; right b values: [1, 2, 3, 6, 7, 9, 10, 11, 12, 14, 17, 18]

# p=19 file=slack/witnesses/pair_p19_km1_s59_mip.txt: |S|=59
# hyp a' b : copies(r,s)   [r=0 left half X in [-h,h], r=1 right half; s=0 lower rows Y<p, s=1 upper]
-1   -9  17 : [(1, 0), (1, 1)]
-1   -8  12 : [(0, 0), (0, 1)]
-1   -7  11 : [(1, 1)]
-1   -6  16 : [(0, 0), (0, 1)]
-1   -5   4 : [(1, 0)]
-1   -4   5 : [(0, 0), (0, 1)]
-1   -3  13 : [(1, 0), (1, 1)]
-1   -2  10 : [(0, 0), (0, 1)]
-1   -1   1 : [(1, 0), (1, 1)]
-1    1  18 : [(1, 0), (1, 1)]
-1    2   9 : [(0, 0), (0, 1)]
-1    3   6 : [(1, 0), (1, 1)]
-1    4  14 : [(0, 1)]
-1    5  15 : [(1, 0)]
-1    6   3 : [(0, 0)]
-1    7   8 : [(1, 0), (1, 1)]
-1    8   7 : [(0, 0)]
-1    9   2 : [(1, 1)]
+1   -9   2 : [(0, 0), (0, 1)]
+1   -8   7 : [(1, 0)]
+1   -7   8 : [(0, 0), (0, 1)]
+1   -6   3 : [(1, 0), (1, 1)]
+1   -5  15 : [(0, 0)]
+1   -4  14 : [(1, 1)]
+1   -3   6 : [(0, 1)]
+1   -2   9 : [(1, 0), (1, 1)]
+1   -1  18 : [(0, 0), (0, 1)]
+1    1   1 : [(0, 0), (0, 1)]
+1    2  10 : [(1, 0), (1, 1)]
+1    3  13 : [(0, 0), (0, 1)]
+1    4   5 : [(1, 0), (1, 1)]
+1    5   4 : [(0, 0)]
+1    6  16 : [(1, 0), (1, 1)]
+1    7  11 : [(0, 1)]
+1    8  12 : [(1, 0), (1, 1)]
+1    9  17 : [(0, 0), (0, 1)]
# vertical pairs: left 11, right 12; left a' values: [-9, -8, -7, -6, -4, -2, -1, 1, 2, 3, 9]; right a' values: [-9, -6, -3, -2, -1, 1, 2, 3, 4, 6, 7, 8]
# left b values: [1, 2, 5, 8, 9, 10, 12, 13, 16, 17, 18]; right b values: [1, 3, 5, 6, 8, 9, 10, 12, 13, 16, 17, 18]

# p=17 file=slack/witnesses/pair_p17_km1_s54.txt: |S|=54
# hyp a' b : copies(r,s)   [r=0 left half X in [-h,h], r=1 right half; s=0 lower rows Y<p, s=1 upper]
-1   -8  15 : [(0, 0), (1, 1)]
-1   -7   5 : [(0, 0), (1, 0)]
-1   -6   3 : [(1, 0)]
-1   -5   7 : [(0, 0)]
-1   -4  13 : [(1, 0)]
-1   -3   6 : [(1, 1)]
-1   -2   9 : [(0, 0), (1, 1)]
-1   -1   1 : [(1, 0)]
-1    2   8 : [(0, 0), (1, 0)]
-1    3  11 : [(0, 0)]
-1    5  10 : [(1, 1)]
-1    6  14 : [(1, 0)]
-1    7  12 : [(1, 1)]
-1    8   2 : [(1, 0), (1, 1)]
+1   -8   2 : [(0, 1), (1, 0)]
+1   -7  12 : [(0, 0)]
+1   -6  14 : [(0, 0), (0, 1), (1, 1)]
+1   -5  10 : [(1, 0), (1, 1)]
+1   -4   4 : [(0, 0), (0, 1)]
+1   -3  11 : [(0, 0), (0, 1), (1, 1)]
+1   -2   8 : [(0, 1), (1, 1)]
+1   -1  16 : [(0, 0), (0, 1), (1, 1)]
+1    1   1 : [(1, 0), (1, 1)]
+1    2   9 : [(0, 1), (1, 0)]
+1    3   6 : [(1, 0)]
+1    4  13 : [(0, 1), (1, 0), (1, 1)]
+1    5   7 : [(0, 0), (0, 1), (1, 1)]
+1    6   3 : [(0, 0), (1, 1)]
+1    7   5 : [(0, 1), (1, 1)]
+1    8  15 : [(0, 0), (0, 1)]
# vertical pairs: left 2, right 3; left a' values: [-4, 8]; right a' values: [-5, 1, 8]
# left b values: [4, 15]; right b values: [1, 2, 10]

# p=17 file=slack/witnesses/pair_p17_km1_s54_mip.txt: |S|=54
# hyp a' b : copies(r,s)   [r=0 left half X in [-h,h], r=1 right half; s=0 lower rows Y<p, s=1 upper]
-1   -8  15 : [(0, 0), (1, 1)]
-1   -7   5 : [(0, 0), (0, 1)]
-1   -6   3 : [(0, 0), (0, 1), (1, 0)]
-1   -5   7 : [(1, 0), (1, 1)]
-1   -4  13 : [(0, 0), (0, 1)]
-1   -3   6 : [(0, 0), (0, 1), (1, 0)]
-1   -2   9 : [(0, 0), (1, 0)]
-1   -1   1 : [(0, 0), (0, 1), (1, 0)]
-1    1  16 : [(1, 0), (1, 1)]
-1    2   8 : [(0, 0), (1, 1)]
-1    3  11 : [(1, 0), (1, 1)]
-1    4   4 : [(0, 0), (1, 0), (1, 1)]
-1    5  10 : [(0, 0), (0, 1)]
-1    6  14 : [(0, 1), (1, 0)]
-1    7  12 : [(1, 0)]
-1    8   2 : [(0, 0), (0, 1)]
+1   -8   2 : [(0, 1), (1, 0)]
+1   -7  12 : [(1, 1)]
+1   -6  14 : [(1, 1)]
+1   -5  10 : [(0, 0), (0, 1)]
+1   -3  11 : [(1, 0)]
+1   -2   8 : [(0, 1), (1, 0)]
+1   -1  16 : [(1, 1)]
+1    2   9 : [(0, 1), (1, 1)]
+1    3   6 : [(0, 1)]
+1    5   7 : [(1, 0), (1, 1)]
+1    6   3 : [(1, 1)]
+1    7   5 : [(1, 0)]
+1    8  15 : [(1, 0), (1, 1)]
# vertical pairs: left 5, right 5; left a' values: [-7, -5, -4, 5, 8]; right a' values: [-5, 1, 3, 5, 8]
# left b values: [2, 5, 10, 10, 13]; right b values: [7, 7, 11, 15, 16]

