# 2026-08-18T06:17:05Z restricted model R (slack/cpsat_max.py R p 2p 1,k), linux-12c, 2 concurrent runs x 6 workers
RESULT R p=17 ks=[1, 3] N=34 restricted(classes=32): status=OPTIMAL value=48 bound=48 time=354.0s ratio=1.412
WITNESS 0,2 0,23 1,19 1,29 2,25 3,10 3,27 4,12 4,21 5,11 5,16 6,8 7,31 7,33 9,1 9,18 10,26 11,6 11,23 12,13 13,4 13,7 14,9 16,28 16,32 17,2 19,25 20,30 21,12 21,21 22,11 22,16 23,8 24,31 24,33 26,3 27,26 28,1 28,18 29,13 29,22 30,4 30,7 31,9 31,20 32,15 32,22 33,32
RESULT R p=17 ks=[1, 2] N=34 restricted(classes=32): status=FEASIBLE value=51 bound=52 time=900.1s ratio=1.500
WITNESS 0,4 0,21 1,7 1,24 2,14 2,31 3,3 3,20 4,8 4,25 6,8 6,25 7,33 10,1 10,18 11,6 11,23 12,13 12,30 13,7 14,6 14,23 15,22 16,15 16,32 17,2 17,19 18,12 19,28 20,10 20,27 22,11 22,22 23,16 23,33 24,15 24,32 26,1 26,2 27,9 27,26 29,9 29,26 30,14 30,31 31,3 31,20 32,10 32,27 33,13 33,30
RESULT R p=17 ks=[1, 5] N=34 restricted(classes=32): status=OPTIMAL value=49 bound=49 time=213.2s ratio=1.441
WITNESS 0,2 1,12 1,29 2,14 2,19 3,10 3,27 4,4 4,21 5,11 5,28 6,8 6,25 7,33 9,1 9,18 10,9 10,26 11,6 12,31 13,1 14,3 15,8 15,25 16,32 17,2 17,27 18,9 18,26 19,14 19,19 22,4 23,6 24,29 24,33 26,5 26,22 27,28 28,13 29,13 29,30 30,7 30,24 31,3 31,15 32,5 32,22 33,24 33,32
RESULT R p=17 ks=[1, 4] N=34 restricted(classes=32): status=FEASIBLE value=49 bound=51 time=900.0s ratio=1.441
WITNESS 0,19 1,14 1,29 2,22 2,31 3,10 4,4 4,33 5,11 5,28 6,15 6,32 7,33 9,4 9,21 10,2 10,19 11,7 11,24 14,3 14,12 15,5 15,20 16,26 17,8 18,14 18,29 19,22 19,31 20,6 20,23 22,10 22,27 23,8 24,30 26,1 27,9 28,6 28,23 29,18 29,30 30,24 30,28 31,3 31,12 32,5 32,20 33,15 33,26
RESULT R p=17 ks=[1, 7] N=34 restricted(classes=32): status=OPTIMAL value=47 bound=47 time=387.9s ratio=1.382
WITNESS 0,14 1,12 2,30 3,10 3,27 4,4 4,21 5,9 5,26 6,5 6,22 7,10 7,27 10,29 11,25 12,13 13,7 13,32 14,3 14,20 15,1 16,3 17,2 17,19 18,12 18,33 19,14 19,30 20,2 21,28 22,11 22,28 23,8 24,16 26,18 26,24 27,29 28,23 28,25 29,6 29,13 30,7 31,4 31,21 32,22 33,15 33,32
RESULT R p=17 ks=[1, 8] N=34 restricted(classes=32): status=OPTIMAL value=48 bound=48 time=60.2s ratio=1.412
WITNESS 0,2 0,19 1,12 1,28 2,10 2,27 3,29 4,15 4,32 5,11 5,28 6,25 6,30 7,9 7,33 9,1 9,18 11,6 11,23 12,2 13,5 13,7 14,20 14,24 15,22 16,1 16,32 17,33 18,12 19,31 20,10 20,29 21,4 21,21 22,3 23,30 24,9 26,25 27,4 27,26 28,31 29,13 30,5 30,7 31,20 31,24 32,6 32,23
RESULT R p=17 ks=[1, 6] N=34 restricted(classes=32): status=FEASIBLE value=51 bound=52 time=900.1s ratio=1.500
WITNESS 0,12 0,29 1,4 1,21 2,16 2,31 3,10 3,26 4,7 5,28 6,14 6,25 7,33 9,1 10,9 10,20 11,2 11,6 12,30 13,8 13,24 14,3 15,5 16,15 16,32 17,19 18,29 19,16 19,31 21,4 21,21 22,28 22,32 23,14 23,25 24,33 26,1 26,23 27,9 27,20 28,2 28,6 29,27 30,8 30,24 31,3 31,18 32,13 32,30 33,5 33,22
RESULT R p=17 ks=[1, 9] N=34 restricted(classes=32): status=FEASIBLE value=50 bound=52 time=900.1s ratio=1.471
WITNESS 0,2 0,19 1,12 1,29 2,7 3,10 3,27 4,2 4,21 5,11 6,4 6,25 7,8 7,25 10,13 10,26 11,3 12,30 13,24 14,3 14,20 15,28 16,16 16,33 17,1 18,6 18,23 19,7 19,31 20,5 20,22 22,14 22,31 23,4 24,33 26,1 26,26 27,13 28,6 28,23 29,30 29,32 30,24 30,29 31,10 31,27 32,22 32,28 33,15 33,32
RESULT R p=17 ks=[1, 11] N=34 restricted(classes=32): status=OPTIMAL value=50 bound=50 time=98.7s ratio=1.471
WITNESS 0,5 0,22 1,12 1,13 2,14 2,31 3,8 3,25 4,10 4,27 5,19 5,28 7,6 7,23 9,11 11,15 12,7 12,30 13,24 13,26 14,33 15,4 16,29 16,32 17,19 18,12 18,13 19,1 20,27 21,4 21,21 22,28 23,3 23,20 24,33 26,1 27,14 27,31 28,6 28,15 29,7 29,30 30,24 30,26 31,3 31,20 32,5 32,22 33,29 33,32
RESULT R p=17 ks=[1, 10] N=34 restricted(classes=32): status=FEASIBLE value=47 bound=48 time=900.0s ratio=1.382
WITNESS 0,3 0,19 1,1 1,12 2,14 3,10 3,32 4,4 4,21 5,28 6,8 6,29 7,16 9,18 10,5 10,26 11,6 13,2 13,24 14,30 15,22 15,33 17,19 18,1 19,4 20,10 20,32 22,25 22,28 23,8 23,29 24,7 24,16 26,18 27,5 27,26 28,6 29,13 29,30 30,2 30,24 31,3 31,20 32,22 32,33 33,15 33,31
RESULT R p=17 ks=[1, 12] N=34 restricted(classes=32): status=FEASIBLE value=50 bound=51 time=900.0s ratio=1.471
WITNESS 0,24 1,8 1,29 2,32 3,18 4,14 4,21 5,30 6,25 6,28 7,22 7,33 9,1 9,12 10,6 10,9 11,4 12,13 12,20 13,16 14,2 15,5 15,26 16,10 16,15 17,19 17,24 18,8 18,29 19,31 19,32 20,18 21,14 21,21 22,30 23,28 24,22 24,33 26,12 27,6 27,9 28,4 29,20 30,7 30,16 31,2 32,5 32,26 33,10 33,15
RESULT R p=17 ks=[1, 14] N=34 restricted(classes=32): status=OPTIMAL value=51 bound=51 time=108.9s ratio=1.500
WITNESS 0,2 0,28 1,29 1,32 2,9 2,26 3,4 4,21 4,22 5,1 5,11 6,8 7,3 7,33 9,18 10,24 11,6 11,16 12,30 13,7 14,3 14,25 15,5 15,19 16,15 17,2 17,28 18,32 19,31 20,4 20,27 21,21 21,22 22,1 22,11 23,8 24,33 26,18 26,31 27,9 27,26 28,16 29,12 29,29 30,7 30,13 31,25 32,5 32,19 33,15 33,23
RESULT R p=17 ks=[1, 15] N=34 restricted(classes=32): status=OPTIMAL value=47 bound=47 time=60.6s ratio=1.382
WITNESS 0,2 0,13 1,10 1,27 2,14 2,31 3,10 3,14 4,4 5,29 6,8 6,25 7,19 9,15 9,32 10,26 12,13 12,30 13,3 13,20 14,3 15,5 16,15 16,32 17,2 18,12 18,29 19,6 19,23 21,9 21,26 22,28 23,1 23,18 24,33 26,1 26,18 27,16 28,6 28,23 29,8 30,7 30,24 31,28 32,7 32,24 33,21
RESULT R p=17 ks=[1, 13] N=34 restricted(classes=32): status=FEASIBLE value=49 bound=50 time=900.0s ratio=1.441
WITNESS 0,2 1,3 1,12 2,14 2,29 3,11 4,1 4,4 5,24 5,28 6,19 7,16 7,21 9,13 11,6 12,30 12,33 13,23 13,24 14,5 14,20 15,22 15,31 16,25 16,32 17,2 18,3 18,12 19,14 19,29 20,10 20,11 21,1 21,4 22,28 24,21 26,13 26,18 27,15 28,6 29,30 29,33 30,23 31,5 31,20 32,22 32,31 33,25 33,32
RESULT R p=17 ks=[1, 16] N=34 restricted(classes=32): status=OPTIMAL value=52 bound=52 time=138.9s ratio=1.529
WITNESS 0,2 0,15 1,22 1,29 2,3 2,20 3,10 4,21 4,30 5,6 5,11 6,9 6,26 7,1 7,18 9,1 10,26 11,28 12,4 13,10 13,27 14,20 15,5 15,12 16,19 16,32 17,2 17,15 18,22 18,29 19,14 20,7 20,24 21,30 22,6 23,8 24,33 26,16 26,33 27,8 27,25 28,23 28,28 29,4 29,13 30,24 31,14 31,31 32,5 32,12 33,19 33,32
RESULT R p=19 ks=[1, 3] N=38 restricted(classes=36): status=OPTIMAL value=56 bound=56 time=70.3s ratio=1.474
WITNESS 0,21 0,25 1,2 1,7 2,5 2,24 3,28 4,26 5,23 6,6 6,25 7,9 8,37 10,3 10,22 11,29 11,30 12,1 12,32 13,5 13,24 14,4 14,12 15,35 16,11 16,30 17,31 20,2 20,7 21,8 21,27 22,3 23,26 23,34 24,14 24,33 25,18 25,37 26,8 26,9 27,16 27,35 29,1 31,32 32,15 32,34 33,4 33,12 34,10 34,29 35,14 35,33 36,17 36,36 37,13 37,17
RESULT R p=19 ks=[1, 2] N=38 restricted(classes=36): status=FEASIBLE value=55 bound=57 time=900.0s ratio=1.447
WITNESS 0,4 0,21 1,14 1,26 2,27 3,6 3,25 5,9 5,33 7,28 8,18 8,37 10,2 10,20 11,1 11,10 12,32 13,10 13,24 14,8 15,13 15,35 16,3 16,30 17,5 18,17 19,4 19,21 20,14 20,26 21,27 22,3 22,22 23,11 23,34 24,33 25,12 25,25 26,28 27,36 29,2 29,20 30,1 31,7 31,32 32,24 33,8 33,23 34,13 34,35 35,30 36,5 36,31 37,15 37,17
RESULT R p=19 ks=[1, 4] N=38 restricted(classes=36): status=FEASIBLE value=56 bound=58 time=900.0s ratio=1.474
WITNESS 0,8 0,27 1,7 1,28 2,8 2,27 3,3 3,31 4,15 4,22 5,18 5,33 7,9 7,36 8,34 8,37 10,1 10,4 11,2 11,29 12,14 12,33 13,20 14,23 15,35 16,6 16,25 17,10 20,28 21,13 21,32 22,3 23,15 24,18 25,5 25,24 26,9 26,36 27,34 27,37 29,1 29,4 30,2 30,29 32,5 32,20 33,16 33,23 34,7 34,35 35,11 35,30 36,10 36,31 37,11 37,30
RESULT R p=19 ks=[1, 5] N=38 restricted(classes=36): status=FEASIBLE value=54 bound=55 time=900.0s ratio=1.421
WITNESS 0,29 1,16 1,35 2,27 3,15 3,22 4,37 5,13 6,6 6,30 7,7 7,28 8,18 8,33 10,5 10,20 11,10 12,8 12,32 13,24 14,1 14,23 16,11 17,3 17,31 18,36 19,2 19,21 20,7 21,2 21,27 23,15 23,34 24,14 25,6 26,28 27,18 27,33 29,5 29,20 30,10 30,31 31,8 32,24 32,25 33,1 33,23 34,16 34,35 35,11 35,17 36,3 37,9 37,36
RESULT R p=19 ks=[1, 6] N=38 restricted(classes=36): status=FEASIBLE value=56 bound=57 time=900.0s ratio=1.474
WITNESS 0,12 1,7 2,27 3,3 3,22 4,14 4,33 5,8 5,33 6,6 6,25 7,35 8,18 8,37 10,6 10,25 11,10 12,2 14,4 14,23 15,1 15,20 16,9 16,11 17,31 18,26 18,36 19,2 19,12 20,7 20,23 21,27 21,29 22,18 22,37 23,34 24,8 25,36 26,28 27,13 27,32 29,1 29,20 30,3 31,13 31,32 32,24 32,30 33,5 33,24 34,16 34,35 35,11 36,31 36,34 37,26
RESULT R p=19 ks=[1, 8] N=38 restricted(classes=36): status=OPTIMAL value=56 bound=56 time=31.5s ratio=1.474
WITNESS 0,35 1,7 1,26 2,7 2,26 3,5 3,24 4,15 4,25 5,33 5,36 6,6 6,29 7,9 8,18 8,37 10,27 11,4 12,9 12,13 13,5 14,32 15,16 15,35 16,30 17,1 17,20 18,36 19,2 20,18 20,37 21,8 22,3 22,22 25,6 25,29 26,15 26,34 27,30 29,1 29,20 30,4 30,10 31,13 32,2 32,21 33,23 33,32 34,14 34,33 35,12 35,31 36,12 36,31 37,3 37,22
RESULT R p=19 ks=[1, 7] N=38 restricted(classes=36): status=FEASIBLE value=55 bound=57 time=900.0s ratio=1.447
WITNESS 0,14 0,33 1,7 2,18 2,27 3,3 3,22 4,29 5,22 5,33 6,4 6,6 7,25 8,31 8,37 10,7 10,26 11,32 12,34 13,5 13,16 14,23 14,28 15,35 15,36 16,1 16,20 17,8 18,24 19,2 19,21 20,11 20,30 22,2 23,15 25,6 26,9 26,25 27,31 27,37 29,1 31,32 31,34 32,5 32,16 33,23 33,28 34,35 34,36 35,11 35,30 36,8 36,12 37,17 37,24
RESULT R p=19 ks=[1, 9] N=38 restricted(classes=36): status=OPTIMAL value=56 bound=56 time=710.0s ratio=1.474
WITNESS 0,18 0,37 1,7 1,26 2,8 2,27 3,8 3,27 4,2 4,21 5,14 6,35 7,5 7,28 8,18 8,37 10,9 11,10 12,3 12,32 13,7 13,26 14,4 14,23 15,16 16,4 16,23 18,36 19,2 21,15 21,34 22,22 23,15 23,34 24,12 24,31 25,6 25,35 26,28 27,29 29,1 29,20 30,10 30,33 31,3 32,24 33,17 33,36 34,11 34,30 35,11 35,30 36,12 36,31 37,1 37,20
RESULT R p=19 ks=[1, 10] N=38 restricted(classes=36): status=FEASIBLE value=55 bound=56 time=900.0s ratio=1.447
WITNESS 0,2 0,21 1,13 1,26 2,27 3,11 3,22 4,34 5,7 5,14 6,3 6,6 7,28 7,33 8,9 10,1 10,20 11,29 12,16 12,35 14,2 14,21 15,8 15,35 17,25 17,31 18,37 19,1 19,20 20,26 21,4 21,27 22,11 22,22 23,36 24,7 24,14 25,3 25,6 26,33 27,18 27,37 29,10 30,24 31,13 32,5 32,24 33,4 34,8 35,15 35,30 36,25 36,31 37,17 37,36
RESULT R p=19 ks=[1, 11] N=38 restricted(classes=36): status=FEASIBLE value=54 bound=58 time=900.1s ratio=1.421
WITNESS 0,21 0,22 1,7 1,20 2,12 2,31 3,14 4,32 4,34 5,2 5,33 6,25 6,28 7,4 7,9 8,8 8,37 10,1 11,15 13,5 13,36 15,24 15,35 16,11 16,26 17,31 18,16 18,17 19,21 19,22 20,7 20,20 21,27 22,3 24,2 24,33 25,28 26,4 27,8 29,1 30,29 31,10 31,13 32,5 32,36 33,6 33,23 34,24 34,35 35,26 36,18 36,37 37,16 37,17
RESULT R p=19 ks=[1, 12] N=38 restricted(classes=36): status=FEASIBLE value=55 bound=56 time=900.0s ratio=1.447
WITNESS 0,21 0,24 1,7 1,27 2,27 3,3 3,22 4,15 4,34 5,33 6,15 6,34 7,13 8,18 8,26 10,1 10,20 11,25 11,29 12,4 13,3 14,29 15,2 16,37 17,11 17,30 18,14 18,17 20,7 21,1 21,20 22,36 24,33 24,35 25,6 25,25 26,9 26,28 27,18 29,12 29,31 31,13 31,32 32,5 32,24 33,4 33,23 34,16 34,35 35,11 35,30 36,12 36,31 37,14 37,17
RESULT R p=19 ks=[1, 13] N=38 restricted(classes=36): status=FEASIBLE value=56 bound=57 time=900.0s ratio=1.474
WITNESS 0,2 0,7 1,34 2,8 2,28 3,3 3,20 4,15 5,11 5,14 6,21 7,22 8,25 8,37 10,1 10,13 11,16 12,32 13,27 14,23 14,33 15,18 15,35 16,10 18,31 18,36 19,2 19,7 20,34 21,8 21,28 22,3 22,20 23,15 24,11 25,6 25,21 26,22 27,25 27,37 29,1 29,13 30,16 31,32 32,5 32,27 33,23 33,33 34,18 34,35 35,10 35,30 36,4 36,12 37,31 37,36
RESULT R p=19 ks=[1, 14] N=38 restricted(classes=36): status=OPTIMAL value=55 bound=55 time=56.4s ratio=1.447
WITNESS 0,9 1,3 1,7 2,8 2,27 3,22 3,23 4,20 4,34 5,6 5,14 6,27 7,28 8,24 8,37 10,1 10,33 11,10 12,13 12,30 13,5 13,32 14,4 14,18 16,11 17,31 18,29 18,36 19,2 19,21 20,3 20,7 21,36 23,20 23,34 24,14 25,25 27,24 29,1 29,33 30,10 30,26 31,13 31,30 32,5 32,32 33,4 33,18 34,15 34,16 35,11 35,21 36,16 36,31 37,29
RESULT R p=19 ks=[1, 16] N=38 restricted(classes=36): status=OPTIMAL value=56 bound=56 time=14.2s ratio=1.474
WITNESS 0,2 0,13 1,26 1,36 2,27 2,33 3,3 3,10 4,15 5,14 5,34 6,6 6,20 7,9 7,11 8,22 8,37 10,1 10,16 11,29 13,4 13,24 14,7 15,28 15,35 16,5 17,12 18,25 19,13 20,26 21,33 22,3 22,10 23,31 24,14 24,34 26,9 27,22 27,37 29,1 29,16 30,27 30,29 31,18 31,32 32,4 32,24 33,23 34,28 34,35 35,5 35,11 36,2 36,12 37,25 37,36
RESULT R p=19 ks=[1, 15] N=38 restricted(classes=36): status=FEASIBLE value=55 bound=59 time=900.0s ratio=1.447
WITNESS 0,11 1,26 1,29 2,8 2,25 3,3 3,7 4,15 4,34 5,1 5,33 6,6 6,14 7,21 7,28 8,18 8,37 10,15 10,34 12,5 12,24 13,18 14,3 17,9 18,36 19,2 19,21 20,26 20,29 21,8 21,25 22,7 23,35 24,33 26,28 27,4 27,23 29,1 29,20 30,10 30,17 31,13 31,32 32,5 32,24 33,4 33,23 34,16 34,35 35,13 35,30 36,12 36,31 37,27 37,36
RESULT R p=19 ks=[1, 18] N=38 restricted(classes=36): status=OPTIMAL value=59 bound=59 time=0.9s ratio=1.553
WITNESS 0,17 0,36 1,7 1,26 2,11 2,30 3,3 3,22 4,23 5,14 5,33 6,13 7,9 7,28 8,1 8,20 10,18 10,37 11,10 11,29 12,6 12,25 13,5 14,34 15,16 15,35 16,8 17,12 17,31 18,2 18,21 19,2 19,21 20,31 22,16 22,35 23,34 24,5 25,6 25,25 26,10 26,29 27,18 27,37 29,1 29,20 30,9 30,28 31,13 32,14 32,33 33,4 33,23 34,22 35,11 35,30 36,7 36,26 37,17
RESULT R p=19 ks=[1, 17] N=38 restricted(classes=36): status=FEASIBLE value=55 bound=57 time=900.0s ratio=1.447
WITNESS 0,15 0,21 1,5 2,3 2,8 3,32 4,8 4,34 5,14 6,25 6,26 7,9 7,20 8,2 10,1 10,36 11,18 11,29 12,13 13,24 13,28 14,4 14,30 15,6 16,35 17,33 18,17 18,23 19,15 20,5 20,26 21,3 22,32 23,34 24,10 24,14 25,25 27,2 27,37 29,1 29,36 30,18 30,29 31,12 31,13 32,24 32,28 33,4 33,30 34,6 35,35 36,12 36,33 37,17 37,23
RESULT R p=23 ks=[1, 2] N=46 restricted(classes=44): status=FEASIBLE value=65 bound=72 time=900.0s ratio=1.413
WITNESS 0,4 0,27 1,39 2,5 3,17 3,20 4,3 4,13 5,19 6,9 6,32 7,17 7,40 8,30 9,22 9,45 10,45 12,2 12,25 14,16 14,39 15,12 16,5 16,28 19,26 20,13 20,36 21,7 21,37 22,42 22,44 23,2 24,9 24,32 25,10 25,33 27,3 28,15 28,38 29,18 29,41 30,34 31,30 31,38 32,11 33,21 33,44 35,1 36,1 36,24 37,8 37,31 38,6 38,12 39,14 40,27 40,31 41,33 41,43 42,26 43,18 43,41 44,7 44,37 45,42
RESULT R p=23 ks=[1, 3] N=46 restricted(classes=44): status=FEASIBLE value=66 bound=70 time=900.0s ratio=1.435
WITNESS 1,2 1,25 2,28 2,38 3,20 4,13 4,39 5,19 5,42 6,32 7,5 7,40 8,15 8,22 9,10 9,11 10,43 10,45 12,1 12,3 13,35 13,36 14,8 14,31 15,6 16,37 17,4 17,12 18,7 18,33 19,9 19,26 20,41 21,7 22,17 22,44 23,2 23,29 24,39 25,38 26,14 26,20 28,34 30,5 30,40 32,10 32,11 33,43 33,45 35,1 35,3 36,35 36,36 37,24 38,18 38,41 39,37 39,42 40,4 40,12 42,26 43,8 43,31 44,21 45,17 45,44
RESULT R p=23 ks=[1, 4] N=46 restricted(classes=44): status=FEASIBLE value=65 bound=71 time=900.0s ratio=1.413
WITNESS 0,8 0,31 1,39 1,41 2,5 2,20 3,34 3,43 4,29 4,36 5,19 5,30 6,13 6,36 7,22 8,15 9,11 10,42 10,45 14,9 14,32 15,29 16,14 16,37 17,4 17,39 19,3 20,18 21,7 22,38 22,44 23,2 23,25 24,41 25,5 25,20 26,34 26,43 28,19 29,9 29,32 30,17 30,40 32,11 32,44 33,42 33,45 35,1 35,4 36,25 36,35 37,8 37,31 38,1 38,24 39,10 39,33 41,10 41,40 42,12 42,35 43,26 44,7 44,28 45,38
RESULT R p=23 ks=[1, 5] N=46 restricted(classes=44): status=FEASIBLE value=66 bound=68 time=900.0s ratio=1.435
WITNESS 0,2 1,16 1,39 2,25 3,20 3,31 4,13 4,42 5,3 6,9 6,32 7,16 7,40 8,6 8,29 9,11 9,34 10,18 10,41 13,14 13,37 14,8 14,17 15,6 15,7 16,37 17,4 17,43 18,10 19,26 19,38 20,21 22,36 22,44 23,2 24,11 24,34 25,5 25,25 26,20 26,31 28,3 28,42 29,45 32,9 32,32 33,22 33,45 35,1 35,28 36,12 36,35 37,17 38,7 39,1 40,4 41,10 41,27 42,26 42,38 43,18 43,21 44,12 44,30 45,36 45,44
RESULT R p=23 ks=[1, 6] N=46 restricted(classes=44): status=FEASIBLE value=65 bound=70 time=900.0s ratio=1.413
WITNESS 0,35 1,4 1,16 2,7 2,28 3,5 3,28 4,32 5,42 5,45 6,9 6,32 8,38 9,34 9,43 10,40 12,1 12,24 13,12 15,13 15,36 17,1 17,24 18,10 19,18 20,39 20,41 21,30 22,11 22,44 23,2 23,35 24,16 25,7 26,20 26,43 27,36 28,42 28,45 29,8 30,10 30,40 31,38 32,34 35,6 35,29 36,3 36,12 37,8 37,25 38,6 38,29 39,14 39,15 40,4 40,27 41,14 41,37 42,3 42,26 43,39 43,41 44,19 44,30 45,11
RESULT R p=23 ks=[1, 7] N=46 restricted(classes=44): status=FEASIBLE value=65 bound=68 time=900.0s ratio=1.413
WITNESS 0,25 0,37 1,16 1,43 2,5 2,12 3,2 3,20 4,45 5,18 5,41 6,32 7,4 7,27 8,13 8,36 9,34 10,22 12,24 12,30 13,35 14,8 15,19 16,6 16,14 17,4 18,1 18,33 19,26 20,41 21,3 22,9 22,44 23,25 23,37 24,43 25,5 26,2 26,20 27,13 27,45 28,42 29,32 29,40 31,38 32,8 33,16 33,22 35,24 35,30 36,35 36,38 37,10 37,33 38,19 39,6 39,14 40,28 42,21 42,26 43,11 43,34 44,3 44,7 45,9
RESULT R p=23 ks=[1, 9] N=46 restricted(classes=44): status=OPTIMAL value=68 bound=68 time=108.7s ratio=1.478
WITNESS 0,2 0,41 1,6 1,29 2,22 2,28 3,20 3,43 4,25 5,10 5,33 6,9 6,32 7,15 7,17 8,20 8,43 9,11 9,34 10,45 12,9 13,16 14,8 14,31 16,11 16,34 17,4 17,27 18,10 18,33 19,4 19,27 20,24 22,5 22,44 23,2 23,41 24,39 25,22 26,19 26,42 27,13 27,36 28,19 28,42 29,12 29,35 31,38 32,30 33,37 35,1 36,12 36,35 37,3 38,29 38,31 39,14 39,37 40,13 40,36 41,21 42,26 43,18 43,24 44,17 44,40 45,5 45,44
RESULT R p=23 ks=[1, 8] N=46 restricted(classes=44): status=FEASIBLE value=66 bound=73 time=900.0s ratio=1.435
WITNESS 0,2 0,25 1,36 1,39 2,5 2,40 3,20 3,22 4,13 5,19 5,42 6,3 6,26 7,17 7,40 8,28 9,19 9,42 10,45 13,35 14,8 14,41 15,2 15,6 16,14 17,9 17,32 18,11 18,34 19,1 19,24 20,18 22,30 22,44 23,16 23,39 24,36 25,5 26,22 27,12 27,35 28,37 29,32 30,44 31,28 31,38 32,11 33,38 33,45 35,1 36,4 36,27 37,8 37,41 39,20 39,43 40,4 40,27 41,10 41,33 42,3 42,26 43,6 44,10 44,33 45,30
RESULT R p=23 ks=[1, 10] N=46 restricted(classes=44): status=FEASIBLE value=65 bound=69 time=900.0s ratio=1.413
WITNESS 1,16 2,4 2,28 3,43 4,13 4,38 5,19 5,29 6,9 6,44 7,32 7,40 8,15 9,11 9,41 10,36 10,45 12,1 13,5 14,11 14,34 16,37 17,17 17,27 18,8 18,33 19,3 19,30 20,18 20,42 22,26 23,2 23,20 25,4 25,28 26,16 26,43 27,13 27,38 28,19 28,29 29,9 30,40 31,12 31,35 32,41 33,45 35,1 35,10 36,5 36,35 37,31 38,6 38,14 39,2 39,37 40,17 40,27 41,8 41,33 42,3 43,42 44,30 45,21 45,26
RESULT R p=23 ks=[1, 11] N=46 restricted(classes=44): status=FEASIBLE value=67 bound=73 time=900.0s ratio=1.457
WITNESS 0,25 1,16 1,39 2,5 2,32 3,36 3,43 4,5 4,36 5,2 5,42 6,7 6,30 7,3 7,40 8,27 8,38 9,6 9,29 10,12 10,35 12,11 13,17 14,19 14,42 15,20 15,43 16,16 17,4 18,10 19,3 19,33 20,41 21,7 21,30 22,21 22,44 23,45 24,15 24,38 28,2 29,9 29,32 30,40 32,11 32,34 33,22 33,45 35,1 35,24 36,12 36,17 37,8 37,31 38,6 38,29 39,14 39,37 40,4 40,44 41,10 41,18 43,37 43,41 44,8 44,31 45,24
RESULT R p=23 ks=[1, 12] N=46 restricted(classes=44): status=FEASIBLE value=66 bound=72 time=900.7s ratio=1.435
WITNESS 0,25 1,8 1,31 2,14 3,33 4,18 4,41 5,19 5,44 6,9 6,39 7,20 8,15 8,42 9,17 9,40 12,1 12,35 13,12 13,35 14,4 15,6 15,26 16,37 17,2 17,27 18,33 19,3 20,41 21,7 21,30 22,21 22,45 23,1 23,25 24,16 24,39 25,5 25,28 26,43 27,13 27,36 28,19 28,44 29,9 30,20 30,40 32,11 32,34 33,11 33,45 36,29 37,4 37,31 38,26 39,7 39,37 40,2 40,27 41,5 41,28 42,13 43,32 44,15 44,38 45,21
RESULT R p=23 ks=[1, 13] N=46 restricted(classes=44): status=FEASIBLE value=64 bound=69 time=900.0s ratio=1.391
WITNESS 0,25 0,26 1,16 1,39 2,5 2,42 3,7 3,30 4,8 4,31 5,17 5,19 6,2 7,14 7,37 8,15 8,34 9,34 10,10 13,18 13,41 14,12 14,35 16,21 16,44 17,4 17,6 18,33 18,38 20,4 21,22 21,45 24,1 24,24 25,42 26,43 27,13 27,36 29,2 29,32 30,17 30,40 31,15 32,5 32,28 33,45 35,13 35,36 36,35 37,8 37,31 38,9 38,32 40,6 41,33 41,38 42,16 42,39 43,18 43,41 44,7 44,30 45,20 45,21
RESULT R p=23 ks=[1, 14] N=46 restricted(classes=44): status=FEASIBLE value=66 bound=71 time=900.0s ratio=1.435
WITNESS 0,2 1,16 1,40 2,5 2,24 3,20 3,43 4,13 4,44 5,19 5,36 6,9 6,32 7,8 7,17 8,3 8,26 9,11 12,1 13,12 13,35 14,20 14,43 16,37 17,4 17,27 18,10 18,33 19,42 20,41 21,7 22,21 24,16 24,40 25,5 26,4 26,27 27,13 27,44 28,19 28,36 29,34 30,17 31,38 32,39 33,22 33,45 35,1 35,14 37,8 38,6 38,29 39,12 39,35 40,10 40,33 41,2 41,25 42,26 42,42 43,22 43,41 44,6 44,29 45,18 45,21
RESULT R p=23 ks=[1, 15] N=46 restricted(classes=44): status=FEASIBLE value=66 bound=73 time=900.0s ratio=1.435
WITNESS 0,25 0,30 1,10 2,5 2,28 3,20 3,24 4,13 4,34 5,9 5,32 6,9 6,32 7,2 7,17 8,41 9,11 10,31 12,1 12,24 13,35 13,42 14,8 14,31 15,29 15,44 17,4 17,27 18,33 19,26 20,40 21,36 22,21 23,25 24,10 25,6 26,20 27,13 28,19 28,42 30,2 30,17 31,15 31,38 32,4 32,11 33,22 33,45 35,15 36,35 37,5 38,29 38,44 39,14 39,37 40,14 40,37 41,12 41,33 42,22 42,26 43,18 43,41 44,36 45,16 45,21
RESULT R p=23 ks=[1, 16] N=46 restricted(classes=44): status=FEASIBLE value=66 bound=69 time=900.3s ratio=1.435
WITNESS 0,25 0,32 2,5 2,34 3,43 3,44 4,13 5,19 5,28 6,6 6,9 7,17 7,42 8,10 8,15 9,11 10,45 12,1 13,8 13,35 14,31 14,36 15,4 15,29 16,37 16,40 17,18 18,22 18,33 19,2 19,3 20,12 20,41 25,5 25,34 26,43 26,44 27,13 27,24 28,28 29,6 29,9 30,17 31,10 31,15 32,11 32,38 33,45 35,1 36,35 37,31 37,36 38,4 38,29 39,37 39,40 40,18 41,22 41,33 42,2 42,3 43,12 43,41 44,30 45,14 45,21
RESULT R p=23 ks=[1, 17] N=46 restricted(classes=44): status=FEASIBLE value=67 bound=71 time=900.0s ratio=1.457
WITNESS 0,25 1,16 1,39 2,5 2,28 3,18 3,43 4,13 4,14 5,1 5,42 6,32 7,13 7,40 8,2 8,38 9,11 10,6 10,29 12,17 12,40 13,20 14,31 14,44 15,33 16,8 16,37 17,22 17,45 18,9 20,7 20,30 21,4 21,27 22,12 22,21 23,11 23,34 24,19 24,42 25,39 26,43 27,14 29,38 31,2 32,3 33,22 33,45 35,1 35,24 36,35 37,31 37,44 38,6 38,29 39,37 40,4 41,9 41,33 42,3 42,28 43,18 43,41 44,7 44,30 45,12 45,21
RESULT R p=23 ks=[1, 18] N=46 restricted(classes=44): status=FEASIBLE value=67 bound=72 time=900.0s ratio=1.457
WITNESS 0,25 1,16 2,5 2,28 3,38 3,43 4,13 4,36 5,19 5,20 6,1 6,9 7,17 7,40 8,15 9,11 9,34 10,5 10,28 12,24 13,35 16,37 16,45 17,27 18,42 19,3 19,8 20,2 21,11 21,34 22,10 23,25 23,36 24,12 24,16 25,21 25,44 26,38 26,43 27,4 28,19 29,1 30,7 30,30 31,40 33,22 35,18 35,41 36,9 36,35 37,6 37,31 38,6 38,29 39,37 39,45 40,26 40,27 41,10 41,33 42,3 42,8 43,18 43,41 44,30 45,21 45,44
RESULT R p=23 ks=[1, 19] N=46 restricted(classes=44): status=FEASIBLE value=66 bound=69 time=900.0s ratio=1.435
WITNESS 0,15 1,16 1,39 2,3 2,26 3,20 3,43 5,42 6,10 7,17 8,9 9,11 9,34 10,4 10,27 12,19 12,42 13,12 13,35 14,14 14,37 15,6 15,29 16,13 16,36 17,4 18,6 19,3 20,18 20,43 23,2 23,25 24,5 24,28 25,28 27,13 27,36 28,16 28,39 29,9 29,32 30,1 31,15 32,2 32,25 33,22 33,45 35,1 35,24 36,21 36,44 37,8 37,31 38,45 39,14 39,37 40,7 40,30 41,10 41,33 42,34 43,18 44,30 44,41 45,21 45,44
RESULT R p=23 ks=[1, 20] N=46 restricted(classes=44): status=FEASIBLE value=67 bound=69 time=900.0s ratio=1.457
WITNESS 0,2 0,25 1,16 2,5 2,8 3,20 4,13 5,35 5,42 6,19 6,32 7,40 7,41 9,11 9,36 10,26 12,1 12,24 15,6 15,28 16,4 16,27 17,11 18,10 18,39 19,3 19,37 20,38 21,2 21,25 22,29 22,44 23,40 25,5 25,8 26,9 26,32 27,7 27,30 28,35 28,42 29,19 30,41 31,1 31,24 32,36 33,26 33,45 35,20 35,43 36,10 36,33 37,22 37,45 38,6 38,28 39,14 40,27 41,39 42,3 42,37 43,18 43,38 44,7 44,30 45,29 45,44
RESULT R p=23 ks=[1, 21] N=46 restricted(classes=44): status=FEASIBLE value=66 bound=68 time=900.0s ratio=1.435
WITNESS 0,19 0,42 1,14 1,16 2,28 2,36 3,20 3,29 4,13 4,43 5,8 6,5 6,9 7,35 8,15 8,16 10,2 10,22 12,44 13,35 13,45 14,30 14,31 16,37 16,41 17,4 17,38 18,3 18,33 19,26 20,10 21,7 21,32 22,44 23,25 24,14 25,36 27,13 27,43 28,8 28,19 29,5 30,40 31,15 32,1 32,11 33,2 33,22 35,24 36,45 37,30 37,31 38,11 38,29 39,37 39,41 40,38 41,3 41,33 42,17 42,26 43,18 44,7 44,32 45,4 45,27
RESULT R p=23 ks=[1, 22] N=46 restricted(classes=44): status=FEASIBLE value=68 bound=70 time=900.0s ratio=1.478
WITNESS 0,2 0,21 1,30 2,5 2,28 3,3 3,20 4,33 5,19 5,42 6,14 6,37 7,29 7,40 8,15 8,38 9,11 9,34 10,1 12,1 12,24 14,15 14,38 16,14 16,37 17,42 18,10 18,33 19,26 19,43 20,5 21,7 21,30 22,44 23,2 24,16 24,39 25,41 26,3 26,20 27,13 27,36 28,4 29,9 29,32 31,8 31,31 33,22 33,45 35,45 36,12 36,35 37,8 37,31 38,6 38,17 39,9 39,32 40,4 40,27 41,13 42,26 42,43 43,18 43,41 44,16 45,25 45,44
RESULT R p=29 ks=[1, 2] N=58 restricted(classes=56): status=FEASIBLE value=81 bound=89 time=900.0s ratio=1.397
WITNESS 0,2 0,33 1,20 1,49 3,21 3,50 4,26 4,55 5,16 5,45 6,18 6,47 7,4 8,24 8,53 9,46 10,7 10,36 11,19 12,28 12,57 13,28 15,1 17,20 17,49 19,41 20,5 20,34 21,25 21,54 22,11 22,40 23,42 24,3 25,16 25,45 26,5 26,17 27,47 28,54 28,56 29,2 31,12 31,41 32,13 32,42 33,23 34,3 34,32 35,7 36,4 36,8 37,48 38,23 38,52 41,14 41,43 44,1 44,31 45,15 45,44 46,10 46,39 47,22 47,51 48,6 48,35 49,39 50,21 50,50 51,22 52,26 52,55 53,6 53,35 54,8 54,37 55,17 56,9 56,38 57,56
RESULT R p=29 ks=[1, 3] N=58 restricted(classes=56): status=FEASIBLE value=84 bound=92 time=900.0s ratio=1.448
WITNESS 0,6 0,31 1,2 1,20 2,12 2,41 3,5 3,34 4,26 4,49 5,19 5,45 6,18 6,54 7,12 8,14 8,43 9,52 10,50 11,57 12,13 13,28 13,55 15,3 15,30 17,1 17,10 19,18 20,5 21,46 22,4 22,11 23,42 24,9 24,32 25,53 26,17 26,51 27,38 27,56 29,6 30,2 31,7 32,50 33,26 33,49 34,45 36,4 36,33 37,53 38,11 38,52 39,7 39,36 40,19 40,57 41,13 41,14 42,28 42,55 44,3 44,30 45,16 45,44 46,1 46,10 47,22 47,37 48,35 49,15 49,44 50,25 50,54 52,39 52,42 53,9 53,32 54,8 54,37 55,17 55,51 56,56 57,23 57,27
RESULT R p=29 ks=[1, 4] N=58 restricted(classes=56): status=FEASIBLE value=83 bound=96 time=900.0s ratio=1.431
WITNESS 0,8 1,20 1,22 2,41 3,26 3,55 4,46 4,55 5,6 5,35 6,14 6,47 7,16 7,33 8,9 8,53 10,7 12,14 12,43 13,25 15,1 15,4 16,44 17,10 17,39 18,30 18,51 19,6 19,24 21,42 21,54 23,13 23,42 24,12 25,3 25,32 26,46 27,7 27,36 28,27 28,56 29,2 29,31 30,20 30,22 31,48 34,45 36,16 36,33 37,9 38,23 38,52 39,28 39,57 40,18 40,47 41,56 42,25 42,57 44,1 44,4 45,2 45,31 46,11 46,40 47,51 48,24 49,5 49,49 50,54 51,11 51,15 52,23 52,52 53,3 53,32 54,8 54,37 55,10 55,39 56,38 57,21 57,50
RESULT R p=29 ks=[1, 5] N=58 restricted(classes=56): status=FEASIBLE value=83 bound=92 time=900.1s ratio=1.431
WITNESS 0,2 0,39 1,13 2,31 2,41 3,47 3,50 4,26 5,45 5,51 6,18 7,20 7,49 8,53 9,28 9,52 11,37 12,12 12,14 13,24 13,57 15,1 15,34 16,44 16,46 17,10 17,21 18,23 18,52 19,6 19,30 20,5 20,54 22,26 22,55 23,7 24,15 24,44 25,8 25,11 28,19 28,56 29,2 29,39 32,47 32,50 33,43 34,51 35,3 35,32 36,4 37,4 37,53 38,28 39,6 39,35 40,37 40,48 41,12 41,14 42,24 42,57 44,1 44,34 45,46 46,21 48,30 49,5 49,54 50,9 50,38 51,40 52,7 52,13 53,32 54,8 54,11 55,17 55,27 56,16 56,45 57,19 57,56
RESULT R p=29 ks=[1, 6] N=58 restricted(classes=56): status=FEASIBLE value=82 bound=91 time=900.0s ratio=1.414
WITNESS 0,2 1,20 1,33 2,12 2,43 3,39 3,50 4,11 4,26 5,9 5,16 6,18 6,47 7,4 8,24 9,23 9,52 10,42 11,19 11,56 12,14 12,55 13,52 15,1 15,30 16,32 16,44 17,10 19,6 20,5 21,54 22,11 22,40 23,13 23,49 24,3 24,32 25,8 25,48 28,27 29,2 29,41 30,20 31,12 32,39 32,50 33,26 34,9 34,16 36,4 37,24 37,57 38,51 39,7 39,42 40,19 41,14 41,55 42,57 44,35 45,44 46,10 46,31 47,22 47,45 48,6 49,5 50,34 50,54 51,37 52,13 52,49 53,18 53,47 54,8 54,48 55,17 55,46 56,25 56,38 57,17 57,27
RESULT R p=29 ks=[1, 7] N=58 restricted(classes=56): status=FEASIBLE value=83 bound=89 time=900.0s ratio=1.431
WITNESS 0,14 0,43 1,24 1,53 2,12 2,26 3,31 3,50 4,37 5,54 6,10 6,39 7,33 7,57 8,24 8,52 9,16 9,23 10,49 11,17 12,43 13,28 13,51 15,7 15,36 16,15 16,47 17,10 17,41 19,35 20,6 21,1 22,40 23,4 23,13 24,21 25,8 26,32 26,46 27,9 27,38 28,27 28,56 29,2 29,31 30,20 30,49 31,12 31,26 32,50 33,37 34,45 34,54 35,18 36,57 37,52 38,23 39,7 40,17 40,48 41,11 42,51 44,30 46,41 47,9 47,22 48,35 48,42 49,34 50,1 50,25 51,48 52,4 52,13 53,21 54,8 54,56 55,32 55,46 56,5 56,34 57,15 57,44
RESULT R p=29 ks=[1, 8] N=58 restricted(classes=56): status=FEASIBLE value=82 bound=97 time=900.0s ratio=1.414
WITNESS 0,16 0,31 1,44 1,49 2,38 2,41 3,21 3,52 4,34 4,55 5,12 5,45 7,4 7,32 8,53 9,10 10,7 10,56 11,36 12,25 12,54 13,21 13,50 15,1 16,15 17,22 18,2 19,48 20,40 21,26 22,1 22,30 23,13 23,46 24,3 24,24 26,17 26,20 27,9 27,14 28,42 29,16 30,44 30,49 31,38 31,41 33,34 33,55 34,12 34,45 35,28 35,57 36,32 37,18 38,10 39,56 40,36 41,43 42,57 44,8 44,37 45,4 45,33 46,22 47,2 47,51 48,48 49,5 50,26 50,54 52,13 52,46 53,3 53,24 54,6 54,37 55,17 55,20 56,9 56,14 57,27 57,42
RESULT R p=29 ks=[1, 9] N=58 restricted(classes=56): status=FEASIBLE value=85 bound=96 time=900.0s ratio=1.466
WITNESS 0,2 0,31 1,49 2,12 2,41 3,21 3,44 4,2 4,31 5,16 5,28 6,18 6,47 7,4 7,36 8,13 8,53 9,33 9,52 10,34 11,26 11,55 12,43 13,20 13,49 15,38 16,15 16,44 17,3 17,39 18,22 18,24 19,25 19,54 20,5 21,54 24,32 25,14 25,37 27,9 27,23 28,11 29,47 30,6 30,35 31,50 33,55 35,17 36,4 37,53 38,33 38,52 39,34 39,36 40,19 40,48 41,10 41,43 42,57 44,1 44,38 45,19 45,48 46,3 47,24 48,6 48,35 49,5 49,45 50,22 50,51 51,12 51,40 52,30 52,42 53,32 53,56 54,14 54,37 55,17 55,46 56,9 56,23 57,11 57,56
RESULT R p=29 ks=[1, 10] N=58 restricted(classes=56): status=FEASIBLE value=81 bound=85 time=900.0s ratio=1.397
WITNESS 0,20 0,49 1,20 1,49 2,33 3,36 3,50 4,28 4,57 6,6 6,35 7,11 7,40 8,24 8,53 9,27 9,56 10,12 11,16 11,45 12,24 12,43 13,28 13,57 15,1 16,5 17,13 17,42 19,6 19,35 20,5 21,47 22,11 22,40 24,3 25,22 25,51 26,25 26,54 27,3 29,2 30,55 31,33 33,55 34,15 34,44 35,47 36,4 37,8 37,37 38,52 39,12 39,36 40,19 40,48 42,48 44,39 45,15 46,10 46,39 47,17 47,22 48,2 48,31 49,21 49,50 50,25 50,54 51,23 51,52 52,14 52,43 53,1 53,30 54,8 54,37 55,46 56,9 56,38 57,38 57,56
RESULT R p=29 ks=[1, 11] N=58 restricted(classes=56): status=FEASIBLE value=81 bound=91 time=900.0s ratio=1.397
WITNESS 0,2 0,22 1,17 1,20 2,16 2,45 3,50 4,54 5,31 5,45 6,47 6,53 7,4 8,24 9,21 9,23 10,36 11,6 11,35 12,14 13,28 13,57 15,1 15,30 16,15 16,49 17,10 17,52 18,39 19,6 20,5 20,55 21,43 22,11 22,40 24,3 25,1 25,8 26,17 26,46 27,9 28,56 29,2 30,20 31,12 31,41 32,57 33,54 35,47 35,53 36,44 37,3 37,32 39,19 39,48 41,38 42,18 44,11 45,15 45,49 46,10 46,52 47,39 47,51 48,37 49,55 50,25 50,43 51,5 51,34 52,27 52,42 53,4 53,33 54,8 55,13 55,42 56,9 56,12 57,36 57,56
RESULT R p=29 ks=[1, 12] N=58 restricted(classes=56): status=FEASIBLE value=83 bound=88 time=900.1s ratio=1.431
WITNESS 0,2 0,24 1,37 1,49 2,28 2,41 3,20 4,22 4,55 5,18 6,13 6,47 7,19 7,48 8,27 8,53 9,15 9,44 10,26 10,36 11,19 11,25 12,52 13,57 15,1 15,12 16,35 17,4 18,51 19,6 19,14 20,31 21,54 22,16 23,40 24,7 25,9 25,38 26,1 27,21 28,56 29,2 31,41 32,20 32,50 33,22 33,55 34,18 34,45 35,13 35,47 36,4 37,27 37,53 38,23 38,52 39,36 40,25 41,43 42,17 42,57 45,35 45,44 46,10 46,39 47,3 47,51 48,6 48,14 49,5 50,10 50,54 51,16 51,40 53,3 53,32 54,37 55,17 55,46 56,9 56,21 57,5 57,56
RESULT R p=29 ks=[1, 13] N=58 restricted(classes=56): status=FEASIBLE value=84 bound=96 time=900.0s ratio=1.448
WITNESS 0,26 0,55 1,57 2,11 2,41 3,12 3,50 4,19 4,48 5,5 6,2 6,31 7,23 7,33 8,22 8,53 9,9 9,52 10,4 12,14 12,37 13,28 13,57 15,13 16,15 16,44 18,51 19,6 19,35 21,6 22,11 22,40 23,24 23,53 24,3 25,8 25,46 26,17 27,38 28,56 29,2 29,31 30,49 32,12 33,26 33,55 34,5 35,18 35,47 36,23 36,33 38,9 38,52 39,7 40,44 40,48 41,14 41,37 42,16 42,45 44,1 44,30 45,21 46,43 47,25 47,54 48,20 48,49 49,7 49,34 50,25 50,54 51,27 52,13 53,3 53,39 54,8 54,46 55,17 55,47 56,1 56,30 57,32 57,56
RESULT R p=29 ks=[1, 14] N=58 restricted(classes=56): status=FEASIBLE value=80 bound=94 time=900.2s ratio=1.379
WITNESS 1,20 1,49 2,23 2,52 3,4 3,33 4,16 4,45 5,21 7,4 7,33 8,24 8,53 9,3 9,23 10,11 10,40 11,5 11,34 12,22 12,51 13,28 16,15 17,10 17,39 18,22 18,51 20,34 21,2 23,13 23,42 24,3 24,32 25,8 25,37 26,17 26,46 28,27 28,56 29,2 30,19 30,48 31,12 31,41 32,50 33,26 33,55 34,45 35,18 36,56 39,7 40,19 40,48 41,43 42,15 44,1 44,14 45,7 45,36 46,24 46,53 47,18 47,47 48,35 48,55 49,41 50,25 50,54 51,11 51,38 52,37 53,13 53,42 54,25 54,54 55,6 55,35 56,10 56,38 57,1
RESULT R p=29 ks=[1, 15] N=58 restricted(classes=56): status=FEASIBLE value=85 bound=98 time=900.0s ratio=1.466
WITNESS 0,1 0,31 1,39 2,6 2,12 3,25 3,54 4,42 5,8 5,37 6,9 6,38 7,2 7,4 8,24 9,55 10,18 10,47 11,48 11,53 12,14 12,43 13,14 13,28 15,15 15,30 16,15 17,5 18,51 19,35 21,56 22,11 22,40 23,13 23,42 24,3 24,32 25,8 25,37 26,46 26,52 27,9 28,27 28,57 29,1 29,31 30,49 31,6 31,12 32,21 32,50 33,26 33,55 34,16 34,45 35,47 36,2 38,23 39,7 40,53 41,7 41,36 42,28 44,30 46,5 46,10 47,11 47,40 48,3 49,34 50,54 50,56 51,20 51,49 52,21 52,50 53,16 53,45 54,4 54,33 55,46 55,52 56,19 57,27 57,57
RESULT R p=29 ks=[1, 16] N=58 restricted(classes=56): status=FEASIBLE value=82 bound=90 time=900.0s ratio=1.414
WITNESS 0,3 0,32 1,20 2,41 2,47 3,17 3,46 4,10 4,55 5,16 5,45 6,18 7,4 7,33 8,7 8,36 9,20 9,49 10,7 10,36 11,19 11,48 12,14 13,13 13,42 15,1 16,37 17,15 17,44 19,6 20,5 21,52 22,2 22,11 23,5 25,8 26,11 26,17 27,28 27,57 28,56 29,2 30,1 30,30 31,41 31,47 32,21 32,50 34,24 34,53 35,56 36,35 37,24 37,53 38,52 39,54 40,14 41,50 42,28 42,57 45,15 45,37 46,10 46,39 47,22 47,51 48,6 48,9 49,22 49,51 50,25 50,54 52,13 52,42 53,3 53,19 54,8 54,12 56,9 56,38 57,26 57,55
RESULT R p=29 ks=[1, 17] N=58 restricted(classes=56): status=FEASIBLE value=82 bound=95 time=900.0s ratio=1.414
WITNESS 0,2 0,34 1,49 1,50 2,30 2,41 3,21 4,36 5,16 5,40 6,45 6,47 7,4 7,10 8,53 9,23 9,52 10,3 10,7 12,14 12,43 15,1 15,30 16,23 16,52 17,39 18,51 19,15 19,44 20,5 20,56 21,54 22,11 23,18 23,42 24,3 24,32 25,37 25,49 26,17 28,24 29,34 31,41 32,9 32,21 33,26 33,55 34,16 34,40 35,47 36,4 37,2 37,53 38,14 38,43 39,7 40,19 41,6 41,35 42,28 42,57 45,15 45,44 47,51 47,55 48,6 48,35 49,5 50,48 50,54 51,11 51,13 52,18 52,42 53,22 54,37 55,17 55,28 56,8 56,9 57,24 57,56
RESULT R p=29 ks=[1, 18] N=58 restricted(classes=56): status=FEASIBLE value=86 bound=90 time=900.0s ratio=1.483
WITNESS 0,7 0,36 1,20 1,41 2,12 3,1 3,30 4,4 4,33 5,45 5,56 6,18 6,47 7,43 8,24 9,8 9,52 10,7 10,36 11,19 11,48 12,43 13,11 13,28 15,18 15,47 17,10 17,39 18,19 18,48 19,35 20,5 20,34 21,25 21,54 22,53 23,2 23,42 24,3 24,32 25,37 25,57 26,46 27,9 27,17 28,56 29,2 29,31 30,41 31,12 31,13 32,50 33,55 34,45 35,5 36,4 36,33 37,26 37,55 38,52 39,10 39,39 40,23 42,11 44,1 44,30 45,38 45,44 46,6 47,22 47,51 48,35 48,50 49,3 50,44 51,40 52,42 53,25 53,54 54,37 54,57 55,16 56,9 56,17 57,22 57,51
RESULT R p=29 ks=[1, 19] N=58 restricted(classes=56): status=FEASIBLE value=81 bound=86 time=900.0s ratio=1.397
WITNESS 0,9 0,38 1,32 1,49 2,41 2,54 3,21 3,22 4,26 4,30 5,14 5,16 6,18 6,52 7,4 7,47 8,24 8,53 9,23 10,17 10,36 11,19 11,48 12,34 12,43 13,28 13,57 15,1 15,48 18,51 20,8 22,6 22,40 23,15 24,3 26,33 26,46 27,55 28,20 28,56 29,2 29,31 30,49 31,41 31,54 34,14 34,16 35,18 35,52 36,4 37,21 38,2 38,31 39,17 39,36 40,13 41,43 44,1 45,15 45,53 46,39 46,45 47,51 48,27 48,35 49,5 49,34 51,6 51,40 52,13 52,42 53,28 53,57 54,7 54,8 55,33 55,46 56,9 56,38 57,20 57,56
RESULT R p=29 ks=[1, 20] N=58 restricted(classes=56): status=FEASIBLE value=85 bound=93 time=900.0s ratio=1.466
WITNESS 0,2 0,40 1,20 1,23 2,12 2,37 3,43 3,50 4,26 4,27 5,1 5,16 6,18 6,41 7,4 8,45 9,25 9,52 10,7 10,53 11,3 11,48 12,14 13,9 13,28 15,49 16,44 17,10 17,55 18,51 19,6 19,33 20,13 21,36 21,54 23,42 23,57 24,31 25,8 26,46 28,56 29,2 30,20 31,12 32,50 33,27 34,1 34,16 36,4 37,45 37,53 38,25 38,52 39,7 40,3 40,48 41,14 42,9 42,28 44,30 44,49 45,44 46,10 46,55 47,5 47,51 48,6 48,33 49,5 49,13 50,54 51,17 51,40 52,42 52,57 53,31 53,32 54,8 54,15 55,21 55,46 56,35 56,38 57,18 57,56
RESULT R p=29 ks=[1, 21] N=58 restricted(classes=56): status=FEASIBLE value=86 bound=98 time=900.1s ratio=1.483
WITNESS 0,42 1,14 1,43 2,20 3,6 3,21 4,53 5,16 5,46 6,18 6,47 7,4 7,33 8,24 8,53 9,23 10,7 10,36 11,48 12,14 12,43 13,37 15,1 15,30 16,44 16,54 17,36 18,51 18,56 19,10 19,35 20,18 21,25 22,28 22,57 24,3 24,32 25,52 26,38 27,9 27,15 28,27 28,45 29,2 29,31 31,41 33,26 35,1 36,55 37,11 37,40 38,19 38,23 39,2 39,31 40,48 41,4 41,33 42,37 42,57 44,21 44,50 45,44 45,54 46,10 47,51 47,56 48,35 49,5 49,34 50,25 50,32 51,11 51,40 52,12 52,41 53,5 53,34 54,8 54,52 55,38 55,46 56,9 56,15 57,27 57,45
RESULT R p=29 ks=[1, 22] N=58 restricted(classes=56): status=FEASIBLE value=84 bound=89 time=900.0s ratio=1.448
WITNESS 0,31 0,44 1,34 2,12 2,41 3,21 3,50 4,21 4,26 5,4 5,16 6,18 6,47 7,1 7,30 8,35 9,23 10,9 10,38 11,12 12,43 13,7 15,51 16,40 18,22 19,45 20,5 20,52 21,25 21,54 22,39 23,13 23,42 24,3 24,32 25,2 26,55 27,24 28,14 29,44 30,20 30,49 31,3 31,32 32,56 33,26 34,16 35,48 36,4 36,33 37,53 38,13 38,23 39,7 41,18 41,47 42,28 42,57 44,1 44,51 45,15 46,39 46,46 47,20 47,22 48,6 48,35 49,5 49,52 50,28 50,57 51,11 51,40 52,25 52,54 53,37 54,8 54,37 55,46 55,55 56,9 56,38 57,14 57,27
RESULT R p=29 ks=[1, 23] N=58 restricted(classes=56): status=FEASIBLE value=83 bound=91 time=900.0s ratio=1.431
WITNESS 0,17 1,20 1,25 2,12 2,44 3,48 3,50 4,47 4,55 5,45 6,18 6,37 7,4 7,34 9,36 9,52 10,7 10,45 11,2 11,31 12,32 13,35 13,57 15,1 17,10 17,56 18,22 18,42 19,6 19,51 20,5 20,28 22,21 23,13 23,38 25,8 25,39 26,43 27,9 28,27 28,41 29,2 30,20 32,48 32,50 33,47 33,55 35,18 35,37 36,4 37,1 37,53 39,7 40,19 41,32 42,35 42,57 44,23 44,52 45,15 45,26 46,10 46,56 47,42 48,6 48,51 49,5 50,24 50,25 51,11 51,40 52,13 52,38 53,3 53,40 54,8 54,39 55,17 55,43 56,9 56,33 57,27 57,41
RESULT R p=29 ks=[1, 24] N=58 restricted(classes=56): status=FEASIBLE value=86 bound=91 time=900.0s ratio=1.483
WITNESS 0,2 1,45 1,49 2,12 2,27 3,11 3,50 4,44 4,55 5,7 5,16 6,18 6,26 7,4 7,33 8,53 9,30 9,52 10,23 10,36 11,21 11,48 12,43 13,34 13,57 15,1 15,24 17,10 18,22 18,35 19,6 19,28 20,5 23,42 23,51 24,3 25,8 25,47 26,31 26,46 27,9 28,39 28,56 29,2 29,19 30,49 31,12 31,27 32,11 32,50 33,55 34,7 34,16 37,53 38,30 38,52 39,23 39,36 40,48 42,34 42,57 44,1 44,24 45,15 46,10 46,37 47,22 47,35 48,6 48,28 49,5 50,25 50,54 51,32 51,40 52,42 52,51 53,3 53,14 54,8 54,47 55,31 55,46 56,9 56,13 57,56
RESULT R p=29 ks=[1, 25] N=58 restricted(classes=56): status=FEASIBLE value=83 bound=95 time=900.0s ratio=1.431
WITNESS 0,2 0,31 1,20 1,49 2,10 2,39 3,3 4,26 4,55 5,23 5,52 6,15 7,4 7,42 8,24 8,49 9,24 9,52 10,7 10,36 11,11 13,4 15,25 15,54 16,27 16,56 17,18 17,47 18,28 18,57 19,5 19,6 20,5 20,34 21,16 21,45 22,14 22,43 24,3 25,26 25,55 26,19 26,48 28,27 28,56 29,50 30,7 30,36 31,12 32,21 34,16 34,45 35,18 35,47 39,1 40,19 40,48 41,14 41,43 42,57 44,1 44,30 45,15 45,44 46,10 46,39 47,22 47,51 48,6 49,9 50,25 50,54 51,11 51,40 52,42 54,8 54,37 55,17 55,46 56,22 56,51 57,8 57,37
RESULT R p=29 ks=[1, 26] N=58 restricted(classes=56): status=FEASIBLE value=81 bound=92 time=900.0s ratio=1.397
WITNESS 0,23 1,20 3,21 3,24 4,9 4,38 5,10 5,45 6,4 6,33 7,17 7,46 8,15 8,44 9,23 9,52 10,8 10,37 11,19 12,16 12,45 13,32 15,26 15,55 16,13 16,42 17,39 18,51 19,40 20,43 21,12 22,25 22,54 23,48 24,20 24,49 25,5 26,7 26,36 27,2 29,31 30,56 31,12 31,51 33,55 34,10 35,18 35,47 36,4 36,33 37,24 37,53 38,47 39,7 40,1 40,19 41,14 41,43 42,28 42,57 44,1 45,44 46,57 47,21 47,50 48,6 48,35 49,5 49,34 50,25 50,54 51,11 52,42 52,48 53,3 53,32 55,17 56,9 56,38 57,6 57,35
RESULT R p=29 ks=[1, 27] N=58 restricted(classes=56): status=FEASIBLE value=82 bound=90 time=900.1s ratio=1.414
WITNESS 0,31 1,20 1,47 2,5 2,12 3,45 3,50 4,26 4,35 5,16 5,55 6,18 6,51 7,4 8,24 10,15 10,36 11,48 12,1 12,14 13,28 13,31 15,30 16,57 17,10 17,39 18,22 18,43 19,6 19,17 20,19 20,34 21,25 21,54 22,40 23,3 23,42 24,3 24,32 25,13 26,46 26,53 27,11 28,56 29,25 30,47 31,5 31,12 32,45 33,26 34,55 35,51 36,21 37,10 37,39 38,41 39,36 40,20 40,48 41,1 41,14 42,28 44,27 44,30 45,44 46,9 47,22 47,43 48,17 49,19 50,8 50,37 51,7 51,40 52,42 54,13 54,37 55,46 55,53 56,11 57,4 57,33
RESULT R p=29 ks=[1, 28] N=58 restricted(classes=56): status=FEASIBLE value=78 bound=83 time=900.0s ratio=1.345
WITNESS 0,56 1,20 2,46 3,8 3,37 4,3 4,32 5,16 5,45 6,11 6,47 8,24 8,34 9,6 9,35 10,22 10,51 11,39 11,48 12,14 12,43 13,1 13,30 15,1 15,30 16,14 16,43 17,10 17,19 18,7 18,51 19,6 22,18 23,16 23,45 24,55 25,8 26,12 28,2 29,2 29,56 30,9 32,21 32,50 33,55 34,13 34,42 35,47 36,54 37,34 38,23 38,52 39,7 40,39 40,48 41,15 41,44 42,57 44,57 45,15 46,19 48,23 48,52 49,5 49,53 50,4 50,25 51,11 51,18 52,13 52,42 54,21 54,50 55,12 55,46 56,20 56,38 57,27
