# no-three-in-line 3D, n=8, points=89
# verified in place: C(89,3) triples checked, collinear=0
# profile per axis x,y,z: [[14, 11, 10, 8, 10, 12, 13, 11], [11, 13, 13, 8, 9, 11, 12, 12], [12, 14, 8, 9, 9, 12, 13, 12]]
# found 1s into the run
0 0 4
0 1 4
0 1 5
0 2 1
0 2 5
0 3 1
0 4 2
0 4 3
0 5 0
0 5 7
0 6 2
0 6 6
0 7 3
0 7 7
1 1 3
1 1 6
1 2 0
1 2 6
1 3 7
1 4 0
1 4 1
1 5 1
1 6 3
1 6 4
1 7 2
2 0 3
2 0 6
2 1 0
2 1 4
2 2 3
2 4 6
2 6 5
2 6 7
2 7 5
2 7 7
3 0 1
3 1 6
3 1 7
3 3 7
3 5 0
3 5 6
3 7 1
3 7 3
4 0 5
4 0 6
4 1 1
4 1 7
4 2 0
4 2 7
4 4 1
4 6 5
4 7 0
4 7 4
5 0 2
5 0 4
5 2 5
5 2 7
5 3 0
5 3 3
5 4 5
5 4 7
5 5 1
5 5 6
5 6 6
5 7 1
6 0 0
6 0 5
6 1 0
6 1 1
6 2 1
6 2 6
6 3 6
6 5 2
6 5 7
6 6 2
6 6 4
6 7 4
6 7 5
7 0 1
7 1 5
7 2 2
7 2 3
7 3 0
7 3 2
7 4 6
7 5 4
7 5 5
7 6 0
7 6 1
