# no-three-in-line 3D, n=8, points=93
# verified in place: C(93,3) triples checked, collinear=0
# profile per axis x,y,z: [[13, 13, 11, 10, 9, 9, 14, 14], [13, 13, 11, 10, 9, 9, 14, 14], [13, 13, 11, 10, 9, 9, 14, 14]]
# found 1s into the run
0 0 2
0 0 6
0 1 2
0 1 4
0 2 0
0 2 1
0 3 4
0 3 6
0 4 1
0 4 3
0 5 5
0 6 0
0 6 3
1 0 2
1 0 4
1 1 7
1 2 0
1 2 5
1 3 6
1 3 7
1 4 0
1 5 2
1 6 3
1 6 6
1 7 1
1 7 3
2 0 0
2 0 1
2 1 0
2 1 5
2 4 6
2 5 1
2 5 7
2 6 4
2 6 7
2 7 5
2 7 6
3 0 4
3 0 6
3 1 6
3 1 7
3 3 7
3 4 0
3 6 0
3 6 1
3 7 1
3 7 3
4 0 1
4 0 3
4 1 0
4 2 6
4 3 0
4 5 7
4 6 2
4 7 5
4 7 7
5 0 5
5 1 2
5 2 1
5 2 7
5 4 7
5 5 0
5 6 6
5 7 2
5 7 4
6 0 0
6 0 3
6 1 3
6 1 6
6 2 4
6 2 7
6 3 0
6 3 1
6 4 2
6 5 6
6 6 1
6 6 5
6 7 2
6 7 7
7 1 1
7 1 3
7 2 5
7 2 6
7 3 1
7 3 3
7 4 5
7 4 7
7 5 2
7 5 4
7 6 2
7 6 7
7 7 4
7 7 6
