# no-three-in-line 3D, n=7, points=72, profile requested [72] on axes [0, 1, 2]
# verified: all C(72,3)=59640 triples, collinear=0
# realised profile per axis x,y,z: [[12, 12, 8, 9, 9, 11, 11], [11, 12, 9, 8, 9, 12, 11], [12, 11, 9, 9, 9, 12, 10]]
0 0 3
0 1 1
0 1 4
0 2 1
0 2 6
0 3 2
0 3 4
0 4 0
0 4 5
0 5 2
0 5 5
0 6 0
1 0 1
1 0 3
1 1 0
1 1 6
1 2 0
1 2 4
1 3 6
1 4 1
1 5 2
1 5 5
1 6 4
1 6 5
2 0 5
2 1 0
2 1 3
2 2 0
2 5 3
2 5 6
2 6 2
2 6 6
3 0 1
3 0 5
3 1 5
3 2 6
3 4 0
3 4 6
3 5 0
3 6 1
3 6 2
4 0 2
4 0 4
4 1 6
4 2 1
4 3 0
4 4 5
4 5 6
4 6 3
4 6 5
5 0 0
5 0 4
5 1 2
5 1 5
5 3 0
5 3 1
5 4 6
5 5 3
5 5 4
5 6 1
5 6 3
6 0 0
6 1 2
6 1 3
6 2 3
6 2 5
6 3 1
6 3 5
6 4 2
6 4 4
6 5 1
6 5 4
