# A280537, n=25, точек 53 — нижняя граница, опубликованных данных нет
# инвариантна под (x,y,z)->(y,z,x); поиск без цели, потолок 3n=75
# проверено независимо: 0 компланарных, 0 коллинеарных, 0 троек с четвёртой
10 24 16
24 16 10
16 10 24
20 22 23
22 23 20
23 20 22
15 23 19
23 19 15
19 15 23
4 18 7
18 7 4
7 4 18
8 21 20
21 20 8
20 8 21
1 1 1
5 5 5
3 9 19
9 19 3
19 3 9
4 22 17
22 17 4
17 4 22
2 5 6
5 6 2
6 2 5
3 5 22
5 22 3
22 3 5
2 10 8
10 8 2
8 2 10
0 13 23
13 23 0
23 0 13
11 18 24
18 24 11
24 11 18
6 24 9
24 9 6
9 6 24
2 3 21
3 21 2
21 2 3
1 18 21
18 21 1
21 1 18
0 20 14
20 14 0
14 0 20
0 15 1
15 1 0
1 0 15
