5 40 0 1
5 40 0 2
5 40 0 3
5 40 0 4
5 40 0 6
5 40 0 8
5 40 0 9
5 40 0 10
5 40 0 16
5 40 0 17
5 40 0 18
5 40 0 20
5 40 1 0
5 40 1 1
5 40 1 2
5 40 1 3
5 40 1 5
5 40 1 6
5 40 1 8
5 40 1 9
5 40 1 12
5 40 1 16
5 40 1 17
5 40 1 18
5 40 1 24
5 40 2 0
5 40 2 1
5 40 2 2
5 40 2 4
5 40 2 5
5 40 2 6
5 40 2 8
5 40 2 10
5 40 2 12
5 40 2 16
5 40 2 17
5 40 2 20
5 40 2 24
5 40 3 0
5 40 3 1
5 40 3 3
5 40 3 4
5 40 3 5
5 40 3 6
5 40 3 9
5 40 3 10
5 40 3 12
5 40 3 16
5 40 3 18
5 40 3 20
5 40 3 24
5 40 4 0
5 40 4 2
5 40 4 3
5 40 4 4
5 40 4 5
5 40 4 8
5 40 4 9
5 40 4 10
5 40 4 12
5 40 4 17
5 40 4 18
5 40 4 20
5 40 4 24
5 40 5 1
5 40 5 2
5 40 5 3
5 40 5 4
5 40 5 6
5 40 5 8
5 40 5 9
5 40 5 10
5 40 5 16
5 40 5 17
5 40 5 18
5 40 5 20
5 40 6 0
5 40 6 1
5 40 6 2
5 40 6 3
5 40 6 5
5 40 6 6
5 40 6 8
5 40 6 9
5 40 6 12
5 40 6 16
5 40 6 17
5 40 6 18
5 40 6 24
5 40 8 0
5 40 8 1
5 40 8 2
5 40 8 4
5 40 8 5
5 40 8 6
5 40 8 8
5 40 8 10
5 40 8 12
5 40 8 16
5 40 8 17
5 40 8 20
5 40 8 24
5 40 9 0
5 40 9 1
5 40 9 3
5 40 9 4
5 40 9 5
5 40 9 6
5 40 9 9
5 40 9 10
5 40 9 12
5 40 9 16
5 40 9 18
5 40 9 20
5 40 9 24
5 40 10 0
5 40 10 2
5 40 10 3
5 40 10 4
5 40 10 5
5 40 10 8
5 40 10 9
5 40 10 10
5 40 10 12
5 40 10 17
5 40 10 18
5 40 10 20
5 40 10 24
5 40 12 1
5 40 12 2
5 40 12 3
5 40 12 4
5 40 12 6
5 40 12 8
5 40 12 9
5 40 12 10
5 40 12 16
5 40 12 17
5 40 12 18
5 40 12 20
5 40 16 0
5 40 16 1
5 40 16 2
5 40 16 3
5 40 16 5
5 40 16 6
5 40 16 8
5 40 16 9
5 40 16 12
5 40 16 16
5 40 16 17
5 40 16 18
5 40 16 24
5 40 17 0
5 40 17 1
5 40 17 2
5 40 17 4
5 40 17 5
5 40 17 6
5 40 17 8
5 40 17 10
5 40 17 12
5 40 17 16
5 40 17 17
5 40 17 20
5 40 17 24
5 40 18 0
5 40 18 1
5 40 18 3
5 40 18 4
5 40 18 5
5 40 18 6
5 40 18 9
5 40 18 10
5 40 18 12
5 40 18 16
5 40 18 18
5 40 18 20
5 40 18 24
5 40 20 0
5 40 20 2
5 40 20 3
5 40 20 4
5 40 20 5
5 40 20 8
5 40 20 9
5 40 20 10
5 40 20 12
5 40 20 17
5 40 20 18
5 40 20 20
5 40 20 24
5 40 24 1
5 40 24 2
5 40 24 3
5 40 24 4
5 40 24 6
5 40 24 8
5 40 24 9
5 40 24 10
5 40 24 16
5 40 24 17
5 40 24 18
5 40 24 20
