# A280537, n=22, точек 49 — выше прежних 47
# инвариантна под (x,y,z)->(y,z,x); поиск без цели
# проверено: 0 компланарных из C(49,4)=211876, 0 коллинеарных, 0 троек с четвёртой
0 18 13
18 13 0
13 0 18
2 2 2
3 4 20
4 20 3
20 3 4
2 4 8
4 8 2
8 2 4
14 19 15
19 15 14
15 14 19
6 17 21
17 21 6
21 6 17
5 19 17
19 17 5
17 5 19
14 17 18
17 18 14
18 14 17
0 7 9
7 9 0
9 0 7
1 19 9
19 9 1
9 1 19
2 10 3
10 3 2
3 2 10
1 6 18
6 18 1
18 1 6
12 21 20
21 20 12
20 12 21
0 6 15
6 15 0
15 0 6
3 15 12
15 12 3
12 3 15
1 14 7
14 7 1
7 1 14
10 13 20
13 20 10
20 10 13
