# A280537, n=22, точек 47 — нижняя граница, опубликованных данных нет
# инвариантна под (x,y,z)->(y,z,x); поиск без цели, потолок 3n=66
# проверено независимо: 0 компланарных, 0 коллинеарных, 0 троек с четвёртой
4 11 19
11 19 4
19 4 11
4 17 5
17 5 4
5 4 17
0 1 10
1 10 0
10 0 1
3 19 5
19 5 3
5 3 19
9 17 11
17 11 9
11 9 17
5 6 21
6 21 5
21 5 6
12 16 21
16 21 12
21 12 16
0 15 9
15 9 0
9 0 15
1 1 1
6 16 20
16 20 6
20 6 16
8 19 16
19 16 8
16 8 19
0 21 18
21 18 0
18 0 21
13 18 15
18 15 13
15 13 18
20 20 20
1 6 13
6 13 1
13 1 6
2 4 3
4 3 2
3 2 4
2 18 11
18 11 2
11 2 18
