# A280537, n=18, точек 41 — нижняя граница, опубликованных данных для этого n нет
# инвариантна под (x,y,z)->(y,z,x); поиск без цели, потолок 3n=54
# проверено независимо: 0 компланарных, 0 коллинеарных, 0 троек с четвёртой в плоскости
4 17 11
17 11 4
11 4 17
1 8 13
8 13 1
13 1 8
1 3 11
3 11 1
11 1 3
6 13 12
13 12 6
12 6 13
10 10 10
5 15 16
15 16 5
16 5 15
0 10 7
10 7 0
7 0 10
4 9 15
9 15 4
15 4 9
11 17 12
17 12 11
12 11 17
3 4 12
4 12 3
12 3 4
2 2 2
0 8 6
8 6 0
6 0 8
1 14 3
14 3 1
3 1 14
0 16 8
16 8 0
8 0 16
10 16 17
16 17 10
17 10 16
