# no-three-in-line 3D, n=7, points=73, invariant under group of order 3
# generators: ['y,z,x']
# verified in place: collinear triples = 0
# profile per axis x,y,z: [[11, 11, 10, 8, 8, 13, 12], [11, 11, 10, 8, 8, 13, 12], [11, 11, 10, 8, 8, 13, 12]]
0 0 1
0 0 4
0 1 0
0 1 2
0 2 1
0 2 4
0 3 5
0 4 0
0 4 2
0 5 3
0 5 5
1 0 0
1 0 2
1 1 5
1 1 6
1 2 0
1 3 5
1 3 6
1 5 1
1 5 3
1 6 1
1 6 3
2 0 1
2 0 4
2 1 0
2 3 6
2 4 0
2 4 4
2 5 5
2 5 6
2 6 3
2 6 5
3 0 5
3 1 5
3 1 6
3 2 6
3 5 0
3 5 1
3 6 1
3 6 2
4 0 0
4 0 2
4 2 0
4 2 4
4 4 2
4 5 6
4 6 5
4 6 6
5 0 3
5 0 5
5 1 1
5 1 3
5 2 5
5 2 6
5 3 0
5 3 1
5 4 6
5 5 0
5 5 2
5 6 2
5 6 4
6 1 1
6 1 3
6 2 3
6 2 5
6 3 1
6 3 2
6 4 5
6 4 6
6 5 2
6 5 4
6 6 4
6 6 6
