# no-three-in-line 3D, n=7, points=73, invariant under group of order 3
# generators: ['y,z,x']
# verified in place: collinear triples = 0
# profile per axis x,y,z: [[12, 13, 8, 8, 10, 11, 11], [12, 13, 8, 8, 10, 11, 11], [12, 13, 8, 8, 10, 11, 11]]
0 0 0
0 0 2
0 1 2
0 1 4
0 2 0
0 2 1
0 3 4
0 3 5
0 4 1
0 4 3
0 5 3
0 5 5
1 0 2
1 0 4
1 1 4
1 1 6
1 2 0
1 3 5
1 3 6
1 4 0
1 4 1
1 5 3
1 5 5
1 6 1
1 6 3
2 0 0
2 0 1
2 1 0
2 2 4
2 4 2
2 4 6
2 6 4
2 6 6
3 0 4
3 0 5
3 1 5
3 1 6
3 4 0
3 5 0
3 5 1
3 6 1
4 0 1
4 0 3
4 1 0
4 1 1
4 2 2
4 2 6
4 3 0
4 5 6
4 6 2
4 6 5
5 0 3
5 0 5
5 1 3
5 1 5
5 3 0
5 3 1
5 4 6
5 5 0
5 5 1
5 6 4
5 6 6
6 1 1
6 1 3
6 2 4
6 2 6
6 3 1
6 4 2
6 4 5
6 5 4
6 5 6
6 6 2
6 6 5
