# no-three-in-line 3D, n=8, points=84, invariant under group of order 2
# generators: ['-x,-y,-z']
# verified in place: collinear triples = 0
# profile per axis x,y,z: [[11, 12, 9, 10, 10, 9, 12, 11], [12, 11, 12, 7, 7, 12, 11, 12], [11, 12, 12, 7, 7, 12, 12, 11]]
0 1 4
0 1 5
0 2 0
0 3 0
0 4 4
0 4 6
0 5 1
0 5 2
0 6 2
0 7 5
0 7 6
1 0 2
1 0 3
1 1 0
1 1 2
1 2 6
1 3 6
1 4 5
1 5 5
1 5 7
1 6 1
1 7 1
1 7 3
2 0 5
2 1 1
2 2 4
2 2 5
2 3 1
2 5 0
2 6 7
2 7 4
2 7 7
3 0 0
3 1 7
3 2 7
3 4 0
3 5 3
3 5 6
3 6 1
3 6 5
3 7 2
3 7 6
4 0 1
4 0 5
4 1 2
4 1 6
4 2 1
4 2 4
4 3 7
4 5 0
4 6 0
4 7 7
5 0 0
5 0 3
5 1 0
5 2 7
5 4 6
5 5 2
5 5 3
5 6 6
5 7 2
6 0 4
6 0 6
6 1 6
6 2 0
6 2 2
6 3 2
6 4 1
6 5 1
6 6 5
6 6 7
6 7 4
6 7 5
7 0 1
7 0 2
7 1 5
7 2 5
7 2 6
7 3 1
7 3 3
7 4 7
7 5 7
7 6 2
7 6 3
