# no-three-in-line 3D, n=8, points=88, invariant under group of order 3
# generators: ['y,z,x']
# verified in place: collinear triples = 0
# profile per axis x,y,z: [[13, 12, 11, 9, 8, 12, 11, 12], [13, 12, 11, 9, 8, 12, 11, 12], [13, 12, 11, 9, 8, 12, 11, 12]]
0 0 0
0 0 2
0 1 3
0 1 4
0 2 0
0 2 1
0 3 6
0 4 1
0 4 5
0 5 2
0 5 5
0 6 4
0 6 7
1 0 2
1 0 4
1 2 6
1 3 0
1 3 5
1 4 0
1 4 2
1 5 5
1 5 6
1 6 3
1 6 7
1 7 3
2 0 0
2 0 5
2 1 0
2 1 4
2 2 4
2 2 7
2 3 7
2 4 2
2 6 1
2 7 2
2 7 3
3 0 1
3 1 6
3 1 7
3 2 7
3 5 1
3 6 0
3 6 5
3 7 2
3 7 6
4 0 1
4 0 6
4 1 0
4 2 1
4 2 2
4 5 0
4 7 5
4 7 7
5 0 4
5 0 5
5 1 3
5 1 5
5 2 0
5 3 6
5 4 7
5 5 0
5 5 1
5 6 1
5 6 6
5 7 7
6 0 3
6 1 2
6 1 5
6 3 1
6 3 7
6 4 0
6 5 3
6 5 6
6 6 5
6 7 0
6 7 1
7 0 6
7 1 6
7 2 2
7 2 3
7 3 1
7 3 2
7 4 7
7 5 4
7 5 7
7 6 3
7 7 4
7 7 5
