# no-three-in-line 3D, n=8, points=82, invariant under group of order 2
# generators: ['x,-y,-z']
# verified in place: collinear triples = 0
# profile per axis x,y,z: [[12, 8, 10, 6, 12, 8, 12, 14], [12, 10, 10, 9, 9, 10, 10, 12], [13, 11, 5, 12, 12, 5, 11, 13]]
0 0 2
0 0 4
0 1 0
0 1 3
0 2 6
0 2 7
0 5 0
0 5 1
0 6 4
0 6 7
0 7 3
0 7 5
1 0 0
1 1 4
1 2 4
1 3 0
1 4 7
1 5 3
1 6 3
1 7 7
2 0 3
2 0 5
2 1 6
2 2 0
2 3 6
2 4 1
2 5 7
2 6 1
2 7 2
2 7 4
3 0 1
3 2 7
3 3 3
3 4 4
3 5 0
3 7 6
4 0 3
4 0 7
4 1 3
4 2 1
4 3 6
4 3 7
4 4 0
4 4 1
4 5 6
4 6 4
4 7 0
4 7 4
5 0 0
5 0 6
5 1 0
5 2 1
5 5 6
5 6 7
5 7 1
5 7 7
6 0 4
6 1 2
6 1 4
6 2 6
6 3 0
6 3 5
6 4 2
6 4 7
6 5 1
6 6 3
6 6 5
6 7 3
7 0 1
7 1 5
7 1 6
7 2 0
7 2 3
7 3 3
7 3 7
7 4 0
7 4 4
7 5 4
7 5 7
7 6 1
7 6 2
7 7 6
