# A280537, n=24, точек 52 — выше прежних 50
# инвариантна под (x,y,z)->(y,z,x); поиск без цели
# проверено: 0 компланарных из C(52,4)=270725, 0 коллинеарных, 0 троек с четвёртой
2 15 3
15 3 2
3 2 15
4 14 17
14 17 4
17 4 14
2 12 18
12 18 2
18 2 12
20 20 23
20 23 20
23 20 20
3 3 3
8 19 18
19 18 8
18 8 19
0 22 4
22 4 0
4 0 22
1 10 5
10 5 1
5 1 10
6 13 22
13 22 6
22 6 13
0 14 13
14 13 0
13 0 14
4 9 21
9 21 4
21 4 9
12 23 21
23 21 12
21 12 23
1 7 10
7 10 1
10 1 7
5 14 21
14 21 5
21 5 14
15 22 18
22 18 15
18 15 22
3 19 20
19 20 3
20 3 19
6 23 9
23 9 6
9 6 23
1 11 13
11 13 1
13 1 11
