# A280537, n=24, точек 50 — нижняя граница, опубликованных данных нет
# инвариантна под (x,y,z)->(y,z,x); поиск без цели, потолок 3n=72
# проверено независимо: 0 компланарных, 0 коллинеарных, 0 троек с четвёртой
5 23 13
23 13 5
13 5 23
1 6 8
6 8 1
8 1 6
18 18 18
3 18 15
18 15 3
15 3 18
2 16 4
16 4 2
4 2 16
10 12 22
12 22 10
22 10 12
19 19 19
1 12 10
12 10 1
10 1 12
0 3 11
3 11 0
11 0 3
4 9 21
9 21 4
21 4 9
1 20 9
20 9 1
9 1 20
3 22 14
22 14 3
14 3 22
15 23 17
23 17 15
17 15 23
9 22 19
22 19 9
19 9 22
13 16 19
16 19 13
19 13 16
0 21 16
21 16 0
16 0 21
5 23 10
23 10 5
10 5 23
0 2 17
2 17 0
17 0 2
