0 1 3 20 0 142
0 1 4 0 0 156
0 1 4 20 0 152
0 1 5 0 0 117
0 1 5 20 0 120
0 1 6 0 0 225
0 1 6 20 0 203
0 1 7 0 0 191
0 1 2 0 0 138
0 1 8 0 0 228
0 1 3 0 0 114
0 1 9 0 0 137
0 1 9 20 0 128
0 1 8 20 0 234
0 1 7 20 0 216
0 1 2 20 0 96
0 1 11 20 0 112
0 1 11 0 0 109
0 1 12 0 0 218
0 1 13 0 0 152
0 1 13 20 0 199
0 1 14 0 0 196
0 1 14 20 0 268
0 1 15 0 0 169
0 1 16 20 0 193
0 1 17 0 0 221
0 1 17 20 0 180
0 1 18 0 0 379
0 1 18 20 0 273
0 2 1 0 0 142
0 2 1 20 0 379
0 2 3 0 0 139
0 2 3 20 0 93
0 2 4 0 0 158
0 2 4 20 0 264
0 2 5 0 0 70
0 2 5 20 0 137
0 2 6 0 0 110
0 2 6 20 0 71
0 2 7 0 0 149
0 2 7 20 0 142
0 2 8 0 0 123
0 2 8 20 0 74
0 2 9 0 0 53
0 2 9 20 0 30
0 1 15 20 0 164
0 1 12 20 0 264
0 2 11 20 0 143
0 2 11 0 0 61
0 1 16 0 0 167
0 2 13 20 0 192
0 2 14 0 0 177
0 2 14 20 0 182
0 2 15 0 0 130
0 2 15 20 0 118
0 2 16 0 0 179
0 2 16 20 0 323
0 2 17 0 0 186
0 2 17 20 0 185
0 2 19 0 0 96
0 2 12 0 0 142
0 2 13 0 0 161
0 3 1 20 0 221
0 3 2 0 0 136
0 2 12 20 0 172
0 3 2 20 0 186
0 3 4 20 0 149
0 3 5 0 0 145
0 3 5 20 0 117
0 3 6 0 0 50
0 3 6 20 0 217
0 3 7 0 0 215
0 3 1 0 0 105
0 3 4 0 0 118
0 3 8 0 0 122
0 3 9 0 0 67
0 3 9 20 0 87
0 3 11 0 0 106
0 3 11 20 0 101
0 3 12 0 0 77
0 3 12 20 0 92
0 2 19 20 0 237
0 3 13 0 0 186
0 3 14 0 0 66
0 3 14 20 0 285
0 3 15 0 0 161
0 3 15 20 0 138
0 3 16 0 0 138
0 3 16 20 0 228
0 3 18 0 0 93
0 3 18 20 0 215
0 3 19 0 0 142
0 3 19 20 0 157
0 4 1 0 0 153
0 4 1 20 0 167
0 4 2 0 0 164
0 4 2 20 0 179
0 4 3 0 0 117
0 4 3 20 0 138
0 4 5 0 0 104
0 3 7 20 0 227
0 4 6 0 0 59
0 4 6 20 0 99
0 4 7 0 0 77
0 4 7 20 0 94
0 4 5 20 0 150
0 4 8 0 0 24
0 4 9 0 0 97
0 4 9 20 0 96
0 4 8 20 0 29
0 4 11 0 0 111
0 4 12 0 
0 4 12 20 0 85
0 4 13 0 0 103
0 4 11 20 0 102
0 4 14 0 0 84
0 4 13 20 0 122
0 4 15 0 0 126
0 4 15 20 0 193
0 4 14 20 0 147
0 4 17 20 0 244
0 4 17 0 0 149
0 4 18 20 0 334
0 4 18 0 0 264
0 4 19 0 0 152
0 4 19 20 0 197
0 5 1 20 0 169
0 5 2 0 0 66
0 5 2 20 0 130
0 3 13 20 0 207
0 5 3 20 0 161
0 5 3 0 0 137
0 5 1 0 0 137
0 5 6 0 0 68
0 5 6 20 0 47
0 5 7 0 0 100
0 5 7 20 0 109
0 5 8 0 0 91
0 5 8 20 0 88
0 5 9 0 0 83
0 5 4 20 0 126
0 5 11 0 0 111
0 5 4 0 0 104
0 5 12 0 0 72
0 5 12 20 0 40
0 5 13 0 0 103
0 5 13 20 0 100
0 5 14 0 0 90
0 5 14 20 0 60
0 3 8 20 0 114
0 5 16 0 0 150
0 5 16 20 0 163
0 5 17 0 0 117
0 5 9 20 0 50
0 5 18 0 0 137
0 5 19 0 0 120
0 5 19 20 0 160
0 6 1 0 0 224
0 6 1 20 0 196
0 6 2 0 0 105
0 6 2 20 0 177
0 6 3 0 0 46
0 6 3 20 0 66
0 6 4 0 0 64
0 5 18 20 0 112
0 6 4 20 0 84
0 6 5 20 0 90
0 6 5 0 0 62
0 6 7 0 0 76
0 6 7 20 0 22
0 5 11 20 0 93
0 6 8 0 0 141
0 6 9 20 0 46
0 6 11 0 0 67
0 6 11 20 0 66
0 6 12 0 0 81
0 6 9 0 0 33
0 5 17 20 0 161
0 6 8 20 0 129
0 6 12 20 0 137
0 6 13 20 0 70
0 6 13 0 0 62
0 6 15 0 0 47
0 6 15 20 0 82
0 6 16 20 0 157
0 6 16 0 0 99
0 6 18 20 0 194
0 6 19 0 0 203
0 6 19 20 0 251
0 6 18 0 0 71
0 7 1 20 0 152
0 7 2 0 0 154
0 7 1 0 0 195
0 6 17 0 0 217
0 7 2 20 0 161
0 7 4 0 0 79
0 6 17 20 0 281
0 7 4 20 0 103
0 7 3 0 0 162
0 7 3 20 0 186
0 7 5 0 0 102
0 7 5 20 0 103
0 7 6 0 0 75
0 7 6 20 0 62
0 7 9 20 0 108
0 7 9 0 0 115
0 7 11 0 0 105
0 7 8 20 0 111
0 7 12 20 0 115
0 7 14 0 0 22
0 7 14 20 0 72
0 7 15 0 0 109
0 7 11 20 0 121
0 7 12 0 0 115
0 7 16 20 0 119
0 7 17 0 0 227
0 7 17 20 0 204
0 7 18 0 0 142
0 7 18 20 0 168
0 7 19 0 0 216
0 7 19 20 0 165
0 8 1 0 0 232
0 8 1 20 0 218
0 8 2 0 0 120
0 7 8 0 0 118
0 8 3 0 0 110
0 8 3 20 0 77
0 8 4 0 0 23
0 8 4 20 
0 7 16 0 0 94
0 8 5 20 0 72
0 8 5 0 0 83
0 8 6 20 0 81
0 8 6 0 0 139
0 8 7 20 0 115
0 8 9 0 0 66
0 7 15 20 0 103
0 8 2 20 0 142
0 8 9 20 0 44
0 8 7 0 0 127
0 8 11 0 0 83
0 8 13 20 0 110
0 8 14 0 0 129
0 8 15 0 0 88
0 8 15 20 0 39
0 8 16 0 0 29
0 8 16 20 0 79
0 8 14 20 0 158
0 8 11 20 0 82
0 8 13 0 0 111
0 8 17 0 0 114
0 8 17 20 0 100
0 8 18 0 0 74
0 8 18 20 0 152
0 8 19 0 0 234
0 8 19 20 0 265
0 9 1 20 0 109
0 9 1 0 0 148
0 9 3 20 0 106
0 9 4 0 0 95
0 9 4 20 0 111
0 9 5 0 0 79
0 9 5 20 0 111
0 9 6 0 0 38
0 9 6 20 0 67
0 9 2 20 0 61
0 9 7 20 0 105
0 9 7 0 0 111
0 9 8 20 0 83
0 9 8 0 0 60
0 9 3 0 0 64
0 9 12 0 0 44
0 9 13 0 0 108
0 9 14 0 0 46
0 9 14 20 0 68
0 9 12 20 0 81
0 9 13 20 0 113
0 9 15 0 0 50
0 9 15 20 0 102
0 9 2 0 0 55
0 9 17 20 0 96
0 9 18 0 0 30
0 9 18 20 0 118
0 9 17 0 0 87
0 9 19 0 0 128
0 9 19 20 0 124
0 11 1 0 0 109
0 11 1 20 0 137
0 11 2 20 0 53
0 11 2 0 0 71
0 11 3 20 0 67
0 11 3 0 0 101
0 11 4 0 0 103
0 11 5 0 0 109
0 11 5 20 0 83
0 11 6 0 0 61
0 11 6 20 0 33
0 11 7 0 0 106
0 9 16 20 0 101
0 11 4 20 0 97
0 11 7 20 0 115
0 9 16 0 0 96
0 11 12 0 0 82
0 11 12 20 0 41
0 11 13 0 0 121
0 11 13 20 0 113
0 11 14 20 0 40
0 11 15 0 0 93
0 11 15 20 0 51
0 11 14 0 0 66
0 11 16 0 0 102
0 11 16 20 0 93
0 11 17 20 0 79
0 11 17 0 0 101
0 11 18 0 0 143
0 11 18 20 0 27
0 11 8 20 0 66
0 11 19 0 0 112
0 11 19 20 0 132
0 12 2 0 0 134
0 12 1 0 0 238
0 12 1 20 0 228
0 12 3 0 0 78
0 12 3 20 0 122
0 12 2 20 0 123
0 12 4 0 
0 11 8 0 0 96
0 12 4 20 0 24
0 12 6 0 0 98
0 12 7 0 0 118
0 12 7 20 0 118
0 12 9 0 0 41
0 12 9 20 0 60
0 12 11 0 0 81
0 12 11 20 0 96
0 12 13 0 0 115
0 12 13 20 0 103
0 12 14 0 0 137
0 12 6 20 0 141
0 12 15 0 0 40
0 12 15 20 0 90
0 12 16 0 0 85
0 12 14 20 0 136
0 12 16 20 0 31
0 12 5 0 0 72
0 12 18 0 0 172
0 12 17 20 0 116
0 12 17 0 0 92
0 12 18 20 0 104
0 12 19 0 0 264
0 12 5 20 0 91
0 13 1 0 0 193
0 12 19 20 0 233
0 13 2 0 0 182
0 13 1 20 0 191
0 13 2 20 0 149
0 13 3 0 0 193
0 13 3 20 0 215
0 13 4 0 0 104
0 13 5 20 0 100
0 13 6 20 0 76
0 13 8 0 0 103
0 13 8 20 0 127
0 13 9 0 0 113
0 13 9 20 0 111
0 13 11 0 0 113
0 13 11 20 0 106
0 13 12 0 0 110
0 13 12 20 0 118
0 13 14 0 0 70
0 13 14 20 0 21
0 13 15 0 0 100
0 13 5 0 0 114
0 13 16 0 0 122
0 13 16 20 0 98
0 13 17 0 0 207
0 13 17 20 0 208
0 13 18 0 0 192
0 13 18 20 0 153
0 13 15 20 0 118
0 13 19 20 0 209
0 14 1 0 0 228
0 14 1 20 0 225
0 14 2 0 0 154
0 14 2 20 0 110
0 14 3 0 0 76
0 14 3 20 0 50
0 13 19 0 0 199
0 14 4 20 0 59
0 14 5 0 0 86
0 14 5 20 0 68
0 14 7 0 0 21
0 14 7 20 0 75
0 14 4 0 0 91
0 14 8 0 0 136
0 13 4 20 0 77
0 14 9 20 0 38
0 14 11 0 0 68
0 14 11 20 0 61
0 14 12 0 0 158
0 14 12 20 0 98
0 14 13 0 0 72
0 14 13 20 0 66
0 14 15 0 0 60
0 14 15 20 0 46
0 14 8 20 0 139
0 14 16 20 0 103
0 14 17 0 0 285
0 14 16 0 0 147
0 14 18 0 0 182
0 14 18 20 0 75
0 14 19 0 0 268
0 14 19 20 0 215
0 15 1 0 0 153
0 15 1 20 0 117
0 15 2 0 0 176
0 15 2 20 0 70
0 15 3 0 0 148
0 15 3 20 0 145
0 15 4 0 0 127
0 14 17 20 0 231
0 15 4 20 0 104
0 15 6 20 0 62
0 15 7 0 0 118
0 15 7 20 0 102
0 15 8 0 0 90
0 15 8 20 0 83
0 14 9 0 0 40
0 15 9 20 0 79
0 15 11 0 0 102
0 15 11 20 0 109
0 15 12 0 0 39
0 15 12 20 0 72
0 15 13 0 0 103
0 15 13 20 0 114
0 15 14 0 0 82
0 15 14 20 0 86
0 15 16 0 0 193
0 15 16 20 0 151
0 15 17 0 0 138
0 15 17 20 0 121
0 15 18 0 0 118
0 15 18 20 0 150
0 15 19 0 0 164
0 15 9 0 0 51
0 16 1 0 0 169
0 15 19 20 0 118
0 16 1 20 0 156
0 16 2 20 0 158
0 16 3 0 0 135
0 16 3 20 0 118
0 16 5 0 0 151
0 16 5 20 0 104
0 16 6 0 0 103
0 16 6 20 0 64
0 16 7 0 0 98
0 16 7 20 0 79
0 16 8 0 0 31
0 16 8 20 0 23
0 16 9 0 0 93
0 16 9 20 0 95
0 16 11 0 0 101
0 16 11 20 0 103
0 16 12 0 0 79
0 16 12 20 
0 16 13 0 0 119
0 16 13 20 0 104
0 13 6 0 0 66
0 16 14 0 0 157
0 16 14 20 0 91
0 16 15 20 0 127
0 16 17 0 0 228
0 16 17 20 0 155
0 16 18 0 0 323
0 16 15 0 0 163
0 16 18 20 0 269
0 16 19 20 0 155
0 17 1 0 0 197
0 17 1 20 0 114
0 17 2 0 0 160
0 17 2 20 0 139
0 15 6 0 0 46
0 16 2 0 0 183
0 17 4 20 0 117
0 17 5 20 0 137
0 17 6 0 0 231
0 17 6 20 0 46
0 17 7 0 0 208
0 17 7 20 0 162
0 17 8 0 0 116
0 17 8 20 0 110
0 17 9 0 0 79
0 17 9 20 0 64
0 17 11 0 0 96
0 17 11 20 0 101
0 17 12 0 0 100
0 17 12 20 0 78
0 17 13 0 0 204
0 17 13 20 0 193
0 17 4 0 0 155
0 17 14 20 0 76
0 17 15 0 0 161
0 17 15 20 0 148
0 17 14 0 0 281
0 17 16 0 0 244
0 17 16 20 0 135
0 17 18 20 0 118
0 17 19 0 0 180
0 17 19 20 0 123
0 17 18 0 0 185
0 18 1 0 0 376
0 18 1 20 0 138
0 18 3 0 0 118
0 18 4 0 0 269
0 18 4 20 0 164
0 18 5 0 0 150
0 18 3 20 0 136
0 18 5 20 0 66
0 18 6 0 0 75
0 18 6 20 0 105
0 18 7 20 0 154
0 18 8 0 0 104
0 18 8 20 0 120
0 18 9 0 0 27
0 18 7 0 0 153
0 18 9 20 0 55
0 18 11 20 0 71
0 18 12 0 0 152
0 18 12 20 0 134
0 18 13 0 0 168
0 18 13 20 0 182
0 18 14 0 0 194
0 18 14 20 0 154
0 18 15 0 0 112
0 18 15 20 0 176
0 18 16 0 0 334
0 18 16 20 0 183
0 18 17 0 0 215
0 18 17 20 0 160
0 18 19 0 0 273
0 18 19 20 0 107
0 17 5 0 0 121
0 19 2 0 0 107
0 16 19 0 0 193
0 19 3 20 0 105
0 19 4 0 0 155
0 19 4 20 0 153
0 19 5 0 0 118
0 19 5 20 0 137
0 19 6 0 0 215
0 19 6 20 0 224
0 19 7 0 0 209
0 19 7 20 0 195
0 19 8 0 0 233
0 19 8 20 0 232
0 19 9 0 0 132
0 19 9 20 0 148
0 19 11 0 0 124
0 19 11 20 0 109
0 19 12 0 0 265
0 19 3 0 0 123
0 19 13 0 0 165
0 19 13 20 0 193
0 19 14 0 0 251
0 19 14 20 0 228
0 19 15 0 0 160
0 19 15 20 0 153
0 18 11 0 0 118
0 19 16 0 0 197
0 19 17 0 0 157
0 19 16 20 0 169
0 19 17 20 0 197
0 19 18 20 0 376
1 0 2 1 0 142
0 19 18 0 0 237
1 0 2 19 0 237
0 19 12 20 0 238
1 0 3 1 0 105
1 0 4 19 0 197
1 0 5 1 0 137
1 0 4 1 0 153
0 19 2 20 0 142
1 0 5 19 0 160
1 0 3 19 0 157
1 0 7 1 0 195
1 0 8 1 0 232
1 0 8 19 0 265
1 0 9 1 0 148
1 0 6 19 0 251
1 0 9 19 0 124
1 0 6 1 0 224
1 0 7 19 0 165
1 0 11 1 0 109
1 0 11 19 0 132
1 0 12 1 0 238
1 0 14 1 0 228
1 0 14 19 0 215
1 0 15 1 0 153
1 0 15 19 0 118
1 0 16 1 0 169
1 0 16 19 0 155
1 0 17 1 0 197
1 0 17 19 0 123
1 0 18 1 0 376
1 0 18 19 0 107
1 2 0 1 0 138
1 2 0 19 0 376
1 0 12 19 0 233
1 0 13 19 0 209
1 0 13 1 0 193
1 2 4 19 0 113
1 2 3 19 0 201
1 2 3 1 0 106
1 2 5 19 0 231
1 2 5 1 0 200
1 2 4 1 0 112
1 2 6 1 0 171
1 2 7 1 0 211
1 2 8 19 0 96
1 2 9 1 0 85
1 2 7 19 0 211
1 2 8 1 0 100
1 2 6 19 0 190
1 2 11 19 0 52
1 2 12 19 0 107
1 2 13 1 0 246
1 2 13 19 0 248
1 2 14 1 0 243
1 2 14 19 0 255
1 2 15 1 0 278
1 2 15 19 0 297
1 2 16 1 0 207
1 2 16 19 0 243
1 2 11 1 0 77
1 2 17 1 0 427
1 2 12 1 0 138
1 2 9 19 0 68
1 2 17 19 0 338
1 2 20 1 0 237
1 3 2 1 0 99
1 3 2 19 0 427
1 3 0 1 0 114
1 3 4 1 0 105
1 3 4 19 0 165
1 3 5 19 0 289
1 3 6 1 0 121
1 3 6 19 0 191
1 3 7 1 0 119
1 3 7 19 0 156
1 3 8 1 0 139
1 3 8 19 0 146
1 3 0 19 0 197
1 3 9 1 0 114
1 2 20 19 0 96
1 3 5 1 0 171
1 3 9 19 0 92
1 3 11 1 0 119
1 3 11 19 0 84
1 3 12 1 0 180
1 3 12 19 0 123
1 3 13 19 0 182
1 3 15 1 0 218
1 3 15 19 0 297
1 3 16 1 0 120
1 3 16 19 0 222
1 3 18 1 0 201
1 3 14 19 0 171
1 3 20 1 0 157
1 3 20 19 0 142
1 3 18 19 0 324
1 4 0 19 0 169
1 4 0 1 0 156
1 4 2 1 0 107
1 3 14 1 0 148
1 3 13 1 0 151
1 4 2 19 0 207
1 4 3 1 0 103
1 4 5 1 0 138
1 4 3 19 0 120
1 4 6 1 
1 4 6 19 
1 4 7 19 0 187
1 4 8 19 0 81
1 4 9 1 0 86
1 4 9 19 0 56
1 4 11 1 0 73
1 4 11 19 0 24
1 4 12 1 0 129
1 4 12 19 0 84
1 4 13 1 0 316
1 4 13 19 0 601
1 4 14 1 0 75
1 4 5 19 0 167
1 4 8 1 0 87
1 4 7 1 0 122
1 4 15 1 0 185
1 4 17 1 0 165
1 4 18 1 0 113
1 4 17 19 0 215
1 4 20 1 0 197
1 4 20 19 0 152
1 5 0 1 0 117
1 5 0 19 0 153
1 5 2 1 0 187
1 5 2 19 0 278
1 5 3 1 0 185
1 5 3 19 0 218
1 5 4 1 0 138
1 5 4 19 0 185
1 4 14 19 0 66
1 4 18 19 0 241
1 5 7 1 0 137
1 5 7 19 0 143
1 4 15 19 0 209
1 5 8 19 0 20
1 5 9 1 0 88
1 5 9 19 0 73
1 5 11 1 0 98
1 5 11 19 0 54
1 5 12 1 0 128
1 5 12 19 0 45
1 5 13 1 0 128
1 5 13 19 0 130
1 5 14 1 0 195
1 5 14 19 0 223
1 5 16 1 0 167
1 5 8 1 0 60
1 5 17 1 0 289
1 5 6 1 0 186
1 5 18 1 0 231
1 5 18 19 0 256
1 5 20 1 0 160
1 5 16 19 0 207
1 5 20 19 0 120
1 6 0 19 0 228
1 6 2 1 0 170
1 6 2 19 0 243
1 6 3 1 0 113
1 6 3 19 0 148
1 5 17 19 0 288
1 6 4 19 0 75
1 6 4 1 
1 6 5 1 0 165
1 6 7 1 0 134
1 6 5 19 0 195
1 6 7 19 0 132
1 6 8 19 0 104
1 6 8 1 0 74
1 6 0 1 0 225
1 6 9 1 0 84
1 5 6 19 0 206
1 6 9 19 0 76
1 6 11 1 0 29
1 6 13 1 0 132
1 6 12 19 0 114
1 6 13 19 0 164
1 6 15 1 0 206
1 6 16 1 
1 6 15 19 0 233
1 6 17 1 0 191
1 6 17 19 0 181
1 6 18 1 0 190
1 6 18 19 0 243
1 6 20 1 0 251
1 6 20 19 0 203
1 7 0 1 0 191
1 7 0 19 0 193
1 7 2 1 0 222
1 7 2 19 0 246
1 7 3 1 0 117
1 7 3 19 0 151
1 7 4 1 0 99
1 7 4 19 0 316
1 7 5 1 0 107
1 7 5 19 0 128
1 7 6 1 0 105
1 7 6 19 0 132
1 7 8 1 0 75
1 7 8 19 0 67
1 7 9 1 
1 7 9 19 
1 7 11 1 0 38
1 7 11 19 0 46
1 7 12 1 0 130
1 7 12 19 0 87
1 6 16 19 0 65
1 7 14 1 0 132
1 6 12 1 0 75
1 7 14 19 0 166
1 7 16 1 0 187
1 7 15 19 0 143
1 7 16 19 0 576
1 7 17 19 0 154
1 7 18 1 0 211
1 7 18 19 0 244
1 7 20 1 0 165
1 7 20 19 0 216
1 8 0 1 0 228
1 8 0 19 0 238
1 8 2 1 0 123
1 8 2 19 0 138
1 8 3 1 0 134
1 8 3 19 0 180
1 8 4 1 0 89
1 7 17 1 0 156
1 8 4 19 0 129
1 8 5 19 0 128
1 8 6 1 0 79
1 8 6 19 0 75
1 8 5 1 0 58
1 8 7 1 0 76
1 8 7 19 0 130
1 8 9 19 0 71
1 7 15 1 0 143
1 8 11 19 0 62
1 8 13 1 0 67
1 8 13 19 0 90
1 8 14 1 0 104
1 8 11 1 0 61
1 8 15 1 0 20
1 8 15 19 0 47
1 8 16 1 0 81
1 8 16 19 0 81
1 8 17 1 0 146
1 8 17 19 0 109
1 8 9 1 0 63
1 8 18 1 0 96
1 8 18 19 0 127
1 8 20 1 0 265
1 8 20 19 0 234
1 9 0 1 0 137
1 8 14 19 0 115
1 9 0 19 0 109
1 9 2 1 0 67
1 9 3 19 0 119
1 9 3 1 0 114
1 9 4 1 0 83
1 9 5 1 0 92
1 9 5 19 0 98
1 9 6 1 0 82
1 9 6 19 0 29
1 9 7 1 
1 9 7 19 0 38
1 9 8 1 0 63
1 9 8 19 0 61
1 9 12 1 0 71
1 9 12 19 0 60
1 9 13 1 
1 9 2 19 0 77
1 9 4 19 0 73
1 9 13 19 0 47
1 6 11 19 0 49
1 9 14 19 0 53
1 9 14 1 0 76
1 9 16 1 0 56
1 9 16 19 0 21
1 9 15 19 0 58
1 9 17 19 0 83
1 9 17 1 0 92
1 9 15 1 0 73
1 9 18 1 0 68
1 9 18 19 0 51
1 11 0 19 0 148
1 11 2 1 0 69
1 11 0 1 0 109
1 11 2 19 0 85
1 9 20 19 0 128
1 11 4 1 0 69
1 11 3 19 0 114
1 11 5 1 0 102
1 11 5 19 0 88
1 11 4 19 0 86
1 11 6 19 0 84
1 11 7 1 0 33
1 11 7 19 
1 11 8 1 0 57
1 11 8 19 0 63
1 11 12 1 0 62
1 11 12 19 0 75
1 11 13 1 0 46
1 11 13 19 
1 9 20 1 0 124
1 11 14 1 0 49
1 11 14 19 0 76
1 11 15 19 0 66
1 11 15 1 0 54
1 11 16 1 0 24
1 11 17 1 0 84
1 11 17 19 0 95
1 11 18 1 0 52
1 11 16 19 0 54
1 11 20 1 0 132
1 11 18 19 0 70
1 12 0 1 0 218
1 12 0 19 0 232
1 12 2 1 0 131
1 12 2 19 0 100
1 12 3 1 0 183
1 12 3 19 0 139
1 12 4 1 0 133
1 11 20 19 0 112
1 12 4 19 0 87
1 12 5 19 0 60
1 12 6 1 0 70
1 11 3 1 0 113
1 12 7 1 0 133
1 12 7 19 0 75
1 12 9 1 0 75
1 12 9 19 0 63
1 12 6 19 0 74
1 12 11 19 0 57
1 12 13 1 0 87
1 12 13 19 0 59
1 12 5 1 0 122
1 12 14 1 0 114
1 12 15 1 0 45
1 12 15 19 0 19
1 12 16 1 0 84
1 12 16 19 0 73
1 12 17 1 0 123
1 12 17 19 0 140
1 12 14 19 0 103
1 11 6 1 0 26
1 12 11 1 0 60
1 12 20 19 0 264
1 13 0 1 0 152
1 13 0 19 0 195
1 13 2 1 0 249
1 13 2 19 0 211
1 13 3 1 0 156
1 13 3 19 0 119
1 13 4 1 0 301
1 13 4 19 0 122
1 13 5 1 0 130
1 13 5 19 0 137
1 13 6 1 0 131
1 13 6 19 0 134
1 13 8 1 0 59
1 13 8 19 0 76
1 13 9 1 
1 13 9 19 
1 13 11 1 0 47
1 13 11 19 0 33
1 13 12 1 0 90
1 13 12 19 0 133
1 13 14 1 0 164
1 13 14 19 0 147
1 13 15 1 0 130
1 13 15 19 0 138
1 13 16 1 0 601
1 13 16 19 0 157
1 13 17 1 0 182
1 12 18 19 0 82
1 13 18 1 0 248
1 13 18 19 0 215
1 13 20 1 0 209
1 13 20 19 0 199
1 14 0 1 0 196
1 12 18 1 0 107
1 14 2 1 0 235
1 14 2 19 0 171
1 14 3 1 0 146
1 14 3 19 0 121
1 14 4 1 0 89
1 14 4 19 
1 14 5 1 0 189
1 14 5 19 0 186
1 14 7 1 0 147
1 14 7 19 0 105
1 14 8 1 0 103
1 14 8 19 0 79
1 14 9 1 0 76
1 14 9 19 0 82
1 14 11 1 0 53
1 14 11 19 0 26
1 14 12 1 0 115
1 14 12 19 0 70
1 14 13 1 0 166
1 14 13 19 0 131
1 14 15 1 0 223
1 14 15 19 0 185
1 14 16 1 0 66
1 14 16 19 
1 14 17 1 0 171
1 14 17 19 0 190
1 14 18 1 0 255
1 14 18 19 0 160
1 14 20 1 0 215
1 14 20 19 0 268
1 14 0 19 0 224
1 13 17 19 0 147
1 15 0 1 0 169
1 15 0 19 0 137
1 12 20 1 0 233
1 15 2 1 0 259
1 15 3 19 0 171
1 15 4 19 0 138
1 15 6 1 0 185
1 15 6 19 0 165
1 15 7 1 0 138
1 15 3 1 0 197
1 15 8 1 0 19
1 15 8 19 0 58
1 15 9 1 0 66
1 15 9 19 0 92
1 15 11 1 0 58
1 15 11 19 0 102
1 15 12 1 0 47
1 15 12 19 0 122
1 15 13 1 0 143
1 15 13 19 0 130
1 15 14 1 0 233
1 15 14 19 0 189
1 15 16 1 0 209
1 15 16 19 0 168
1 15 17 1 0 297
1 15 17 19 0 273
1 15 18 1 0 297
1 15 18 19 0 226
1 15 7 19 0 107
1 15 20 19 0 164
1 16 0 1 0 167
1 15 20 1 0 118
1 16 2 1 0 213
1 16 2 19 0 112
1 16 3 1 0 124
1 16 3 19 0 105
1 16 5 1 0 168
1 16 5 19 0 138
1 16 6 1 
1 16 6 19 
1 16 7 1 0 157
1 16 7 19 0 99
1 16 8 1 0 73
1 16 8 19 0 89
1 16 9 1 0 54
1 16 9 19 0 83
1 16 11 1 0 21
1 16 0 19 0 153
1 16 11 19 0 69
1 16 12 19 0 133
1 16 13 1 0 576
1 16 13 19 0 301
1 16 14 1 0 65
1 16 14 19 0 89
1 16 15 1 0 207
1 16 15 19 0 182
1 16 17 1 0 222
1 16 17 19 0 156
1 16 18 1 0 243
1 16 18 19 0 117
1 16 20 1 0 155
1 16 20 19 0 193
1 17 0 1 0 221
1 17 0 19 0 105
1 17 2 1 0 426
1 17 2 19 0 106
1 17 4 1 0 156
1 17 4 19 0 103
1 17 5 1 0 273
1 17 5 19 0 185
1 17 6 1 0 190
1 17 6 19 0 113
1 17 7 1 0 147
1 17 7 19 0 117
1 17 8 1 0 140
1 17 8 19 0 134
1 17 9 1 0 95
1 17 9 19 0 114
1 17 11 1 0 83
1 17 11 19 0 113
1 17 12 1 0 109
1 17 12 19 0 183
1 17 13 1 0 154
1 17 13 19 0 156
1 17 14 1 0 181
1 17 14 19 0 146
1 17 15 1 0 288
1 17 15 19 0 197
1 17 16 1 0 215
1 17 16 19 0 124
1 17 18 1 0 338
1 17 18 19 0 235
1 17 20 1 0 123
1 16 12 1 0 81
1 15 2 19 0 200
1 15 4 1 0 182
1 18 3 1 0 235
1 18 3 19 0 99
1 18 4 1 0 117
1 18 4 19 0 107
1 18 5 1 0 226
1 18 5 19 0 187
1 18 6 1 0 160
1 18 6 19 0 170
1 18 7 1 0 215
1 18 7 19 0 222
1 18 8 1 0 82
1 18 8 19 0 123
1 18 9 1 0 70
1 18 9 19 0 67
1 18 11 1 0 51
1 18 11 19 0 69
1 18 12 1 0 127
1 18 12 19 0 131
1 18 13 1 0 244
1 18 13 19 0 249
1 18 14 1 0 243
1 18 14 19 0 235
1 18 0 1 0 379
1 18 15 19 0 259
1 18 16 1 0 241
1 18 16 19 0 213
1 18 17 1 0 324
1 18 17 19 0 426
1 18 20 1 0 107
1 18 20 19 0 273
1 20 2 1 0 273
1 20 2 19 0 138
1 20 3 1 0 180
1 17 20 19 0 180
1 18 0 19 0 142
1 20 4 19 0 156
1 20 5 1 0 164
1 20 5 19 0 117
1 20 6 1 0 268
1 20 6 19 0 225
1 20 4 1 0 193
1 20 7 19 0 191
1 20 8 1 0 264
1 20 8 19 0 228
1 20 9 1 0 112
1 20 9 19 0 137
1 20 11 1 0 128
1 20 11 19 0 109
1 20 12 1 0 234
1 20 12 19 0 218
1 20 7 1 0 199
1 20 13 1 0 216
1 20 13 19 0 152
1 20 3 19 0 114
1 20 14 19 0 196
1 20 14 1 0 203
1 20 16 1 0 152
1 20 16 19 0 167
1 20 17 1 0 142
1 20 17 19 0 221
1 20 18 1 0 96
1 20 18 19 0 379
2 0 1 2 0 138
2 0 1 18 0 273
2 0 3 2 0 136
2 0 3 18 0 215
2 0 4 2 0 164
1 20 15 19 0 169
2 0 5 2 0 66
2 0 5 18 0 112
2 0 6 2 0 105
2 0 4 18 0 334
2 0 6 18 0 194
2 0 7 18 0 168
2 0 8 2 0 120
1 18 15 1 0 256
2 0 7 2 0 154
1 20 15 1 0 120
2 0 8 18 0 152
2 0 9 2 0 55
2 0 9 18 0 118
2 0 11 18 0 27
2 0 12 18 0 104
2 0 13 18 0 153
2 0 14 2 0 154
2 0 14 18 0 75
2 0 15 2 0 176
2 0 15 18 0 150
2 0 16 2 0 183
2 0 16 18 0 269
2 0 17 2 0 160
2 0 17 18 0 118
2 0 19 2 0 107
2 0 19 18 0 376
2 0 13 2 0 182
2 1 0 18 0 107
2 1 3 2 0 99
2 1 3 18 0 324
2 1 4 2 0 107
2 1 4 18 0 241
2 1 5 2 0 187
2 1 5 18 0 256
2 1 6 2 0 170
2 1 0 2 0 142
2 1 7 2 0 222
2 1 7 18 0 244
2 1 8 2 0 123
2 1 8 18 0 127
2 1 9 2 0 67
2 1 9 18 0 51
2 1 11 2 0 69
2 1 11 18 0 70
2 0 12 2 0 134
2 0 11 2 0 71
2 1 6 18 0 243
2 1 13 2 0 249
2 1 13 18 0 215
2 1 14 2 0 235
2 1 14 18 0 160
2 1 15 2 0 259
2 1 16 2 0 213
2 1 16 18 0 117
2 1 17 2 0 426
2 1 15 18 0 226
2 1 20 2 0 273
2 1 20 18 0 379
2 3 0 2 0 139
2 3 0 18 0 160
2 3 1 2 0 106
2 3 1 18 0 426
2 1 12 18 0 82
2 3 4 2 0 76
2 3 4 18 0 149
2 3 5 2 0 91
2 1 17 18 0 235
2 3 5 18 0 158
2 3 7 2 0 73
2 3 6 2 0 65
2 3 6 18 0 93
2 3 8 18 0 49
2 3 9 2 0 81
2 3 9 18 0 130
2 3 11 2 0 141
2 3 11 18 0 74
2 3 12 2 0 87
2 3 12 18 0 43
2 3 8 2 0 76
2 3 13 18 0 93
2 3 14 2 0 112
2 3 14 18 0 74
2 3 15 2 0 211
2 3 15 18 0 192
2 3 16 2 0 201
2 3 16 18 0 266
2 3 19 2 0 324
2 3 13 2 0 152
2 3 20 2 0 215
2 3 19 18 0 201
2 4 0 2 0 158
2 1 12 2 0 131
2 3 20 18 0 93
2 4 1 18 0 213
2 4 0 18 0 183
2 4 3 2 0 92
2 4 1 2 0 112
2 3 7 18 0 61
2 4 3 18 0 201
2 4 5 2 0 67
2 4 5 18 0 109
2 4 6 2 0 71
2 4 8 2 0 39
2 4 7 2 0 40
2 4 7 18 0 49
2 4 8 18 0 103
2 4 9 18 0 14
2 4 11 18 0 29
2 4 12 2 0 95
2 4 12 18 0 94
2 4 13 2 0 100
2 4 13 18 0 80
2 4 14 2 0 85
2 4 14 18 0 134
2 4 15 2 0 120
2 4 15 18 0 141
2 4 17 2 0 149
2 4 17 18 0 263
2 4 19 2 0 241
2 4 19 18 0 113
2 4 20 2 0 334
2 4 11 2 0 50
2 4 6 18 0 115
2 4 9 2 0 29
2 5 0 18 0 176
2 5 1 2 0 200
2 5 1 18 0 259
2 5 3 2 0 80
2 5 4 2 0 63
2 5 3 18 0 211
2 5 4 18 0 120
2 5 6 2 0 48
2 5 7 2 0 122
2 5 0 2 0 70
2 5 8 2 0 22
2 5 7 18 0 173
2 5 9 2 0 73
2 5 9 18 0 64
2 5 11 2 0 40
2 5 11 18 0 64
2 5 12 2 0 65
2 5 12 18 0 43
2 5 13 2 0 160
2 5 13 18 0 173
2 5 14 2 0 59
2 5 14 18 0 77
2 5 16 2 0 109
2 5 16 18 0 131
2 5 17 2 0 158
2 5 17 18 0 215
2 5 19 2 0 256
2 5 19 18 0 231
2 5 20 2 0 112
2 5 20 18 0 137
2 6 0 2 0 110
2 6 0 18 0 154
2 6 1 2 0 171
2 6 1 18 0 235
2 6 3 2 0 69
2 6 3 18 0 112
2 5 8 18 0 47
2 6 4 2 0 72
2 4 20 18 0 264
2 5 6 18 0 104
2 6 4 18 0 85
2 6 5 2 0 52
2 6 5 18 0 59
2 6 7 2 0 80
2 6 7 18 0 79
2 6 8 18 
2 6 9 18 0 23
2 6 11 2 0 18
2 6 9 2 0 44
2 6 8 2 
2 6 11 18 0 17
2 6 12 2 0 86
2 6 12 18 0 62
2 6 13 2 0 67
2 6 13 18 0 88
2 6 15 2 0 104
2 6 15 18 0 80
2 6 16 2 0 115
2 6 16 18 0 144
2 6 17 2 0 93
2 6 17 18 0 79
2 6 19 2 0 243
2 6 19 18 0 190
2 6 20 2 0 194
2 6 20 18 0 71
2 7 0 2 0 149
2 7 0 18 0 182
2 7 1 2 0 211
2 7 1 18 0 249
2 7 4 2 0 42
2 7 4 18 0 100
2 7 5 18 0 160
2 7 6 2 0 73
2 7 6 18 0 67
2 7 8 2 0 27
2 7 8 18 0 50
2 7 9 2 0 47
2 7 9 18 0 44
2 7 5 2 0 112
2 7 3 2 0 77
2 7 11 2 0 41
2 7 12 18 0 52
2 7 14 2 0 79
2 7 14 18 0 86
2 7 15 2 0 173
2 7 15 18 0 148
2 7 16 2 0 49
2 7 16 18 0 82
2 7 17 2 0 61
2 7 17 18 0 89
2 7 19 2 0 244
2 7 19 18 0 211
2 7 20 2 0 168
2 7 20 18 0 142
2 8 0 2 0 123
2 8 0 18 0 134
2 8 1 2 0 100
2 8 1 18 0 131
2 8 3 2 0 78
2 8 3 18 0 87
2 8 4 2 0 37
2 7 11 18 0 50
2 8 5 2 0 20
2 8 5 18 0 65
2 8 6 2 
2 8 6 18 0 86
2 8 7 2 0 31
2 8 7 18 0 13
2 8 9 2 0 22
2 8 9 18 0 23
2 8 11 2 0 8
2 8 11 18 0 19
2 7 12 2 0 13
2 8 4 18 0 95
2 8 13 2 0 50
2 8 14 18 0 59
2 8 15 2 0 47
2 8 15 18 0 49
2 8 16 2 0 103
2 8 16 18 0 99
2 8 17 2 0 49
2 8 14 2 
2 8 19 2 0 127
2 8 17 18 0 41
2 8 20 2 0 152
2 8 19 18 0 96
2 8 20 18 0 74
2 9 0 18 0 71
2 9 1 2 0 85
2 9 1 18 0 69
2 8 13 18 0 43
2 9 3 2 0 86
2 7 3 18 0 152
2 9 0 2 0 53
2 9 3 18 0 141
2 9 5 2 0 74
2 9 5 18 0 40
2 9 6 2 0 43
2 9 6 18 0 18
2 9 4 18 0 50
2 9 7 18 0 41
2 9 8 18 0 8
2 9 12 2 0 23
2 9 7 2 0 44
2 9 12 18 0 16
2 9 13 18 0 54
2 9 14 2 0 23
2 9 14 18 0 16
2 9 8 2 0 21
2 9 15 18 0 58
2 9 15 2 0 64
2 9 16 18 0 28
2 9 16 2 0 14
2 9 17 2 0 130
2 9 19 2 0 51
2 9 19 18 0 68
2 9 20 2 0 118
2 9 17 18 0 70
2 9 13 2 0 44
2 11 0 18 0 55
2 11 1 2 0 77
2 11 1 18 0 67
2 11 3 2 0 123
2 11 3 18 0 81
2 11 0 2 0 61
2 11 4 2 0 52
2 11 5 2 0 42
2 11 5 18 0 73
2 11 6 2 0 19
2 11 4 18 0 29
2 11 7 2 0 40
2 11 6 18 0 44
2 11 8 2 0 11
2 11 8 18 0 22
2 11 7 18 0 47
2 11 12 18 0 22
2 11 13 2 0 50
2 11 12 2 0 19
2 9 20 18 0 30
2 11 14 2 0 17
2 11 13 18 0 45
2 11 15 18 0 60
2 11 16 2 0 29
2 11 16 18 0 14
2 11 17 2 0 74
2 11 17 18 0 99
2 11 19 2 0 70
2 11 19 18 0 52
2 11 14 18 0 20
2 11 20 18 0 143
2 12 0 2 0 142
2 12 0 18 0 120
2 12 1 2 0 138
2 12 1 18 0 123
2 12 3 2 0 90
2 12 3 18 0 76
2 11 20 2 0 27
2 12 4 2 0 97
2 12 4 18 0 39
2 12 5 2 0 67
2 12 6 2 0 86
2 12 5 18 0 22
2 12 7 2 0 14
2 12 6 18 
2 11 15 2 0 64
2 12 9 2 0 22
2 12 11 2 0 16
2 12 11 18 0 11
2 12 13 2 0 52
2 12 13 18 0 48
2 12 14 2 0 62
2 12 14 18 
2 12 15 2 0 43
2 12 15 18 0 53
2 12 16 2 0 94
2 12 16 18 0 87
2 12 7 18 0 27
2 9 4 2 0 29
2 12 9 18 0 21
2 12 17 2 0 43
2 12 17 18 0 47
2 12 20 18 0 172
2 12 20 2 0 104
2 13 0 18 0 154
2 13 1 2 0 246
2 13 1 18 0 222
2 13 3 2 0 146
2 13 3 18 0 73
2 13 4 2 0 98
2 13 4 18 0 40
2 13 5 2 0 161
2 12 19 18 0 107
2 13 6 2 0 69
2 13 5 18 0 122
2 13 6 18 0 80
2 13 8 18 0 31
2 13 9 2 0 45
2 13 9 18 0 44
2 13 11 2 0 54
2 13 11 18 0 40
2 13 12 2 0 43
2 13 12 18 0 14
2 13 14 2 0 88
2 13 8 2 0 48
2 13 15 2 0 173
2 13 15 18 0 157
2 13 16 2 0 80
2 13 16 18 0 45
2 13 17 2 0 93
2 13 17 18 0 62
2 13 19 2 0 215
2 13 19 18 0 248
2 13 20 2 0 153
2 13 20 18 0 192
2 14 0 2 0 177
2 14 0 18 0 105
2 14 1 2 0 243
2 14 1 18 0 170
2 14 3 2 0 103
2 14 3 18 0 65
2 14 4 2 0 79
2 14 4 18 0 71
2 14 5 2 0 57
2 13 14 18 0 76
2 14 5 18 0 48
2 14 7 18 0 73
2 14 8 2 
2 14 8 18 
2 14 9 2 0 20
2 14 9 18 0 43
2 14 11 2 0 16
2 14 11 18 0 19
2 14 12 2 0 59
2 14 12 18 0 86
2 14 13 2 0 86
2 12 19 2 0 82
2 14 15 2 0 77
2 13 0 2 0 161
2 14 16 2 0 134
2 14 16 18 0 113
2 14 17 2 0 74
2 14 17 18 0 91
2 14 19 2 0 160
2 14 19 18 0 255
2 14 20 2 0 75
2 14 20 18 0 182
2 15 0 2 0 130
2 15 0 18 0 66
2 15 1 2 0 278
2 15 1 18 0 187
2 15 3 2 0 211
2 14 7 2 0 76
2 15 3 18 0 91
2 15 4 2 0 117
2 15 4 18 0 67
2 15 6 2 0 101
2 15 6 18 0 52
2 15 7 18 0 112
2 15 8 2 0 53
2 15 8 18 0 20
2 14 15 18 0 101
2 15 7 2 0 157
2 15 11 2 0 58
2 15 11 18 0 42
2 15 12 2 0 49
2 15 12 18 0 67
2 15 13 2 0 148
2 15 13 18 0 161
2 15 14 2 0 80
2 15 9 18 0 74
2 15 14 18 0 57
2 15 16 18 0 110
2 15 17 2 0 192
2 15 17 18 0 166
2 15 9 2 0 60
2 15 16 2 0 141
2 15 19 2 0 226
2 14 13 18 0 69
2 15 19 18 0 297
2 15 20 2 0 150
2 15 20 18 0 118
2 16 0 18 0 164
2 16 1 2 0 207
2 16 0 2 0 179
2 16 1 18 0 107
2 16 3 2 0 214
2 16 3 18 0 76
2 16 5 2 0 110
2 16 5 18 0 63
2 16 6 2 0 113
2 16 6 18 0 72
2 16 8 18 0 37
2 16 9 2 0 14
2 16 8 2 0 87
2 16 9 18 0 29
2 16 11 18 0 52
2 16 7 2 0 45
2 16 11 2 0 28
2 16 12 18 0 97
2 16 12 2 0 99
2 16 13 18 0 98
2 16 14 18 0 79
2 16 15 2 0 131
2 16 15 18 0 117
2 16 17 2 0 266
2 16 14 2 0 144
2 16 7 18 0 42
2 16 13 2 0 82
2 16 19 18 0 243
2 16 20 2 0 269
2 17 0 2 0 186
2 17 0 18 0 136
2 17 1 2 0 427
2 17 1 18 0 99
2 17 4 2 0 130
2 17 4 18 0 92
2 17 5 2 0 166
2 17 5 18 0 80
2 17 6 2 0 91
2 17 6 18 0 69
2 16 20 18 0 323
2 17 7 18 0 77
2 17 7 2 0 62
2 17 8 18 0 78
2 17 8 2 0 47
2 17 9 18 0 86
2 17 11 2 0 70
2 17 11 18 0 123
2 17 12 2 0 41
2 17 12 18 0 90
2 17 9 2 0 99
2 17 13 18 0 146
2 17 14 2 0 79
2 17 14 18 0 103
2 17 15 2 0 215
2 17 15 18 0 211
2 17 16 2 0 263
2 17 16 18 0 214
2 17 19 2 0 235
2 17 13 2 0 89
2 17 20 2 0 118
2 17 20 18 0 185
2 19 0 2 0 96
2 19 0 18 0 138
2 19 3 2 0 338
2 16 17 18 0 130
2 16 19 2 0 117
2 19 4 2 0 243
2 19 4 18 0 112
2 19 5 2 0 297
2 19 6 2 0 255
2 19 6 18 0 171
2 19 7 2 0 248
2 19 3 18 0 106
2 19 7 18 0 211
2 19 8 2 0 107
2 19 8 18 0 100
2 19 5 18 0 200
2 19 9 18 0 85
2 19 9 2 0 52
2 17 19 18 0 338
2 19 11 2 0 68
2 19 13 2 0 211
2 19 12 18 0 138
2 19 14 2 0 190
2 19 13 18 0 246
2 19 15 2 0 231
2 19 14 18 0 243
2 19 16 2 0 113
2 19 15 18 0 278
2 19 11 18 0 77
2 19 12 2 0 96
2 19 17 2 0 201
2 19 17 18 0 427
2 19 20 2 0 376
2 19 20 18 0 237
2 20 1 18 0 142
2 20 3 18 0 139
2 20 4 2 0 323
2 20 4 18 0 158
2 20 5 2 0 118
2 20 5 18 0 70
2 20 3 2 0 185
2 20 6 2 0 182
2 19 16 18 0 207
2 20 6 18 0 110
2 20 7 18 0 149
2 20 8 2 0 172
2 20 8 18 0 123
2 20 9 18 0 53
2 20 9 2 0 143
2 20 11 18 0 61
2 20 11 2 0 30
2 20 12 18 0 142
2 20 13 2 0 142
2 20 12 2 0 74
2 20 14 2 0 71
2 20 7 2 0 192
2 20 1 2 0 237
2 20 15 18 0 130
2 20 16 2 0 264
2 20 16 18 0 179
2 20 17 2 0 93
2 20 17 18 0 186
2 20 19 2 0 379
2 20 19 18 0 96
3 0 1 3 0 114
2 20 13 18 0 161
3 0 2 3 0 139
3 0 2 17 0 185
3 0 4 3 0 117
3 0 4 17 0 244
3 0 5 3 0 137
3 0 5 17 0 161
3 0 6 3 0 46
3 0 6 17 0 281
3 0 7 3 0 162
3 0 7 17 0 204
3 0 8 3 0 110
3 0 8 17 0 100
2 20 14 18 0 177
3 0 9 3 0 64
2 20 15 2 0 137
3 0 9 17 0 96
3 0 11 17 0 79
3 0 12 17 0 116
3 0 13 3 0 193
3 0 13 17 0 208
3 0 11 3 0 101
3 0 1 17 0 180
3 0 12 3 0 78
3 0 14 3 0 76
3 0 15 3 0 148
3 0 16 3 0 135
3 0 18 3 0 118
3 0 18 17 0 160
3 0 16 17 0 155
3 0 19 17 0 197
3 1 0 3 0 105
3 1 0 17 0 123
3 1 2 3 0 106
3 1 2 17 0 338
3 1 4 3 0 103
3 1 4 17 0 215
3 1 5 3 0 185
3 0 19 3 0 123
3 0 15 17 0 121
3 1 6 17 0 181
3 1 7 3 0 117
3 1 7 17 0 154
3 1 8 3 0 134
3 1 8 17 0 109
3 1 9 3 0 114
3 1 9 17 0 83
3 1 6 3 0 113
3 0 14 17 0 231
3 1 11 17 0 95
3 1 12 3 0 183
3 1 12 17 0 140
3 1 13 17 0 147
3 1 14 3 0 146
3 1 13 3 0 156
3 1 15 3 0 197
3 1 14 17 0 190
3 1 16 3 0 124
3 1 16 17 0 156
3 1 18 3 0 235
3 1 18 17 0 426
3 1 20 3 0 180
3 1 20 17 0 221
3 2 0 3 0 136
3 1 11 3 0 113
3 2 0 17 0 118
3 1 5 17 0 288
3 2 1 3 0 99
3 2 1 17 0 235
3 1 15 17 0 273
3 2 5 17 0 215
3 2 5 3 0 80
3 2 4 17 0 263
3 2 6 3 0 69
3 2 6 17 0 79
3 2 4 3 0 92
3 2 8 3 0 78
3 2 9 3 0 86
3 2 7 3 0 77
3 2 11 3 0 123
3 2 11 17 0 99
3 2 8 17 0 41
3 2 12 17 0 47
3 2 13 3 0 146
3 2 13 17 0 62
3 2 14 3 0 103
3 2 14 17 0 91
3 2 15 3 0 211
3 2 15 17 0 166
3 2 16 3 0 214
3 2 16 17 0 130
3 2 19 3 0 338
3 2 19 17 0 427
3 2 20 3 0 185
3 2 20 17 0 186
3 4 0 3 0 118
3 4 0 17 0 135
3 4 1 3 0 105
3 4 1 17 0 124
3 4 2 3 0 76
3 4 2 17 0 214
3 4 5 3 0 46
3 4 5 17 0 134
3 4 6 3 0 27
3 4 6 17 0 32
3 4 7 3 0 40
3 4 7 17 0 55
3 4 8 3 0 48
3 2 9 17 0 70
3 4 9 3 0 89
3 4 9 17 0 96
3 4 11 3 0 107
3 4 11 17 0 83
3 4 12 3 0 95
3 4 12 17 0 96
3 4 13 3 0 78
3 4 8 17 0 53
3 2 7 17 0 89
3 2 12 3 0 90
3 4 14 3 0 62
3 4 15 17 0 186
3 4 18 3 0 263
3 4 18 17 0 149
3 4 19 3 0 215
3 4 19 17 0 165
3 4 20 3 0 244
3 4 20 17 0 149
3 5 0 3 0 145
3 5 0 17 0 148
3 5 1 3 0 171
3 5 1 17 0 197
3 5 2 3 0 91
3 4 15 3 0 175
3 5 4 3 0 47
3 5 4 17 0 175
3 5 6 3 0 47
3 5 6 17 0 46
3 5 7 3 0 80
3 5 7 17 0 76
3 5 8 3 0 68
3 5 8 17 0 94
3 5 9 3 0 45
3 5 9 17 
3 5 11 3 0 59
3 5 11 17 0 39
3 5 12 3 0 95
3 5 12 17 0 89
3 5 13 3 0 85
3 5 13 17 0 69
3 5 14 3 0 73
3 5 2 17 0 211
3 5 14 17 0 73
3 4 14 17 0 67
3 5 16 17 0 194
3 5 18 3 0 215
3 5 19 3 0 288
3 5 18 17 0 158
3 5 19 17 0 289
3 5 20 17 0 117
3 6 0 3 0 50
3 6 0 17 0 76
3 6 1 3 0 121
3 4 13 17 0 53
3 6 1 17 0 146
3 6 2 17 0 103
3 6 4 3 0 27
3 6 4 17 0 62
3 6 5 3 0 50
3 6 5 17 0 73
3 6 7 3 0 48
3 6 7 17 0 60
3 6 8 3 0 20
3 6 8 17 0 24
3 6 9 3 0 22
3 6 2 3 0 65
3 6 9 17 0 69
3 6 11 17 0 91
3 6 12 3 0 15
3 6 12 17 0 32
3 6 13 3 0 65
3 6 13 17 0 78
3 6 15 3 0 46
3 6 15 17 0 78
3 6 16 3 0 32
3 6 16 17 0 83
3 6 18 3 0 79
3 6 18 17 0 93
3 6 19 3 0 181
3 6 19 17 0 191
3 5 16 3 0 134
3 6 20 3 0 281
3 6 20 17 0 217
3 7 0 3 0 215
3 7 0 17 0 193
3 7 1 17 0 156
3 7 1 3 0 119
3 7 2 3 0 73
3 7 4 3 0 44
3 7 2 17 0 146
3 7 5 3 0 81
3 7 4 17 0 78
3 6 11 3 0 38
3 7 6 17 0 65
3 7 8 3 0 44
3 7 8 17 0 16
3 7 9 3 0 39
3 7 9 17 0 52
3 7 6 3 0 48
3 7 5 17 0 85
3 7 11 17 0 44
3 7 11 3 0 30
3 7 12 17 0 39
3 7 14 3 0 60
3 7 12 3 0 51
3 7 15 17 0 68
3 7 16 3 0 55
3 7 16 17 0 63
3 5 20 3 0 161
3 7 18 17 0 61
3 7 19 3 0 154
3 7 19 17 0 156
3 7 20 3 0 204
3 7 15 3 0 76
3 7 20 17 0 227
3 8 0 3 0 122
3 8 1 3 0 139
3 8 1 17 0 183
3 8 2 3 0 76
3 8 0 17 0 78
3 7 14 17 0 75
3 8 2 17 0 90
3 8 4 3 0 50
3 8 4 17 0 95
3 8 5 3 0 69
3 8 6 3 0 23
3 8 5 17 0 95
3 8 6 17 0 15
3 8 7 17 0 51
3 8 7 3 0 43
3 7 18 3 0 89
3 8 9 3 0 50
3 8 13 3 0 16
3 8 13 17 0 34
3 8 14 3 0 24
3 8 11 17 0 55
3 8 15 3 0 94
3 8 14 17 0 30
3 8 16 3 0 53
3 8 16 17 0 86
3 8 18 3 0 41
3 8 18 17 0 49
3 8 11 3 0 47
3 8 19 17 0 146
3 8 20 3 0 100
3 8 20 17 0 114
3 9 0 3 0 67
3 9 0 17 0 101
3 9 1 3 0 114
3 9 1 17 0 113
3 9 2 3 0 81
3 9 2 17 0 123
3 9 4 3 0 85
3 9 4 17 0 107
3 9 5 3 0 42
3 9 5 17 0 59
3 9 6 3 0 29
3 9 6 17 0 38
3 9 7 3 0 48
3 9 7 17 0 30
3 9 8 3 0 45
3 9 8 17 0 47
3 9 12 3 0 39
3 9 12 17 0 55
3 9 13 3 0 52
3 9 13 17 0 46
3 9 14 3 0 69
3 9 14 17 0 87
3 9 15 3 
3 9 15 17 0 42
3 9 16 3 0 96
3 9 16 17 0 75
3 9 18 3 0 70
3 9 18 17 0 130
3 8 9 17 0 39
3 9 19 3 0 83
3 9 20 3 0 96
3 9 19 17 0 92
3 11 0 3 0 106
3 9 20 17 0 87
3 11 0 17 0 64
3 11 1 17 0 114
3 11 2 3 0 141
3 11 2 17 0 86
3 11 4 3 0 100
3 8 19 3 0 109
3 8 15 17 0 94
3 11 5 3 0 61
3 11 1 3 0 119
3 11 4 17 0 89
3 11 6 3 0 37
3 11 5 17 0 45
3 11 7 3 0 35
3 11 6 17 0 22
3 11 8 17 0 50
3 11 12 17 0 38
3 11 13 3 0 44
3 11 13 17 0 51
3 11 14 3 0 91
3 11 14 17 0 75
3 11 15 3 0 39
3 11 15 17 
3 11 16 3 0 83
3 11 16 17 0 94
3 11 18 3 0 99
3 11 7 17 0 39
3 11 18 17 0 74
3 11 19 17 0 84
3 11 19 3 0 95
3 11 20 17 0 101
3 12 0 3 0 77
3 12 0 17 0 110
3 11 20 3 0 79
3 12 1 3 0 180
3 11 12 3 0 55
3 12 1 17 0 134
3 11 8 3 0 45
3 12 4 17 0 48
3 12 5 3 0 97
3 12 5 17 0 68
3 12 6 3 0 15
3 12 6 17 0 20
3 12 7 3 0 48
3 12 7 17 0 44
3 12 9 3 0 38
3 12 9 17 0 45
3 12 2 17 0 78
3 12 11 17 0 45
3 12 2 3 0 87
3 12 13 3 0 39
3 12 11 3 0 55
3 12 14 3 0 32
3 12 4 3 0 91
3 12 13 17 0 18
3 12 15 17 0 89
3 12 16 17 0 54
3 12 18 3 0 47
3 12 16 3 0 96
3 12 19 3 0 140
3 12 19 17 0 123
3 12 20 3 0 116
3 12 18 17 0 43
3 13 0 3 0 186
3 13 0 17 0 162
3 13 1 3 0 151
3 13 1 17 0 117
3 13 2 3 0 152
3 13 2 17 0 77
3 13 4 3 0 71
3 13 4 17 0 40
3 13 5 3 0 83
3 13 5 17 0 80
3 12 14 17 0 21
3 13 6 17 0 48
3 13 8 3 0 18
3 13 8 17 0 43
3 13 9 3 0 51
3 13 9 17 0 48
3 13 11 3 0 46
3 13 11 17 0 35
3 13 12 3 0 34
3 13 12 17 0 48
3 12 20 17 0 92
3 13 14 3 0 78
3 13 15 3 0 69
3 13 15 17 0 90
3 13 16 3 0 53
3 13 16 17 0 58
3 13 18 3 0 62
3 13 18 17 0 93
3 13 19 3 0 147
3 13 19 17 0 182
3 13 6 3 0 65
3 13 20 3 0 208
3 14 0 3 0 66
3 14 0 17 0 46
3 14 1 3 0 148
3 14 1 17 0 113
3 14 2 3 0 112
3 14 2 17 0 69
3 14 4 3 0 67
3 14 4 17 0 27
3 14 5 3 0 68
3 13 20 17 0 207
3 14 7 3 0 61
3 14 7 17 0 48
3 14 8 3 0 21
3 14 8 17 0 23
3 14 9 3 0 75
3 14 9 17 0 29
3 14 11 3 0 87
3 14 11 17 0 37
3 14 12 3 0 30
3 14 5 17 0 47
3 14 12 17 0 15
3 14 13 17 0 65
3 14 15 3 0 73
3 14 15 17 0 42
3 14 16 3 0 67
3 14 16 17 0 35
3 14 18 3 0 91
3 14 18 17 0 74
3 14 19 3 0 190
3 14 19 17 0 171
3 14 20 3 0 231
3 14 20 17 0 285
3 15 0 3 0 161
3 15 0 17 0 137
3 15 1 3 0 218
3 15 1 17 0 185
3 15 2 3 0 211
3 13 14 17 0 61
3 14 13 3 0 75
3 15 4 17 0 46
3 15 6 3 0 42
3 15 6 17 0 50
3 15 2 17 0 80
3 15 7 17 0 81
3 15 8 3 0 89
3 15 8 17 0 69
3 15 9 3 
3 15 7 3 0 90
3 15 11 3 0 42
3 15 11 17 0 61
3 15 12 3 0 94
3 15 12 17 0 97
3 15 13 3 0 68
3 15 9 17 0 42
3 15 13 17 0 83
3 15 14 3 0 78
3 15 14 17 0 68
3 12 15 3 0 89
3 15 18 3 0 166
3 15 18 17 0 192
3 15 19 3 0 273
3 15 19 17 0 297
3 15 20 3 0 121
3 15 4 3 0 181
3 16 0 3 0 138
3 16 0 17 0 117
3 16 1 3 0 120
3 16 1 17 0 103
3 15 20 17 0 138
3 16 2 17 0 92
3 16 5 3 0 130
3 16 2 3 0 201
3 16 6 3 0 35
3 16 6 17 0 27
3 16 7 3 0 58
3 16 7 17 0 44
3 16 8 3 0 54
3 16 8 17 0 50
3 16 9 3 0 94
3 15 16 3 0 186
3 16 11 3 0 75
3 16 11 17 0 100
3 16 5 17 0 47
3 16 12 17 0 91
3 16 13 3 0 63
3 16 12 3 0 86
3 16 9 17 0 85
3 15 16 17 0 130
3 16 15 3 0 194
3 16 14 17 0 67
3 16 15 17 0 181
3 16 14 3 0 83
3 16 18 17 0 266
3 16 18 3 0 130
3 16 13 17 0 71
3 16 20 17 0 228
3 16 20 3 0 155
3 18 0 3 0 93
3 18 0 17 0 139
3 18 1 3 0 201
3 16 19 3 0 156
3 18 4 17 0 76
3 18 1 17 0 106
3 18 5 17 0 91
3 18 5 3 0 192
3 18 4 3 0 266
3 18 6 3 0 74
3 18 7 17 0 73
3 18 7 3 0 93
3 18 8 3 0 43
3 18 9 3 0 74
3 18 9 17 0 81
3 18 11 3 0 130
3 18 8 17 0 76
3 18 12 3 0 49
3 18 12 17 0 87
3 18 11 17 0 141
3 18 13 3 0 61
3 18 14 3 0 93
3 18 14 17 0 112
3 18 15 3 0 158
3 18 15 17 0 211
3 18 16 3 0 149
3 18 16 17 0 201
3 18 19 3 0 426
3 18 19 17 0 324
3 18 20 3 0 160
3 18 20 17 0 215
3 18 13 17 0 152
3 18 6 17 0 65
3 19 0 17 0 114
3 16 19 17 0 222
3 19 2 17 0 99
3 19 4 17 0 105
3 19 5 3 0 297
3 19 4 3 0 222
3 19 5 17 0 171
3 19 6 17 0 121
3 19 6 3 0 171
3 19 7 17 0 119
3 19 8 3 0 123
3 19 7 3 0 182
3 19 8 17 0 139
3 19 9 17 0 114
3 19 11 3 0 92
3 19 11 17 0 119
3 19 12 3 0 146
3 19 9 3 0 84
3 19 13 3 0 156
3 19 12 17 0 180
3 19 13 17 0 151
3 19 14 3 0 191
3 19 15 3 0 289
3 19 14 17 0 148
3 19 16 3 0 165
3 19 0 3 0 142
3 19 15 17 0 218
3 19 16 17 0 120
3 19 18 17 0 201
3 19 20 3 0 197
3 19 2 3 0 324
3 19 18 3 0 427
3 20 1 17 0 105
3 20 2 17 0 136
3 19 20 17 0 157
3 20 4 3 0 228
3 20 2 3 0 215
3 20 1 3 0 157
3 20 4 17 0 118
3 20 5 3 0 138
3 20 5 17 0 145
3 20 6 3 0 285
3 20 6 17 0 50
3 20 7 3 0 207
3 20 7 17 0 215
3 20 8 3 0 92
3 20 8 17 0 122
3 20 9 3 0 101
3 20 9 17 0 67
3 20 11 3 0 87
3 20 13 3 0 227
3 20 13 17 0 186
3 20 11 17 0 106
3 20 14 17 0 66
3 20 14 3 0 217
3 20 15 17 0 161
3 20 12 17 0 77
3 20 16 3 0 149
3 20 15 3 0 117
3 20 18 17 0 93
3 20 19 3 0 221
3 20 18 3 0 186
4 0 1 4 0 156
4 0 1 16 0 193
3 20 19 17 0 142
4 0 2 4 0 158
4 0 3 4 0 118
4 0 3 16 0 228
4 0 2 16 0 323
4 0 5 4 0 104
4 0 6 4 0 64
4 0 6 16 0 157
4 0 7 4 0 79
4 0 7 16 0 119
4 0 8 4 0 23
4 0 5 16 0 163
4 0 8 16 0 79
4 0 9 4 0 95
4 0 9 16 0 101
4 0 11 4 0 103
3 20 12 3 0 114
4 0 11 16 0 93
4 0 12 4 
3 20 16 17 0 138
4 0 14 4 0 91
4 0 13 16 0 98
4 0 15 4 0 127
4 0 15 16 0 151
4 0 14 16 0 103
4 0 17 16 0 135
4 0 18 4 0 269
4 0 17 4 0 155
4 0 19 4 0 155
4 0 18 16 0 183
4 1 0 4 0 153
4 1 0 16 0 155
4 1 2 4 0 112
4 0 19 16 0 169
4 1 3 4 0 105
4 1 2 16 0 243
4 1 3 16 0 222
4 1 5 16 0 207
4 1 5 4 0 138
4 1 6 4 
4 1 7 4 0 99
4 0 12 16 0 31
4 1 6 16 0 65
4 0 13 4 0 104
4 1 9 4 0 83
4 1 9 16 0 21
4 1 8 16 0 81
4 1 11 16 0 54
4 1 12 4 0 133
4 1 12 16 0 73
4 1 13 4 0 301
4 1 13 16 0 157
4 1 11 4 0 69
4 1 8 4 0 89
4 1 15 4 0 182
4 1 15 16 0 168
4 1 17 4 0 156
4 1 17 16 0 124
4 1 18 4 0 117
4 1 18 16 0 213
4 1 14 16 
4 1 20 4 0 193
4 2 0 4 0 164
4 2 0 16 0 269
4 2 1 4 0 107
4 2 1 16 0 117
4 2 3 4 0 76
4 2 3 16 0 266
4 2 5 4 0 63
4 2 5 16 0 131
4 1 14 4 0 89
4 1 20 16 0 167
4 1 7 16 0 576
4 2 6 16 0 144
4 2 6 4 0 72
4 2 7 16 0 82
4 2 9 4 0 29
4 2 9 16 0 28
4 2 11 4 0 52
4 2 11 16 0 14
4 2 12 4 0 97
4 2 12 16 0 87
4 2 13 4 0 98
4 2 13 16 0 45
4 2 14 4 0 79
4 2 14 16 0 113
4 2 15 4 0 117
4 2 15 16 0 110
4 2 17 4 0 130
4 2 17 16 0 214
4 2 19 4 0 243
4 2 19 16 0 207
4 2 8 4 0 37
4 2 20 16 0 179
4 2 20 4 0 323
4 3 0 16 0 155
4 3 1 4 0 103
4 3 1 16 0 156
4 3 2 4 0 92
4 3 2 16 0 130
4 3 5 4 0 47
4 3 5 16 0 194
4 3 6 4 0 27
4 3 6 16 0 83
4 3 7 4 0 44
4 3 7 16 0 63
4 3 8 4 0 50
4 3 8 16 0 86
4 3 9 4 0 85
4 2 7 4 0 42
4 3 0 4 0 117
4 3 11 16 0 94
4 3 12 4 0 91
4 3 12 16 0 54
4 3 13 4 0 71
4 2 8 16 0 99
4 3 14 4 0 67
4 3 9 16 0 75
4 3 15 4 0 181
4 3 11 4 0 100
4 3 14 16 0 35
4 3 18 16 0 201
4 3 19 4 0 222
4 3 19 16 0 120
4 3 15 16 0 130
4 3 20 16 0 138
4 5 0 4 0 104
4 5 0 16 0 127
4 5 1 4 0 138
4 5 1 16 0 182
4 5 2 4 0 67
4 5 2 16 0 117
4 3 20 4 0 228
4 5 3 16 0 181
4 5 6 4 0 6
4 5 6 16 0 43
4 5 7 4 0 29
4 5 7 16 0 43
4 5 8 4 0 33
4 5 8 16 0 61
4 5 3 4 0 46
4 5 9 4 0 45
4 5 11 4 0 58
4 5 9 16 0 60
4 5 11 16 0 67
4 3 18 4 0 266
4 5 12 4 0 54
4 3 13 16 0 58
4 5 12 16 0 39
4 5 13 16 0 76
4 5 14 16 0 28
4 5 17 4 0 194
4 5 14 4 0 23
4 5 13 4 0 52
4 5 17 16 0 134
4 5 18 4 0 131
4 5 18 16 0 109
4 5 19 4 0 207
4 5 19 16 0 167
4 6 0 4 0 59
4 6 0 16 0 91
4 6 1 16 0 89
4 6 2 4 0 71
4 6 2 16 0 79
4 6 3 4 0 27
4 6 3 16 0 67
4 6 5 4 0 7
4 6 5 16 0 23
4 6 7 4 0 12
4 6 7 16 0 24
4 6 8 4 0 19
4 6 8 16 0 42
4 6 1 4 
4 6 9 4 0 20
4 6 11 4 0 33
4 5 20 4 0 163
4 5 20 16 0 150
4 6 12 16 0 47
4 6 13 4 0 19
4 6 13 16 0 12
4 6 15 4 0 43
4 6 15 16 0 32
4 6 9 16 0 7
4 6 17 16 0 32
4 6 18 4 0 144
4 6 18 16 0 115
4 6 19 4 0 65
4 6 19 16 
4 6 11 16 0 37
4 6 20 4 0 157
4 6 12 4 0 22
4 7 0 4 0 77
4 6 20 16 0 99
4 6 17 4 0 83
4 7 1 16 0 301
4 7 2 4 0 40
4 7 2 16 0 98
4 7 3 4 0 40
4 7 3 16 0 71
4 7 0 16 0 104
4 7 5 4 0 40
4 7 5 16 0 52
4 7 1 4 0 122
4 7 6 4 0 12
4 7 9 4 0 37
4 7 9 16 0 39
4 7 11 4 0 45
4 7 11 16 0 42
4 7 12 4 0 33
4 7 8 16 0 30
4 7 14 4 0 24
4 7 14 16 0 12
4 7 15 4 0 43
4 7 15 16 0 83
4 7 17 4 0 63
4 7 17 16 0 55
4 7 18 4 0 82
4 7 18 16 0 49
4 7 8 4 0 18
4 7 19 16 0 187
4 7 20 4 0 119
4 7 20 16 0 94
4 8 0 4 0 24
4 8 0 16 
4 8 1 4 0 87
4 8 1 16 0 133
4 8 2 4 0 39
4 8 2 16 0 97
4 8 3 4 0 48
4 8 3 16 0 91
4 8 5 4 0 34
4 8 5 16 0 54
4 8 6 4 0 22
4 7 19 4 0 576
4 8 6 16 0 22
4 8 7 16 0 33
4 8 9 4 0 35
4 8 9 16 0 28
4 8 11 4 0 31
4 8 11 16 0 33
4 8 13 4 0 30
4 8 7 4 0 15
4 7 12 16 0 11
4 8 14 16 0 48
4 8 15 4 0 61
4 8 15 16 0 39
4 8 17 4 0 86
4 8 17 16 0 53
4 8 18 4 0 99
4 8 18 16 0 103
4 8 19 4 0 81
4 8 19 16 0 81
4 8 20 4 0 79
4 8 20 16 0 29
4 9 0 4 0 97
4 7 6 16 0 19
4 8 14 4 0 42
4 9 1 4 0 86
4 9 1 16 0 69
4 9 2 16 0 52
4 9 2 4 0 29
4 9 3 16 0 100
4 9 5 4 0 58
4 9 3 4 0 89
4 9 6 4 0 21
4 9 6 16 0 33
4 9 7 4 0 36
4 9 7 16 0 45
4 9 8 4 0 26
4 9 8 16 0 31
4 9 12 4 0 28
4 9 12 16 0 32
4 9 13 4 0 39
4 9 13 16 0 50
4 9 5 16 0 58
4 9 14 4 0 7
4 9 15 4 0 60
4 9 15 16 0 63
4 9 17 4 0 75
4 9 17 16 0 96
4 9 14 16 0 39
4 9 18 16 0 14
4 9 19 4 0 21
4 9 19 16 0 56
4 9 18 4 0 28
4 9 20 16 0 96
4 9 20 4 0 101
4 8 13 16 0 11
4 9 0 16 0 103
4 11 1 4 0 73
4 11 2 4 0 50
4 11 2 16 0 29
4 11 3 4 0 107
4 11 3 16 0 85
4 11 1 16 0 83
4 11 5 4 0 62
4 11 6 4 0 39
4 11 0 16 0 95
4 11 6 16 0 20
4 11 7 16 0 37
4 11 8 4 0 27
4 11 8 16 0 35
4 11 12 4 0 33
4 11 12 16 0 28
4 11 13 4 0 42
4 11 5 16 0 45
4 11 7 4 0 39
4 11 0 4 0 111
4 11 15 4 0 67
4 11 14 16 0 10
4 11 15 16 0 53
4 11 17 16 0 83
4 11 18 4 0 14
4 11 18 16 0 29
4 11 17 4 0 94
4 11 19 4 0 54
4 11 20 4 0 93
4 11 20 16 0 102
4 12 0 4 
4 12 0 16 0 23
4 12 1 4 0 129
4 12 1 16 0 89
4 11 14 4 0 37
4 12 2 16 0 37
4 12 3 4 0 95
4 12 3 16 0 50
4 12 2 4 0 95
4 12 5 16 0 33
4 11 19 16 0 24
4 12 6 4 0 21
4 12 5 4 0 52
4 12 7 4 0 35
4 12 9 4 0 28
4 12 9 16 0 26
4 12 6 16 0 19
4 12 11 4 0 32
4 12 13 4 0 11
4 12 13 16 0 30
4 12 11 16 0 27
4 12 14 4 0 47
4 12 15 4 0 39
4 12 15 16 0 55
4 12 17 4 0 54
4 12 17 16 0 96
4 12 18 4 0 87
4 12 18 16 0 94
4 12 19 4 0 73
4 12 19 16 0 84
4 12 20 4 0 31
4 12 20 16 0 85
4 13 0 4 0 103
4 13 0 16 0 79
4 13 1 4 0 316
4 13 1 16 0 99
4 13 2 4 0 100
4 13 2 16 0 42
4 13 3 4 0 78
4 13 3 16 0 44
4 13 5 4 0 53
4 13 5 16 0 29
4 13 6 4 0 23
4 13 6 16 0 12
4 13 8 4 0 30
4 13 8 16 0 15
4 13 9 4 0 35
4 13 9 16 0 36
4 13 11 4 0 50
4 13 11 16 0 39
4 12 14 16 0 45
4 13 12 16 0 35
4 13 14 4 0 12
4 13 14 16 0 27
4 13 15 4 0 76
4 13 15 16 0 39
4 13 17 4 0 58
4 13 17 16 0 53
4 12 7 16 0 18
4 13 12 4 0 11
4 13 18 4 0 45
4 13 19 4 0 157
4 13 19 16 0 601
4 13 20 4 0 98
4 14 0 4 0 84
4 13 20 16 0 122
4 14 0 16 0 64
4 11 13 16 0 35
4 14 1 16 
4 13 18 16 0 80
4 14 1 4 0 75
4 14 2 16 0 72
4 14 5 4 0 28
4 14 5 16 0 6
4 14 7 4 0 27
4 14 3 16 0 27
4 14 8 4 0 45
4 14 8 16 0 22
4 14 7 16 0 12
4 14 9 16 0 21
4 14 9 4 0 10
4 14 11 4 0 39
4 14 11 16 0 39
4 14 12 16 0 21
4 14 13 4 0 12
4 14 12 4 0 48
4 14 15 4 0 28
4 14 15 16 0 40
4 14 13 16 0 23
4 14 3 4 0 62
4 14 18 4 0 113
4 14 18 16 0 134
4 14 19 4 
4 14 19 16 0 66
4 14 20 4 0 103
4 14 20 16 0 147
4 15 0 4 0 126
4 15 0 16 0 104
4 15 1 4 0 185
4 15 1 16 0 138
4 15 2 4 0 120
4 14 17 16 0 67
4 15 3 4 0 175
4 15 3 16 0 47
4 15 6 4 0 40
4 15 6 16 0 7
4 15 7 4 0 39
4 15 7 16 0 40
4 15 8 4 0 55
4 15 8 16 0 34
4 15 9 4 0 53
4 15 9 16 0 58
4 15 11 4 0 63
4 15 2 16 0 63
4 15 11 16 0 62
4 15 12 16 0 52
4 15 13 4 0 83
4 15 13 16 0 53
4 15 14 4 0 32
4 15 14 16 0 28
4 15 12 4 0 39
4 15 17 16 0 186
4 15 18 4 0 110
4 15 18 16 0 141
4 15 19 4 0 168
4 15 17 4 0 130
4 15 20 4 0 151
4 15 20 16 0 193
4 17 0 4 0 149
4 17 0 16 0 118
4 17 1 4 0 165
4 17 1 16 0 105
4 17 2 4 0 149
4 17 2 16 0 76
4 17 5 4 0 186
4 17 5 16 0 46
4 17 6 4 0 67
4 17 6 16 0 27
4 17 7 4 0 53
4 17 7 16 0 40
4 14 17 4 0 35
4 17 8 16 0 48
4 17 9 4 0 83
4 17 9 16 0 89
4 17 11 4 0 96
4 17 8 4 0 96
4 15 19 16 0 209
4 14 2 4 0 85
4 17 11 16 0 107
4 17 12 16 0 95
4 17 12 4 0 53
4 17 14 4 0 32
4 17 14 16 0 62
4 17 15 16 0 175
4 17 15 4 0 134
4 17 18 16 0 263
4 17 18 4 0 214
4 17 19 16 0 215
4 17 19 4 0 124
4 17 13 16 0 78
4 18 0 4 0 264
4 17 20 16 0 244
4 18 0 16 0 158
4 18 1 4 0 113
4 18 1 16 0 112
4 18 3 16 0 92
4 18 5 4 0 141
4 18 3 4 0 263
4 18 5 16 0 67
4 18 6 16 0 71
4 18 6 4 0 134
4 18 7 16 0 40
4 18 7 4 0 80
4 18 8 16 0 39
4 18 9 4 0 29
4 17 20 4 0 135
4 18 9 16 0 29
4 18 11 16 0 50
4 18 11 4 0 14
4 18 12 16 0 95
4 18 12 4 0 103
4 18 13 16 0 100
4 18 14 4 0 115
4 18 14 16 0 85
4 18 15 4 0 109
4 18 15 16 0 120
4 18 17 4 0 201
4 18 17 16 0 149
4 18 19 4 0 213
4 18 19 16 0 241
4 18 20 4 0 183
4 18 20 16 0 334
4 19 0 4 0 152
4 19 0 16 0 156
4 19 2 4 0 241
4 19 2 16 0 107
4 17 13 4 0 55
4 19 3 4 0 215
4 18 8 4 0 94
4 18 13 4 0 49
4 19 6 4 0 66
4 19 5 16 0 138
4 19 7 4 0 601
4 19 6 16 
4 19 7 16 0 122
4 19 8 16 0 87
4 19 5 4 0 209
4 19 3 16 0 103
4 19 8 4 0 84
4 19 11 16 0 73
4 19 12 4 0 81
4 19 12 16 0 129
4 19 13 4 0 187
4 19 13 16 0 316
4 19 14 4 
4 19 14 16 0 75
4 19 15 4 0 167
4 19 15 16 0 185
4 19 17 4 0 120
4 19 17 16 0 165
4 19 18 4 0 207
4 19 18 16 0 113
4 19 20 4 0 169
4 19 20 16 0 197
4 20 1 4 0 197
4 20 1 16 0 153
4 19 9 4 0 24
4 20 2 16 0 164
4 20 3 4 0 244
4 20 2 4 0 334
4 20 3 16 0 117
4 20 5 4 0 193
4 20 6 4 0 147
4 20 5 16 0 104
4 20 6 16 0 59
4 20 7 16 0 77
4 20 8 4 0 85
4 20 8 16 0 24
4 20 7 4 0 122
4 20 9 16 0 97
4 19 9 16 0 86
4 20 11 4 0 96
4 20 12 4 0 29
4 20 12 16 
4 20 13 4 0 94
4 20 13 16 0 103
4 20 14 4 0 99
4 20 14 16 0 84
4 19 11 4 0 56
4 20 15 16 0 126
4 20 17 4 0 138
4 20 17 16 0 149
4 20 18 4 0 179
4 20 18 16 0 264
4 20 19 4 0 167
4 20 19 16 0 152
4 20 15 4 0 150
5 0 1 15 0 164
5 0 1 5 0 117
5 0 2 5 0 70
5 0 2 15 0 118
5 0 3 5 0 145
5 0 3 15 0 138
5 0 4 5 0 104
5 0 4 15 0 193
4 20 9 4 0 102
5 0 6 15 0 82
5 0 7 15 0 103
5 0 8 5 0 83
5 0 8 15 0 39
5 0 9 5 0 79
5 0 7 5 0 102
5 0 11 5 0 109
5 0 11 15 0 51
4 20 11 16 0 111
5 0 12 15 0 90
5 0 13 5 0 114
5 0 13 15 0 118
5 0 14 5 0 86
5 0 14 15 0 46
5 0 16 5 0 151
5 0 16 15 0 127
5 0 9 15 0 102
5 0 17 15 0 148
5 0 18 5 0 150
5 0 18 15 0 176
5 0 17 5 0 121
5 0 12 5 0 72
5 0 6 5 0 62
5 0 19 15 0 153
5 1 2 5 0 200
5 1 2 15 0 297
5 1 3 5 0 171
5 1 3 15 0 297
5 1 4 5 0 138
5 1 4 15 0 209
5 1 6 5 0 165
5 1 6 15 0 233
5 1 7 5 0 107
5 1 7 15 0 143
5 1 8 5 0 58
5 1 8 15 0 47
5 1 9 5 0 92
5 1 9 15 0 58
5 1 11 5 0 102
5 1 11 15 0 66
5 1 12 5 0 122
5 1 12 15 0 19
5 1 13 5 0 130
5 1 13 15 0 138
5 1 14 5 0 189
5 1 14 15 0 185
5 1 16 5 0 168
5 1 16 15 0 182
5 1 17 5 0 273
5 1 17 15 0 197
5 1 18 5 0 226
5 1 18 15 0 259
5 1 20 5 0 164
5 1 20 15 0 169
5 2 0 5 0 66
5 2 0 15 0 150
5 2 1 5 0 187
5 2 1 15 0 226
5 2 3 5 0 91
5 0 19 5 0 118
5 2 4 5 0 67
5 1 0 5 0 137
5 2 4 15 0 141
5 2 6 15 0 80
5 2 7 5 0 112
5 2 6 5 0 52
5 2 7 15 0 148
5 2 8 5 0 20
5 2 9 5 0 74
5 2 8 15 0 49
5 2 9 15 0 58
5 2 3 15 0 192
5 1 0 15 0 118
5 2 11 15 0 60
5 2 13 5 0 161
5 2 12 5 0 67
5 2 13 15 0 157
5 2 12 15 0 53
5 2 16 5 0 110
5 2 16 15 0 117
5 2 17 5 0 166
5 2 17 15 0 211
5 2 19 5 0 297
5 2 19 15 0 278
5 2 20 5 0 118
5 2 14 5 0 57
5 2 14 15 0 101
5 2 11 5 0 42
5 3 1 5 0 185
5 3 1 15 0 273
5 3 0 15 0 121
5 3 2 5 0 80
5 3 4 5 0 46
5 3 4 15 0 186
5 3 6 5 0 50
5 3 6 15 0 78
5 3 7 5 0 81
5 3 7 15 0 68
5 3 8 5 0 69
5 3 2 15 0 166
5 3 8 15 0 94
5 3 9 15 0 42
5 3 9 5 0 42
5 3 11 15 
5 3 12 5 0 97
5 3 12 15 0 89
5 3 13 5 0 83
5 3 13 15 0 90
5 3 11 5 0 61
5 3 0 5 0 137
5 3 14 15 0 42
5 3 16 15 0 181
5 3 18 5 0 192
5 3 18 15 0 211
5 3 19 5 0 297
5 3 19 15 0 218
5 3 20 5 0 138
5 3 20 15 0 161
5 4 0 5 0 104
5 4 0 15 0 151
5 4 1 5 0 138
5 4 1 15 0 168
5 4 2 5 0 63
5 4 2 15 0 110
5 4 3 5 0 47
5 4 3 15 0 130
5 4 6 5 0 7
5 4 6 15 0 32
5 4 7 5 0 40
5 4 7 15 0 83
5 4 8 5 0 34
5 4 8 15 0 39
5 4 9 5 0 58
5 3 14 5 0 68
5 4 9 15 0 63
5 2 20 15 0 130
5 4 12 5 0 52
5 4 12 15 0 55
5 3 16 5 0 130
5 4 13 5 0 53
5 4 11 5 0 62
5 4 11 15 0 53
5 4 17 5 0 186
5 4 17 15 0 175
5 4 13 15 0 39
5 4 18 15 0 120
5 4 18 5 0 141
5 4 19 15 0 185
5 4 19 5 0 209
5 4 20 5 0 193
5 4 14 15 0 40
5 6 0 15 0 86
5 6 1 5 0 186
5 6 1 15 0 189
5 6 2 5 0 48
5 6 2 15 0 57
5 6 3 5 0 47
5 6 3 15 0 68
5 6 4 5 0 6
5 6 4 15 0 28
5 6 7 5 0 28
5 6 0 5 0 68
5 4 20 15 0 126
5 6 8 15 0 10
5 6 9 5 0 27
5 6 9 15 0 32
5 6 11 5 0 33
5 6 11 15 0 40
5 6 12 5 0 26
5 6 12 15 0 14
5 6 13 5 0 44
5 6 13 15 0 56
5 6 16 5 0 32
5 6 16 15 0 43
5 6 17 5 0 78
5 6 17 15 0 46
5 6 18 5 0 80
5 6 18 15 0 104
5 6 19 5 0 233
5 6 19 15 0 206
5 6 8 5 0 10
5 6 20 5 0 82
5 7 0 5 0 100
5 6 7 15 0 37
5 7 0 15 0 114
5 4 14 5 0 28
5 6 20 15 0 47
5 7 1 5 0 137
5 7 1 15 0 130
5 7 2 5 0 122
5 7 2 15 0 161
5 7 3 5 0 80
5 7 3 15 0 83
5 7 4 5 0 29
5 7 4 15 0 53
5 7 6 5 0 32
5 7 6 15 0 44
5 7 8 5 0 26
5 7 8 15 0 26
5 7 9 5 0 23
5 7 9 15 0 27
5 7 11 5 
5 7 14 5 0 37
5 7 12 15 0 51
5 7 11 15 0 36
5 7 14 15 0 57
5 7 16 15 0 43
5 7 16 5 0 83
5 7 12 5 0 41
5 7 17 15 0 76
5 7 17 5 0 68
5 7 18 5 0 148
5 7 18 15 0 173
5 7 19 5 0 143
5 7 19 15 0 143
5 7 20 5 0 103
5 7 20 15 0 109
5 8 0 5 0 91
5 8 1 15 0 122
5 8 2 5 0 22
5 8 3 5 0 68
5 8 3 15 0 97
5 8 4 5 0 33
5 8 2 15 0 67
5 8 4 15 0 52
5 8 6 15 0 26
5 8 7 5 0 21
5 8 7 15 0 41
5 8 9 5 0 30
5 8 9 15 0 31
5 8 11 5 0 23
5 8 11 15 0 29
5 8 13 5 0 26
5 8 13 15 0 46
5 8 14 5 0 10
5 8 14 15 0 17
5 8 6 5 0 12
5 8 16 15 0 61
5 8 17 5 0 94
5 8 16 5 0 39
5 8 18 5 0 49
5 8 18 15 0 47
5 8 17 15 0 94
5 8 0 15 0 72
5 8 20 5 0 39
5 8 20 15 0 88
5 9 0 5 0 83
5 9 0 15 0 109
5 9 1 5 0 88
5 9 1 15 0 102
5 9 2 5 0 73
5 9 2 15 0 42
5 9 3 5 0 45
5 9 3 15 0 61
5 9 4 5 0 45
5 8 19 15 0 20
5 9 4 15 0 62
5 9 6 15 0 33
5 9 7 5 0 21
5 9 7 15 
5 9 6 5 0 28
5 9 8 15 0 23
5 9 12 5 0 31
5 9 8 5 0 34
5 9 12 15 0 31
5 9 13 5 0 27
5 9 13 15 0 39
5 9 14 15 0 37
5 9 14 5 0 32
5 9 16 15 0 60
5 9 17 5 0 42
5 9 16 5 0 63
5 9 18 5 0 58
5 9 17 15 
5 9 19 5 0 58
5 9 18 15 0 64
5 9 19 15 0 73
5 8 19 5 0 47
5 9 20 15 0 50
5 11 0 5 0 111
5 11 1 5 0 98
5 11 1 15 0 92
5 9 20 5 0 102
5 11 2 15 0 74
5 11 3 5 0 59
5 11 3 15 0 42
5 11 4 5 0 58
5 11 4 15 0 58
5 11 2 5 0 40
5 11 6 15 0 27
5 11 7 5 
5 11 7 15 0 23
5 11 6 5 0 32
5 11 8 5 0 24
5 8 1 5 0 60
5 11 0 15 0 79
5 11 12 15 0 28
5 11 13 15 0 27
5 11 14 5 0 40
5 11 14 15 0 30
5 11 16 5 0 53
5 11 16 15 0 67
5 11 12 5 0 29
5 11 17 15 0 39
5 11 18 5 0 60
5 11 18 15 0 64
5 11 19 5 0 66
5 11 19 15 0 54
5 11 20 5 0 51
5 11 20 15 0 93
5 12 0 5 0 72
5 12 0 15 0 83
5 12 1 5 0 128
5 12 1 15 0 58
5 12 2 5 0 65
5 11 17 5 
5 12 3 5 0 95
5 12 3 15 0 69
5 12 4 5 0 54
5 12 4 15 0 34
5 11 8 15 0 30
5 12 2 15 0 20
5 12 6 15 0 10
5 12 6 5 0 23
5 12 7 5 0 47
5 12 9 5 0 28
5 11 13 5 0 36
5 12 9 15 0 34
5 12 13 5 0 51
5 12 11 5 0 31
5 12 14 5 0 14
5 12 14 15 0 8
5 12 11 15 0 24
5 12 7 15 0 26
5 12 13 15 0 25
5 12 16 5 0 55
5 12 18 5 0 53
5 12 18 15 0 43
5 12 19 5 0 19
5 12 19 15 0 45
5 12 17 5 0 89
5 12 17 15 0 89
5 12 20 5 0 90
5 12 16 15 0 39
5 13 0 5 0 103
5 13 1 15 0 107
5 13 2 5 0 160
5 13 2 15 0 112
5 13 3 5 0 85
5 13 3 15 0 81
5 13 4 5 0 52
5 13 4 15 0 40
5 13 6 5 0 50
5 13 6 15 0 28
5 13 1 5 0 128
5 13 8 5 0 25
5 13 8 15 0 21
5 13 9 5 0 27
5 13 9 15 0 21
5 13 11 15 
5 13 12 5 0 46
5 13 11 5 0 39
5 13 12 15 0 47
5 13 14 5 0 56
5 13 14 15 0 37
5 13 16 15 0 76
5 13 17 5 0 90
5 13 17 15 0 69
5 13 18 5 0 157
5 13 0 15 0 102
5 13 16 5 0 39
5 13 19 5 0 138
5 13 20 5 0 118
5 13 19 15 0 130
5 14 0 5 0 90
5 13 20 15 0 100
5 14 0 15 0 62
5 14 1 15 0 165
5 14 1 5 0 195
5 14 2 5 0 59
5 14 3 5 0 73
5 14 3 15 0 50
5 14 2 15 0 52
5 14 4 15 0 7
5 13 18 15 0 173
5 14 4 5 0 23
5 14 8 5 0 8
5 14 7 5 0 37
5 14 8 15 0 12
5 14 9 15 0 28
5 14 11 5 0 37
5 14 11 15 0 32
5 14 12 5 0 17
5 14 9 5 0 30
5 14 7 15 0 32
5 14 13 5 0 57
5 14 13 15 0 50
5 14 16 15 0 28
5 14 17 5 0 42
5 14 17 15 0 73
5 14 18 5 0 101
5 14 18 15 0 77
5 12 20 15 0 40
5 14 19 5 0 185
5 14 12 15 0 23
5 14 19 15 0 223
5 14 20 15 0 60
5 16 0 5 0 150
5 16 1 5 0 167
5 16 1 15 0 138
5 16 0 15 0 104
5 14 20 5 0 46
5 16 2 5 0 109
5 16 3 5 0 134
5 16 6 5 0 28
5 16 6 15 0 6
5 16 3 15 0 46
5 16 7 5 0 76
5 16 7 15 0 29
5 16 8 15 0 33
5 14 16 5 0 40
5 16 9 5 0 67
5 16 8 5 0 39
5 16 2 15 0 67
5 16 11 5 0 60
5 16 12 5 0 61
5 16 12 15 0 54
5 16 13 15 0 52
5 16 14 5 0 43
5 16 14 15 0 23
5 16 17 5 0 181
5 16 17 15 0 194
5 16 18 5 0 117
5 16 18 15 0 131
5 16 19 5 0 182
5 16 19 15 0 207
5 16 20 5 0 127
5 16 20 15 0 163
5 17 0 5 0 117
5 17 0 15 0 145
5 17 1 5 0 289
5 17 1 15 0 171
5 17 2 5 0 158
5 16 9 15 0 45
5 17 4 5 0 194
5 17 4 15 0 47
5 17 6 5 0 73
5 17 2 15 0 91
5 17 6 15 0 47
5 16 13 5 0 43
5 16 11 15 0 58
5 17 8 5 0 89
5 17 7 5 0 69
5 17 9 15 0 45
5 17 11 5 
5 17 11 15 0 59
5 17 12 5 0 94
5 17 12 15 0 95
5 17 13 5 0 76
5 17 13 15 0 85
5 17 9 5 0 39
5 17 14 5 0 46
5 17 14 15 0 73
5 17 16 15 0 134
5 17 18 5 0 211
5 17 18 15 0 215
5 17 16 5 0 175
5 17 19 5 0 197
5 17 19 15 0 288
5 17 20 5 0 148
5 17 20 15 0 161
5 17 7 15 0 80
5 18 1 5 0 231
5 18 0 15 0 70
5 18 1 15 0 200
5 18 3 5 0 215
5 18 3 15 0 80
5 18 4 5 0 131
5 18 4 15 0 63
5 18 6 15 0 48
5 18 7 5 0 173
5 18 6 5 0 77
5 18 7 15 0 122
5 18 8 5 0 43
5 18 9 5 0 64
5 18 9 15 0 73
5 18 8 15 0 22
5 18 11 5 0 64
5 18 12 5 0 47
5 18 12 15 0 65
5 18 11 15 0 40
5 18 13 15 0 160
5 18 14 5 0 104
5 18 14 15 0 59
5 18 13 5 0 173
5 18 0 5 0 137
5 18 16 15 0 109
5 18 17 15 0 158
5 18 19 5 0 259
5 18 19 15 0 256
5 18 20 5 0 176
5 18 20 15 0 112
5 19 0 5 0 120
5 17 8 15 0 68
5 19 2 5 0 256
5 19 2 15 0 187
5 19 3 5 0 288
5 18 17 5 0 211
5 19 4 5 0 207
5 19 4 15 0 138
5 19 6 5 0 223
5 19 6 15 0 186
5 19 7 5 0 130
5 19 7 15 0 137
5 19 3 15 0 185
5 19 8 5 0 45
5 19 0 15 0 117
5 19 8 15 0 60
5 19 9 5 0 54
5 19 11 15 0 98
5 19 12 5 0 20
5 19 11 5 0 73
5 19 13 5 0 143
5 19 13 15 0 128
5 19 14 5 0 206
5 19 12 15 0 128
5 19 14 15 0 195
5 19 16 5 0 185
5 19 16 15 0 167
5 18 16 5 0 120
5 19 9 15 0 88
5 19 17 15 0 289
5 19 18 5 0 278
5 19 20 5 0 153
5 19 20 15 0 160
5 20 1 15 0 137
5 20 2 5 0 112
5 20 2 15 0 66
5 20 3 5 0 161
5 20 3 15 0 137
5 20 4 5 0 163
5 20 4 15 0 104
5 20 6 5 0 60
5 20 1 5 0 160
5 19 18 15 0 231
5 20 7 5 0 100
5 20 7 15 0 100
5 20 8 5 0 40
5 20 9 5 0 93
5 20 9 15 0 83
5 20 8 15 0 91
5 20 11 15 0 111
5 20 12 5 0 88
5 20 12 15 0 72
5 20 13 5 0 109
5 20 13 15 0 103
5 20 14 5 0 47
5 20 14 15 0 90
5 20 16 5 0 126
5 20 16 15 0 150
5 20 17 5 0 161
5 20 17 15 0 117
5 20 18 5 0 130
5 20 18 15 0 137
5 20 19 5 0 169
5 20 19 15 0 120
6 0 1 6 0 225
6 0 1 14 0 268
6 0 2 6 0 110
5 20 6 15 0 68
6 0 2 14 0 182
6 0 3 14 0 285
6 0 4 6 0 59
6 0 4 14 0 147
6 0 5 6 0 68
6 0 5 14 0 60
6 0 7 6 0 75
6 0 3 6 0 50
6 0 7 14 0 72
5 20 11 5 0 50
5 19 17 5 0 218
6 0 8 6 0 139
6 0 8 14 0 158
6 0 9 6 0 38
6 0 9 14 0 68
6 0 11 6 0 61
6 0 11 14 0 40
6 0 13 14 0 21
6 0 13 6 0 66
6 0 15 14 0 86
6 0 16 6 0 103
6 0 15 6 0 46
6 0 17 6 0 231
6 0 17 14 0 76
6 0 16 14 0 91
6 0 18 6 0 75
6 0 19 6 0 215
6 0 19 14 0 228
6 1 0 6 0 224
6 0 18 14 0 154
6 0 12 6 0 98
6 0 12 14 0 136
6 1 3 6 0 121
6 1 3 14 0 171
6 1 2 14 0 255
6 1 4 14 0 66
6 1 4 6 
6 1 5 6 0 186
6 1 7 6 0 105
6 1 7 14 0 166
6 1 8 6 0 79
6 1 8 14 0 115
6 1 5 14 0 223
6 1 9 14 0 53
6 1 11 6 0 26
6 1 11 14 0 76
6 1 12 6 0 70
6 1 12 14 0 103
6 1 9 6 0 82
6 1 13 6 0 131
6 1 13 14 0 147
6 1 15 6 0 185
6 1 16 6 
6 1 15 14 0 189
6 1 17 6 0 190
6 1 16 14 0 89
6 1 0 14 0 215
6 1 17 14 0 146
6 1 18 14 0 235
6 1 2 6 0 171
6 2 0 6 0 105
6 1 20 14 0 196
6 2 1 6 0 170
6 2 0 14 0 75
6 2 1 14 0 160
6 2 3 14 0 74
6 2 3 6 0 65
6 2 4 6 0 71
6 2 4 14 0 134
6 2 5 6 0 48
6 2 7 6 0 73
6 2 5 14 0 77
6 1 20 6 0 268
6 2 8 6 
6 2 9 6 0 43
6 2 9 14 0 16
6 2 8 14 0 59
6 2 11 14 0 20
6 2 7 14 0 86
6 2 11 6 0 19
6 2 12 14 
6 2 13 6 0 69
6 2 13 14 0 76
6 2 12 6 0 86
6 1 18 6 0 160
6 2 15 6 0 101
6 2 15 14 0 57
6 2 16 6 0 113
6 2 17 14 0 103
6 2 19 6 0 255
6 2 20 6 0 182
6 2 20 14 0 177
6 2 16 14 0 79
6 3 0 14 0 231
6 3 1 6 0 113
6 3 1 14 0 190
6 3 2 6 0 69
6 3 2 14 0 91
6 2 17 6 0 91
6 3 4 6 0 27
6 3 0 6 0 46
6 3 4 14 0 67
6 2 19 14 0 243
6 3 5 6 0 47
6 3 5 14 0 73
6 3 7 6 0 48
6 3 9 6 0 29
6 3 8 14 0 30
6 3 11 6 0 37
6 3 11 14 0 75
6 3 12 6 0 15
6 3 12 14 0 21
6 3 13 6 0 65
6 3 13 14 0 61
6 3 15 6 0 42
6 3 9 14 0 87
6 3 16 6 0 35
6 3 15 14 0 68
6 3 18 6 0 74
6 3 18 14 0 112
6 3 19 6 0 171
6 3 16 14 0 67
6 3 8 6 0 23
6 3 20 6 0 285
6 3 19 14 0 148
6 3 7 14 0 75
6 3 20 14 0 66
6 4 0 6 0 64
6 4 0 14 0 103
6 4 2 14 0 113
6 4 1 6 
6 4 2 6 0 72
6 4 5 6 0 6
6 4 5 14 0 28
6 4 7 6 0 12
6 4 7 14 0 12
6 4 3 14 0 35
6 4 8 6 0 22
6 4 8 14 0 48
6 4 9 14 0 39
6 4 11 6 0 39
6 4 11 14 0 10
6 4 12 6 0 21
6 4 12 14 0 45
6 4 13 6 0 23
6 4 13 14 0 27
6 4 15 6 0 40
6 4 15 14 0 28
6 4 3 6 0 27
6 4 17 14 0 62
6 4 18 6 0 134
6 4 18 14 0 85
6 4 19 6 0 66
6 4 19 14 0 75
6 4 20 6 0 147
6 4 20 14 0 84
6 5 0 6 0 62
6 5 0 14 0 46
6 4 17 6 0 67
6 5 1 6 0 165
6 5 1 14 0 185
6 5 2 14 0 101
6 5 2 6 0 52
6 5 3 6 0 50
6 4 9 6 0 21
6 5 4 6 0 7
6 5 7 6 0 32
6 5 4 14 0 40
6 5 3 14 0 42
6 5 8 14 0 17
6 5 9 6 0 28
6 5 9 14 0 37
6 5 11 6 0 32
6 5 11 14 0 30
6 5 12 6 0 23
6 5 12 14 0 8
6 5 13 6 0 50
6 5 13 14 0 37
6 5 8 6 0 12
6 5 16 14 0 23
6 5 16 6 0 28
6 5 17 14 0 73
6 5 17 6 0 73
6 5 18 14 0 59
6 5 18 6 0 77
6 5 19 14 0 195
6 5 19 6 0 223
6 5 20 14 0 90
6 7 0 6 0 76
6 7 0 14 0 66
6 4 1 14 
6 5 7 14 0 57
6 5 20 6 0 60
6 7 1 6 0 134
6 7 1 14 0 131
6 7 2 6 0 80
6 7 2 14 0 69
6 7 3 6 0 48
6 7 4 14 0 23
6 7 5 14 0 50
6 7 8 6 0 5
6 7 8 14 0 12
6 7 9 6 0 35
6 7 9 14 0 26
6 7 11 6 0 37
6 7 11 14 0 38
6 7 12 6 0 13
6 7 12 14 0 8
6 7 15 6 0 57
6 7 5 6 0 28
6 7 16 6 0 12
6 7 16 14 0 24
6 7 17 6 0 75
6 7 17 14 0 60
6 7 18 6 0 86
6 7 18 14 0 79
6 7 19 6 0 166
6 7 4 6 0 12
6 7 19 14 0 132
6 7 15 14 0 37
6 8 0 6 0 141
6 8 0 14 0 98
6 8 1 6 0 74
6 8 1 14 0 70
6 8 2 6 
6 7 20 6 0 72
6 8 3 6 0 20
6 7 20 14 0 22
6 8 2 14 0 86
6 8 4 14 0 21
6 8 5 6 0 10
6 8 5 14 0 23
6 8 7 6 0 4
6 8 7 14 0 13
6 8 9 6 
6 8 9 14 
6 8 11 6 0 5
6 8 11 14 0 7
6 8 13 6 0 12
6 8 13 14 0 8
6 8 15 6 0 17
6 8 15 14 0 10
6 8 16 6 0 48
6 8 16 14 0 42
6 8 17 6 0 30
6 8 17 14 0 24
6 8 18 6 0 59
6 8 18 14 
6 8 19 6 0 115
6 8 19 14 0 104
6 8 20 6 0 158
6 8 20 14 0 129
6 9 0 6 0 33
6 9 0 14 0 61
6 9 1 6 0 84
6 9 1 14 0 26
6 9 2 6 0 44
6 8 4 6 0 19
6 9 2 14 0 19
6 9 3 14 0 37
6 8 3 14 0 15
6 9 3 6 0 22
6 7 3 14 0 65
6 9 4 14 0 39
6 9 5 6 0 27
6 9 7 14 0 37
6 9 7 6 0 27
6 9 8 6 
6 9 8 14 0 5
6 9 12 14 0 9
6 9 13 6 0 26
6 9 13 14 0 34
6 9 15 6 0 37
6 9 15 14 0 32
6 9 16 6 0 39
6 9 16 14 0 7
6 9 17 6 0 87
6 9 17 14 0 69
6 9 18 6 0 16
6 9 18 14 0 23
6 9 19 6 0 53
6 9 19 14 0 76
6 9 20 6 0 68
6 9 20 14 0 46
6 11 0 6 0 67
6 9 12 6 
6 11 1 6 0 29
6 11 0 14 0 38
6 9 5 14 0 32
6 11 2 6 0 18
6 11 3 6 0 38
6 11 2 14 0 43
6 11 4 6 0 33
6 11 4 14 0 21
6 11 3 14 0 29
6 11 5 14 0 28
6 11 7 6 0 49
6 11 5 6 0 33
6 11 7 14 0 35
6 11 8 14 
6 11 12 6 0 7
6 11 1 14 0 82
6 11 13 6 0 38
6 11 13 14 0 29
6 11 15 6 0 30
6 11 15 14 0 40
6 11 16 6 0 10
6 11 16 14 0 37
6 11 17 6 0 75
6 11 17 14 0 91
6 11 18 6 0 20
6 11 18 14 0 17
6 11 19 6 0 76
6 11 19 14 0 49
6 11 20 6 0 40
6 9 4 6 0 20
6 11 20 14 0 66
6 12 0 6 0 81
6 12 1 6 0 75
6 12 1 14 0 79
6 12 0 14 0 139
6 12 2 14 
6 12 3 6 0 15
6 12 3 14 0 23
6 12 4 6 0 22
6 12 4 14 0 22
6 12 5 6 0 26
6 12 5 14 0 12
6 12 7 6 0 13
6 12 7 14 0 5
6 12 9 6 
6 12 9 14 
6 12 11 6 0 9
6 12 2 6 0 86
6 12 11 14 0 5
6 12 13 14 0 11
6 12 15 6 0 8
6 12 15 14 0 14
6 12 16 6 0 45
6 12 13 6 0 8
6 12 17 6 0 21
6 12 17 14 0 32
6 12 18 6 
6 12 18 14 0 62
6 12 19 6 0 103
6 12 19 14 0 114
6 11 12 14 
6 12 20 14 0 137
6 12 16 14 0 47
6 13 0 6 0 62
6 13 1 6 0 132
6 13 1 14 0 105
6 12 20 6 0 136
6 13 2 6 0 67
6 13 0 14 0 75
6 13 3 14 0 48
6 13 4 6 0 19
6 13 2 14 0 73
6 13 4 14 0 12
6 13 5 14 0 32
6 13 8 6 0 11
6 13 8 14 0 4
6 13 9 6 0 29
6 13 9 14 0 27
6 13 11 6 0 34
6 13 11 14 0 49
6 13 12 6 0 8
6 13 12 14 0 13
6 13 15 6 0 37
6 13 15 14 0 56
6 13 16 6 0 27
6 13 16 14 0 12
6 13 17 6 0 61
6 13 17 14 0 78
6 13 18 6 0 76
6 13 18 14 0 88
6 13 19 6 0 147
6 13 19 14 0 164
6 13 20 6 0 21
6 13 20 14 0 70
6 15 0 6 0 47
6 15 0 14 0 68
6 13 3 6 0 65
6 15 1 6 0 206
6 15 2 6 0 104
6 15 1 14 0 186
6 15 3 6 0 46
6 15 2 14 0 48
6 11 8 6 0 5
6 13 5 6 0 44
6 15 4 6 0 43
6 15 3 14 0 47
6 15 4 14 0 6
6 15 8 14 0 10
6 15 9 6 0 40
6 15 9 14 0 27
6 15 11 6 0 32
6 15 11 14 0 33
6 15 12 6 0 10
6 15 12 14 0 26
6 15 13 6 0 37
6 15 13 14 0 44
6 15 8 6 0 14
6 15 16 14 0 32
6 15 17 6 0 68
6 15 17 14 0 78
6 15 18 6 0 57
6 15 18 14 0 80
6 15 19 6 0 189
6 15 19 14 0 233
6 15 20 6 0 86
6 15 20 14 0 82
6 16 0 6 0 99
6 16 0 14 0 59
6 16 1 6 
6 15 7 6 0 56
6 16 2 6 0 115
6 16 1 14 
6 16 2 14 0 71
6 16 3 14 0 27
6 16 5 6 0 32
6 16 5 14 0 7
6 16 3 6 0 32
6 16 7 6 0 12
6 16 8 6 0 47
6 16 8 14 0 19
6 16 9 6 0 37
6 16 9 14 0 20
6 16 11 6 0 7
6 16 11 14 0 33
6 16 12 6 0 42
6 16 12 14 0 22
6 16 13 6 0 24
6 16 13 14 0 19
6 16 15 6 0 23
6 16 15 14 0 43
6 16 17 6 0 67
6 16 17 14 0 83
6 16 18 6 0 79
6 16 18 14 0 144
6 16 19 6 0 89
6 16 19 14 0 65
6 16 20 6 0 91
6 15 16 6 0 28
6 16 20 14 0 157
6 17 0 6 0 217
6 17 0 14 0 50
6 17 1 6 0 191
6 16 7 14 0 12
6 17 2 6 0 93
6 17 2 14 0 65
6 17 4 6 0 83
6 17 1 14 0 121
6 17 5 6 0 78
6 17 4 14 0 27
6 17 5 14 0 50
6 15 7 14 0 28
6 17 8 14 0 20
6 17 9 6 0 91
6 17 9 14 0 22
6 17 11 6 0 69
6 17 11 14 0 38
6 17 12 6 0 24
6 17 12 14 0 15
6 17 13 6 0 60
6 17 13 14 0 65
6 17 15 6 0 73
6 17 15 14 0 46
6 17 16 6 0 62
6 17 16 14 0 32
6 17 18 6 0 103
6 17 18 14 0 79
6 17 19 6 0 146
6 17 19 14 0 181
6 17 20 6 0 76
6 17 20 14 0 281
6 18 0 6 0 71
6 18 0 14 0 110
6 18 1 6 0 190
6 18 1 14 0 171
6 18 3 6 0 79
6 17 8 6 0 32
6 18 4 6 0 144
6 18 4 14 0 72
6 18 5 6 0 80
6 18 3 14 0 69
6 18 5 14 0 52
6 18 7 6 0 88
6 18 8 6 0 62
6 18 7 14 0 80
6 18 8 14 
6 18 9 14 0 44
6 18 11 6 0 23
6 18 11 14 0 18
6 18 12 6 
6 18 12 14 0 86
6 18 13 6 0 79
6 18 13 14 0 67
6 18 15 6 0 59
6 18 15 14 0 104
6 18 16 6 0 85
6 18 16 14 0 115
6 17 7 14 0 48
6 18 17 14 0 93
6 18 19 6 0 235
6 18 19 14 0 243
6 18 20 6 0 154
6 18 20 14 0 194
6 19 0 6 0 203
6 19 0 14 0 225
6 19 2 6 0 243
6 18 17 6 0 112
6 17 7 6 0 78
6 19 3 6 0 181
6 19 3 14 0 113
6 19 4 6 0 65
6 19 5 6 0 233
6 19 5 14 0 165
6 19 7 6 0 164
6 19 4 14 
6 19 8 6 0 114
6 19 7 14 0 134
6 19 9 6 0 49
6 19 9 14 0 84
6 19 11 6 0 76
6 19 11 14 0 29
6 19 12 6 0 104
6 19 12 14 0 75
6 19 13 6 0 132
6 19 13 14 0 132
6 19 15 6 0 195
6 19 15 14 0 206
6 19 16 6 0 75
6 19 16 14 
6 19 17 6 0 148
6 19 17 14 0 191
6 19 18 6 0 243
6 19 18 14 0 190
6 19 20 6 0 228
6 19 20 14 0 251
6 20 1 6 0 251
6 18 9 6 0 17
6 20 1 14 0 224
6 20 2 14 0 105
6 20 3 6 0 281
6 19 8 14 0 74
6 20 3 14 0 46
6 20 4 14 0 64
6 20 2 6 0 194
6 20 5 14 0 62
6 20 4 6 0 157
6 20 7 6 0 70
6 20 5 6 0 82
6 20 8 14 0 141
6 20 8 6 0 137
6 20 9 6 0 66
6 20 9 14 0 33
6 20 11 6 0 46
6 20 11 14 0 67
6 20 12 14 0 81
6 20 13 6 0 22
6 20 7 14 0 76
6 20 15 6 0 90
6 20 15 14 0 47
6 20 16 6 0 84
6 20 16 14 0 99
6 20 17 6 0 66
6 20 17 14 0 217
6 20 18 6 0 177
6 20 18 14 0 71
6 20 19 6 0 196
6 20 19 14 0 203
7 0 1 7 0 191
6 20 12 6 0 129
7 0 2 7 0 149
7 0 2 13 0 192
7 0 3 7 0 215
7 0 3 13 0 207
7 0 4 7 0 77
7 0 4 13 0 122
6 20 13 14 0 62
7 0 1 13 0 199
7 0 5 13 0 100
7 0 6 7 0 76
7 0 5 7 0 100
7 0 6 13 0 70
7 0 9 7 0 111
7 0 9 13 0 113
7 0 11 7 0 106
6 19 2 14 0 170
7 0 8 13 0 110
7 0 12 13 0 103
7 0 8 7 0 127
7 0 14 13 0 66
7 0 15 7 0 118
7 0 15 13 0 114
7 0 16 7 0 98
7 0 16 13 0 104
7 0 14 7 0 21
7 0 17 7 0 208
7 0 18 7 0 153
7 0 17 13 0 193
7 0 19 7 0 209
7 0 19 13 0 193
7 1 0 7 0 195
7 1 0 13 0 209
7 1 2 7 0 211
7 1 2 13 0 248
7 1 3 7 0 119
7 0 18 13 0 182
7 1 3 13 0 182
7 1 4 13 0 601
7 1 5 7 0 137
7 1 5 13 0 130
7 1 6 7 0 134
7 1 4 7 0 122
7 1 8 7 0 76
7 1 6 13 0 164
7 1 8 13 0 90
7 1 9 13 0 47
7 1 11 7 0 33
7 1 11 13 
7 0 12 7 0 118
7 1 12 7 0 133
7 1 9 7 
7 1 14 13 0 131
7 1 15 7 0 138
7 1 15 13 0 130
7 1 16 7 0 157
7 1 16 13 0 301
7 1 17 7 0 147
7 1 17 13 0 156
7 1 18 7 0 215
7 1 14 7 0 147
7 1 20 7 0 199
7 1 20 13 0 152
7 2 0 7 0 154
7 2 0 13 0 153
7 2 1 7 0 222
7 2 1 13 0 215
7 1 18 13 0 249
7 2 3 13 0 93
7 2 4 7 0 40
7 2 4 13 0 80
7 2 3 7 0 73
7 2 5 7 0 122
7 2 6 7 0 80
7 2 6 13 0 88
7 2 8 7 0 31
7 2 8 13 0 43
7 2 9 7 0 44
7 2 9 13 0 54
7 2 11 7 0 40
7 2 11 13 0 45
7 2 12 7 0 14
7 2 12 13 0 48
7 2 14 7 0 76
7 2 14 13 0 69
7 2 15 7 0 157
7 2 5 13 0 173
7 2 16 7 0 45
7 2 16 13 0 98
7 2 17 7 0 62
7 2 17 13 0 146
7 2 19 7 0 248
7 2 19 13 0 246
7 2 20 7 0 192
7 2 20 13 0 161
7 3 0 7 0 162
7 3 0 13 0 208
7 3 1 7 0 117
7 3 1 13 0 147
7 3 2 7 0 77
7 3 2 13 0 62
7 3 4 7 0 40
7 2 15 13 0 161
7 3 4 13 0 53
7 3 5 13 0 69
7 3 6 7 0 48
7 3 6 13 0 78
7 3 8 7 0 43
7 3 8 13 0 34
7 3 9 7 0 48
7 3 9 13 0 46
7 3 11 7 0 35
7 3 11 13 0 51
7 3 12 7 0 48
7 3 12 13 0 18
7 3 14 7 0 61
7 3 14 13 0 65
7 3 15 7 0 90
7 3 15 13 0 83
7 3 16 7 0 58
7 3 16 13 0 71
7 3 18 7 0 93
7 3 18 13 0 152
7 3 19 7 0 182
7 3 19 13 0 151
7 3 20 7 0 207
7 3 20 13 0 186
7 4 0 7 0 79
7 0 11 13 0 113
7 3 5 7 0 80
7 4 1 7 0 99
7 4 2 7 0 42
7 4 2 13 0 45
7 4 1 13 0 157
7 4 3 13 0 58
7 4 5 7 0 29
7 4 5 13 0 76
7 4 6 7 0 12
7 4 6 13 0 12
7 4 8 7 0 15
7 4 8 13 0 11
7 4 9 7 0 36
7 4 9 13 0 50
7 4 11 7 0 39
7 4 11 13 0 35
7 4 12 7 0 35
7 1 12 13 0 59
7 4 3 7 0 44
7 4 0 13 0 98
7 4 14 7 0 27
7 4 15 13 0 53
7 4 17 7 0 53
7 4 15 7 0 39
7 4 17 13 0 78
7 4 18 13 0 100
7 4 19 7 0 601
7 4 18 7 0 80
7 4 20 7 0 122
7 4 20 13 0 103
7 5 0 7 0 102
7 5 0 13 0 118
7 5 1 7 0 107
7 4 19 13 0 316
7 5 2 7 0 112
7 5 2 13 0 157
7 5 3 7 0 81
7 5 3 13 0 90
7 5 1 13 0 138
7 5 4 13 0 39
7 5 4 7 0 40
7 5 6 7 0 28
7 5 8 7 0 21
7 5 8 13 0 46
7 5 9 7 0 21
7 5 9 13 0 39
7 5 11 7 
7 5 11 13 0 27
7 5 6 13 0 56
7 5 12 13 0 25
7 5 14 7 0 37
7 5 14 13 0 50
7 5 16 7 0 76
7 5 16 13 0 52
7 5 17 7 0 69
7 5 17 13 0 85
7 5 18 7 0 173
7 5 18 13 0 160
7 5 19 7 0 130
7 5 19 13 0 128
7 5 20 7 0 100
7 5 20 13 0 103
7 6 0 7 0 75
7 6 0 13 0 21
7 6 1 7 0 105
7 5 12 7 0 47
7 6 2 7 0 73
7 6 1 13 0 147
7 6 2 13 0 76
7 6 3 7 0 48
7 6 4 7 0 12
7 6 4 13 0 27
7 6 5 7 0 32
7 6 5 13 0 37
7 6 8 7 0 4
7 6 8 13 0 8
7 6 9 7 0 27
7 6 9 13 0 34
7 6 11 7 0 49
7 6 11 13 0 29
7 6 12 7 0 13
7 6 12 13 0 11
7 6 15 7 0 56
7 6 15 13 0 44
7 6 16 7 0 12
7 6 16 13 0 19
7 6 17 7 0 78
7 6 17 13 0 65
7 6 18 7 0 88
7 6 18 13 0 67
7 6 19 7 0 164
7 6 3 13 0 61
7 4 14 13 0 23
7 6 20 13 0 62
7 8 0 7 0 118
7 6 19 13 0 132
7 8 0 13 0 118
7 8 1 13 0 133
7 4 12 13 0 30
7 8 2 13 0 14
7 8 2 7 0 27
7 8 3 13 0 48
7 8 4 7 0 18
7 8 4 13 0 35
7 8 5 7 0 26
7 8 5 13 0 47
7 8 6 7 0 5
7 8 6 13 0 13
7 8 9 7 0 23
7 8 1 7 0 75
7 8 11 7 0 47
7 8 11 13 0 68
7 8 14 7 0 8
7 8 14 13 0 12
7 8 9 13 0 48
7 8 15 13 0 26
7 8 16 7 0 11
7 8 16 13 0 30
7 8 17 7 0 34
7 8 17 13 0 16
7 8 18 7 0 43
7 8 18 13 0 50
7 8 15 7 0 46
7 8 19 7 0 90
7 8 19 13 0 67
7 8 3 7 0 44
7 6 20 7 0 70
7 8 20 7 0 110
7 8 20 13 0 111
7 9 1 7 
7 9 0 13 0 106
7 9 2 13 0 40
7 9 3 7 0 39
7 9 3 13 0 35
7 9 4 7 0 37
7 9 4 13 0 39
7 9 5 7 0 23
7 9 5 13 
7 9 6 7 0 35
7 9 6 13 0 49
7 9 8 7 0 25
7 9 8 13 0 47
7 9 12 7 0 48
7 9 2 7 0 47
7 9 0 7 0 115
7 9 1 13 0 33
7 9 12 13 0 71
7 9 14 7 0 34
7 9 14 13 0 26
7 9 15 7 0 39
7 9 15 13 0 27
7 9 17 7 0 46
7 9 17 13 0 52
7 9 16 13 0 39
7 9 18 7 0 54
7 9 16 7 0 50
7 9 18 13 0 44
7 9 20 13 0 108
7 11 0 7 0 105
7 11 0 13 0 111
7 11 1 7 0 38
7 11 1 13 
7 9 19 13 
7 11 2 13 0 44
7 11 2 7 0 41
7 11 3 13 0 48
7 11 4 7 0 45
7 9 19 7 0 47
7 9 20 7 0 113
7 11 5 13 0 21
7 11 6 7 0 37
7 11 6 13 0 27
7 11 3 7 0 30
7 11 5 7 
7 11 8 7 0 54
7 11 4 13 0 36
7 11 14 7 0 29
7 11 14 13 0 38
7 11 12 7 0 68
7 11 15 7 0 27
7 11 15 13 0 36
7 11 12 13 0 43
7 11 16 13 0 42
7 11 17 7 0 51
7 11 18 7 0 45
7 11 17 13 0 44
7 11 18 13 0 50
7 11 19 13 0 46
7 11 20 7 0 113
7 11 19 7 
7 11 20 13 0 121
7 11 16 7 0 35
7 12 0 7 0 115
7 12 0 13 0 127
7 12 1 13 0 76
7 12 2 13 0 31
7 12 3 7 0 51
7 12 2 7 0 13
7 12 4 7 0 33
7 12 3 13 0 43
7 12 1 7 0 130
7 11 8 13 0 23
7 12 5 7 0 41
7 12 5 13 0 21
7 12 6 7 0 13
7 12 9 7 0 43
7 12 9 13 0 25
7 12 11 7 0 71
7 12 11 13 0 54
7 12 14 7 0 11
7 12 14 13 0 8
7 12 6 13 0 4
7 12 15 13 0 51
7 12 16 13 0 11
7 12 15 7 0 25
7 12 17 7 0 18
7 12 4 13 0 15
7 12 17 13 0 39
7 12 18 7 0 48
7 12 19 7 0 59
7 12 19 13 0 87
7 12 18 13 0 52
7 12 20 13 0 115
7 12 20 7 0 103
7 14 0 13 0 76
7 14 1 7 0 132
7 14 1 13 0 134
7 14 2 13 0 80
7 14 2 7 0 79
7 14 3 7 0 60
7 14 4 7 0 24
7 12 16 7 0 30
7 14 5 7 0 37
7 14 5 13 0 28
7 14 0 7 0 22
7 14 8 13 0 5
7 14 8 7 0 8
7 14 9 13 0 35
7 14 11 7 0 26
7 14 11 13 0 37
7 14 12 7 0 12
7 14 12 13 0 13
7 14 15 7 0 50
7 14 15 13 0 57
7 14 9 7 0 38
7 14 16 7 0 23
7 14 17 7 0 65
7 14 17 13 0 75
7 14 18 7 0 69
7 14 16 13 0 12
7 14 19 7 0 131
7 14 19 13 0 166
7 14 20 7 0 66
7 14 20 13 0 72
7 15 0 7 0 109
7 15 0 13 0 100
7 15 1 7 0 143
7 15 1 13 0 137
7 15 2 7 0 173
7 15 2 13 0 122
7 15 3 7 0 76
7 15 3 13 0 80
7 15 4 7 0 43
7 15 4 13 0 29
7 15 6 7 0 57
7 15 6 13 0 32
7 15 8 7 0 51
7 15 8 13 0 26
7 14 3 13 0 48
7 14 18 13 0 86
7 15 9 7 0 36
7 14 4 13 0 12
7 15 9 13 0 23
7 15 12 7 0 26
7 15 14 7 0 44
7 15 14 13 0 37
7 15 16 7 0 53
7 15 16 13 0 83
7 15 17 7 0 83
7 15 17 13 0 68
7 15 18 7 0 161
7 15 11 13 
7 15 19 7 0 130
7 15 12 13 0 41
7 15 19 13 0 143
7 15 20 7 0 114
7 15 20 13 0 103
7 15 18 13 0 148
7 16 0 7 0 94
7 15 11 7 0 27
7 16 0 13 0 77
7 16 2 13 0 40
7 16 1 7 0 187
7 16 2 7 0 49
7 16 3 13 0 40
7 16 5 7 0 83
7 16 5 13 0 40
7 16 6 13 0 12
7 16 8 7 0 11
7 16 8 13 0 18
7 16 9 7 0 42
7 16 9 13 0 37
7 16 11 7 0 39
7 16 11 13 0 45
7 16 12 7 0 30
7 16 12 13 0 33
7 16 14 7 0 19
7 16 3 7 0 55
7 16 15 7 0 52
7 16 6 7 0 12
7 16 15 13 0 43
7 16 14 13 0 24
7 16 18 7 0 98
7 16 18 13 0 82
7 16 19 7 0 301
7 16 19 13 0 576
7 16 17 13 0 63
7 16 17 7 0 71
7 16 1 13 0 122
7 16 20 7 0 104
7 16 20 13 0 119
7 17 0 7 0 227
7 17 0 13 0 215
7 17 1 7 0 156
7 17 1 13 0 119
7 17 2 7 0 61
7 17 2 13 0 73
7 17 4 7 0 63
7 17 4 13 0 44
7 17 5 13 0 81
7 17 6 7 0 75
7 17 6 13 0 48
7 17 5 7 0 68
7 17 8 7 0 39
7 17 11 7 0 52
7 17 8 13 0 44
7 17 11 13 0 30
7 17 9 13 0 39
7 17 14 7 0 65
7 17 12 13 0 51
7 17 14 13 0 60
7 17 15 7 0 85
7 17 15 13 0 76
7 17 16 7 0 78
7 17 16 13 0 55
7 17 18 7 0 146
7 17 18 13 0 89
7 17 19 7 0 156
7 17 20 7 0 193
7 17 19 13 0 154
7 18 0 7 0 142
7 17 20 13 0 204
7 18 0 13 0 149
7 18 1 7 0 211
7 18 3 7 0 89
7 18 1 13 0 211
7 18 4 7 0 82
7 18 4 13 0 42
7 18 3 13 0 77
7 18 5 7 0 148
7 18 6 7 0 86
7 18 6 13 0 73
7 18 8 7 0 52
7 18 8 13 0 27
7 18 5 13 0 112
7 18 9 7 0 50
7 18 11 7 0 44
7 18 11 13 0 41
7 18 9 13 0 47
7 18 12 7 0 50
7 18 14 7 0 67
7 18 14 13 0 79
7 18 12 13 0 13
7 18 15 13 0 173
7 18 16 7 0 100
7 18 16 13 0 49
7 18 15 7 0 160
7 18 17 13 0 61
7 18 17 7 0 152
7 18 19 13 0 244
7 18 19 7 0 249
7 18 20 13 0 168
7 18 20 7 0 182
7 19 0 7 0 216
7 17 12 7 0 16
7 17 9 7 0 44
7 19 2 7 0 244
7 19 2 13 0 222
7 19 3 7 0 154
7 19 4 7 0 576
7 19 5 7 0 143
7 19 4 13 0 99
7 19 6 7 0 166
7 19 6 13 0 105
7 19 8 7 0 87
7 19 8 13 0 75
7 19 9 7 0 46
7 19 5 13 0 107
7 19 3 13 0 117
7 19 11 13 0 38
7 19 12 7 0 67
7 19 12 13 0 130
7 19 14 7 0 132
7 19 9 13 
7 19 15 7 0 128
7 19 14 13 0 132
7 19 15 13 0 143
7 19 16 13 0 187
7 19 17 7 0 151
7 19 17 13 0 156
7 19 18 7 0 246
7 19 18 13 0 211
7 19 20 7 0 193
7 19 20 13 0 165
7 20 1 7 0 165
7 20 1 13 0 195
7 20 2 7 0 168
7 20 2 13 0 154
7 20 3 7 0 204
7 20 3 13 0 162
7 20 4 7 0 119
7 20 4 13 0 79
7 20 5 7 0 103
7 19 11 7 
7 20 6 7 0 72
7 20 6 13 0 75
7 20 8 7 0 115
7 20 8 13 0 118
7 20 9 7 0 121
7 20 9 13 0 115
7 20 11 7 0 108
7 20 5 13 0 102
7 19 16 7 0 316
7 20 12 13 0 115
7 20 14 7 0 62
7 20 14 13 0 22
7 20 15 7 0 103
7 20 15 13 0 109
7 20 16 7 0 103
7 20 16 13 0 94
7 20 17 7 0 186
7 20 17 13 0 227
7 20 18 7 0 161
7 20 18 13 0 142
7 20 19 7 0 152
7 19 0 13 0 191
7 20 19 13 0 216
7 20 12 7 0 111
8 0 1 8 0 228
8 0 2 8 0 123
8 0 3 8 0 122
8 0 2 12 0 172
7 20 11 13 0 105
8 0 4 8 0 24
8 0 3 12 0 92
8 0 4 12 0 85
8 0 5 12 0 40
8 0 6 12 0 137
8 0 7 8 0 118
8 0 5 8 0 91
8 0 9 8 0 60
8 0 9 12 0 81
8 0 11 8 0 96
8 0 6 8 0 141
8 0 7 12 0 115
8 0 13 8 0 103
8 0 13 12 0 118
8 0 14 12 0 98
8 0 15 8 0 90
8 0 14 8 0 136
8 0 16 8 0 31
8 0 16 12 
8 0 17 8 0 116
8 0 17 12 0 78
8 0 18 8 0 104
8 0 15 12 0 72
8 0 18 12 0 134
8 0 19 8 0 233
8 0 1 12 0 264
8 0 19 12 0 238
8 0 11 12 0 41
8 1 0 8 0 232
8 1 0 12 0 233
8 1 2 8 0 100
8 1 2 12 0 107
8 1 3 8 0 139
8 1 3 12 0 123
8 1 4 8 0 87
8 1 4 12 0 84
8 1 5 8 0 60
8 1 5 12 0 45
8 1 6 8 0 74
8 1 6 12 0 114
8 1 9 12 0 60
8 1 11 8 0 57
8 1 9 8 0 63
8 1 13 8 0 59
8 1 11 12 0 75
8 1 14 8 0 103
8 1 14 12 0 70
8 1 15 8 0 19
8 1 15 12 0 122
8 1 13 12 0 133
8 1 7 12 0 87
8 1 16 8 0 73
8 1 16 12 0 133
8 1 7 8 0 75
8 1 17 8 0 140
8 1 17 12 0 183
8 1 18 8 0 82
8 1 18 12 0 131
8 1 20 8 0 264
8 1 20 12 0 218
8 2 0 8 0 120
8 2 0 12 0 104
8 2 1 8 0 123
8 2 1 12 0 82
8 2 3 8 0 76
8 2 3 12 0 43
8 2 4 8 0 39
8 2 5 12 0 43
8 2 6 12 0 62
8 2 7 8 0 27
8 2 5 8 0 22
8 2 9 8 0 21
8 2 9 12 0 16
8 2 7 12 0 52
8 2 4 12 0 94
8 2 6 8 
8 2 11 8 0 11
8 2 11 12 0 22
8 2 13 12 0 14
8 2 13 8 0 48
8 2 14 8 
8 2 15 12 0 67
8 2 16 12 0 97
8 2 16 8 0 87
8 2 14 12 0 86
8 2 17 12 0 90
8 2 17 8 0 47
8 2 15 8 0 53
8 2 19 8 0 107
8 2 19 12 0 138
8 3 0 12 0 116
8 2 20 8 0 172
8 3 1 8 0 134
8 3 0 8 0 110
8 3 2 12 0 47
8 3 4 8 0 48
8 3 4 12 0 96
8 3 5 8 0 68
8 2 20 12 0 142
8 3 6 8 0 20
8 3 6 12 0 32
8 3 7 8 0 44
8 3 7 12 0 39
8 3 9 8 0 45
8 3 9 12 0 55
8 3 11 8 0 45
8 3 11 12 0 38
8 3 13 8 0 18
8 3 13 12 0 48
8 3 14 8 0 21
8 3 14 12 0 15
8 3 15 8 0 89
8 3 15 12 0 97
8 3 16 8 0 54
8 3 16 12 0 91
8 3 5 12 0 89
8 3 18 12 0 87
8 3 19 8 0 123
8 3 19 12 0 180
8 3 20 8 0 92
8 3 20 12 0 77
8 4 0 8 0 23
8 4 0 12 0 31
8 4 1 8 0 89
8 4 1 12 0 73
8 4 2 8 0 37
8 4 2 12 0 87
8 4 3 8 0 50
8 4 3 12 0 54
8 4 5 8 0 33
8 4 5 12 0 39
8 4 6 8 0 19
8 4 6 12 0 47
8 4 7 8 0 18
8 4 7 12 0 11
8 4 9 8 0 26
8 4 9 12 0 32
8 4 11 8 0 27
8 4 11 12 0 28
8 4 13 8 0 30
8 4 13 12 0 35
8 4 14 8 0 45
8 4 14 12 0 21
8 4 15 8 0 55
8 3 18 8 0 43
8 3 1 12 0 140
8 3 2 8 0 78
8 4 15 12 0 52
8 4 17 8 0 96
8 4 18 8 0 94
8 4 19 12 0 129
8 4 20 8 0 85
8 4 17 12 0 95
8 5 0 8 0 83
8 5 0 12 0 90
8 5 1 8 0 58
8 5 1 12 0 19
8 5 2 8 0 20
8 5 2 12 0 53
8 5 3 8 0 69
8 4 18 12 0 95
8 4 20 12 
8 5 4 12 0 55
8 5 6 8 0 10
8 5 4 8 0 34
8 5 3 12 0 89
8 4 19 8 0 84
8 5 6 12 0 14
8 5 7 8 0 26
8 5 7 12 0 51
8 5 9 8 0 34
8 5 9 12 0 31
8 5 11 8 0 24
8 5 11 12 0 28
8 5 14 12 0 23
8 5 16 8 0 39
8 5 14 8 0 8
8 5 17 8 0 89
8 5 16 12 0 54
8 5 18 8 0 43
8 5 18 12 0 65
8 5 13 8 0 25
8 5 19 12 0 128
8 5 20 8 0 40
8 5 19 8 0 45
8 5 20 12 0 72
8 6 0 8 0 139
8 6 0 12 0 136
8 6 1 12 0 103
8 6 2 8 
8 6 2 12 
8 6 3 8 0 23
8 6 3 12 0 21
8 6 4 8 0 22
8 6 4 12 0 45
8 6 5 8 0 12
8 6 1 8 0 79
8 6 5 12 0 8
8 6 7 8 0 5
8 6 7 12 0 8
8 5 17 12 0 95
8 5 13 12 0 47
8 6 9 8 
8 6 13 8 0 11
8 6 13 12 0 13
8 6 15 8 0 14
8 6 15 12 0 26
8 6 16 8 0 47
8 6 11 8 0 5
8 6 17 8 0 32
8 6 16 12 0 22
8 6 17 12 0 15
8 6 18 8 0 62
8 6 19 8 0 114
8 6 9 12 0 9
8 6 18 12 0 86
8 6 20 12 0 81
8 6 20 8 0 137
8 7 0 12 0 103
8 7 0 8 0 127
8 7 1 12 0 59
8 7 2 8 0 31
8 7 1 8 0 76
8 7 3 8 0 43
8 7 3 12 0 18
8 7 4 8 0 15
8 7 2 12 0 48
8 7 5 8 0 21
8 7 4 12 0 30
8 7 5 12 0 25
8 7 6 8 0 4
8 7 9 8 0 25
8 7 9 12 0 71
8 7 6 12 0 11
8 7 11 12 0 43
8 7 14 8 0 8
8 7 14 12 0 13
8 7 15 8 0 51
8 7 15 12 0 41
8 7 16 8 0 11
8 7 16 12 0 33
8 7 17 8 0 39
8 7 17 12 0 51
8 7 18 8 0 52
8 7 18 12 0 13
8 7 19 8 0 87
8 7 19 12 0 130
8 7 20 8 0 115
8 7 20 12 0 115
8 9 0 8 0 66
8 9 0 12 0 96
8 9 1 8 0 63
8 9 1 12 0 57
8 9 2 8 0 22
8 9 2 12 0 11
8 6 11 12 
8 7 11 8 0 54
8 9 3 12 0 45
8 9 4 8 0 35
8 9 4 12 0 27
8 9 5 8 0 30
8 9 3 8 0 50
8 9 5 12 0 24
8 9 6 12 0 5
8 9 7 8 0 23
8 9 7 12 0 54
8 9 13 12 0 48
8 9 13 8 0 71
8 9 14 12 
8 9 14 8 0 9
8 9 15 12 0 31
8 9 15 8 0 31
8 9 6 8 
8 9 17 8 0 55
8 9 17 12 0 39
8 9 18 8 0 16
8 9 18 12 0 23
8 9 16 12 0 28
8 9 19 12 0 71
8 9 19 8 0 60
8 9 20 12 0 44
8 9 20 8 0 81
8 9 16 8 0 32
8 11 0 8 0 83
8 11 1 12 0 63
8 11 2 8 0 8
8 11 2 12 0 21
8 11 1 8 0 61
8 6 19 12 0 75
8 11 3 12 0 45
8 11 3 8 0 47
8 11 0 12 0 60
8 11 5 8 0 23
8 11 5 12 0 34
8 11 6 8 0 5
8 11 7 8 0 47
8 11 6 12 
8 11 13 8 0 43
8 11 4 8 0 31
8 11 14 8 
8 11 14 12 0 7
8 11 13 12 0 68
8 11 15 8 0 28
8 11 15 12 0 29
8 11 16 12 0 33
8 11 7 12 0 25
8 11 17 8 0 38
8 11 4 12 0 26
8 11 17 12 0 55
8 11 18 8 0 22
8 11 18 12 0 19
8 11 16 8 0 28
8 11 20 12 0 82
8 11 20 8 0 41
8 13 0 12 0 118
8 13 0 8 0 111
8 13 1 8 0 67
8 13 1 12 0 75
8 13 2 12 0 27
8 13 3 8 0 16
8 13 3 12 0 44
8 13 4 8 0 30
8 13 2 8 0 50
8 13 4 12 0 18
8 13 5 12 0 26
8 13 5 8 0 26
8 13 6 12 0 5
8 13 9 8 0 68
8 13 9 12 0 23
8 13 11 8 0 48
8 13 11 12 0 47
8 13 6 8 0 12
8 13 14 12 0 8
8 13 15 8 0 47
8 13 15 12 0 46
8 13 16 8 0 35
8 13 16 12 0 11
8 13 17 8 0 48
8 13 17 12 0 34
8 13 18 8 0 14
8 13 18 12 0 43
8 13 19 8 0 133
8 13 19 12 0 90
8 13 20 8 0 118
8 13 20 12 0 110
8 14 0 8 0 129
8 14 0 12 0 141
8 11 19 8 0 75
8 11 19 12 0 62
8 14 1 8 0 104
8 14 2 8 
8 14 2 12 
8 14 3 12 0 20
8 14 4 8 0 42
8 14 4 12 0 19
8 14 5 8 0 10
8 14 5 12 0 10
8 14 7 8 0 8
8 14 7 12 0 4
8 13 14 8 0 13
8 14 9 12 
8 14 11 8 
8 14 11 12 0 5
8 14 13 8 0 13
8 14 13 12 0 12
8 14 9 8 0 7
8 14 15 12 0 17
8 14 16 8 0 21
8 14 16 12 0 48
8 14 17 8 0 15
8 14 17 12 0 30
8 14 18 8 0 86
8 14 18 12 0 59
8 14 19 8 0 70
8 14 19 12 0 115
8 14 20 8 0 98
8 14 20 12 0 158
8 15 0 8 0 88
8 15 0 12 0 91
8 15 1 8 0 20
8 15 1 12 0 60
8 14 3 8 0 24
8 14 15 8 0 23
8 15 2 8 0 47
8 15 2 12 0 22
8 14 1 12 0 74
8 15 3 8 0 94
8 15 3 12 0 68
8 15 6 8 0 17
8 15 6 12 0 12
8 15 7 12 0 21
8 15 9 8 0 29
8 15 9 12 0 30
8 15 11 8 0 31
8 15 11 12 0 23
8 15 13 8 0 41
8 15 13 12 0 26
8 15 14 8 0 26
8 15 14 12 0 10
8 15 16 8 0 52
8 15 16 12 0 39
8 15 7 8 0 46
8 15 17 12 0 94
8 15 17 8 0 97
8 15 18 8 0 67
8 15 18 12 0 49
8 15 4 8 0 61
8 15 19 8 0 122
8 15 20 12 0 39
8 16 0 8 0 29
8 16 0 12 0 24
8 16 1 8 0 81
8 16 1 12 0 87
8 15 20 8 0 72
8 16 2 12 0 39
8 15 4 12 0 33
8 16 3 8 0 53
8 16 5 8 0 39
8 16 3 12 0 48
8 16 5 12 0 34
8 16 2 8 0 103
8 15 19 12 0 47
8 16 6 8 0 48
8 16 6 12 0 22
8 16 7 8 0 11
8 16 7 12 0 15
8 16 9 8 0 33
8 16 9 12 0 35
8 16 11 8 0 28
8 16 11 12 0 31
8 16 14 8 0 22
8 16 15 8 0 54
8 16 13 12 0 30
8 16 17 8 0 91
8 16 17 12 0 86
8 16 18 8 0 97
8 16 18 12 0 99
8 16 19 8 0 133
8 16 19 12 0 81
8 16 20 8 
8 16 20 12 0 79
8 17 0 8 0 114
8 17 0 12 0 122
8 17 1 8 0 146
8 17 1 12 0 139
8 17 2 8 0 49
8 17 2 12 0 76
8 17 4 8 0 86
8 17 4 12 0 50
8 17 5 8 0 94
8 16 15 12 0 61
8 17 6 8 0 30
8 16 14 12 0 42
8 17 7 8 0 34
8 17 7 12 0 43
8 17 9 8 0 55
8 17 9 12 0 50
8 17 11 8 0 39
8 17 11 12 0 47
8 17 13 8 0 51
8 17 6 12 0 23
8 17 5 12 0 69
8 16 13 8 0 33
8 17 13 12 0 16
8 17 15 12 0 94
8 17 16 8 0 95
8 17 16 12 0 53
8 17 18 8 0 90
8 17 15 8 0 95
8 17 18 12 0 41
8 17 19 12 0 109
8 17 20 8 0 78
8 17 20 12 0 100
8 18 0 8 0 74
8 18 0 12 0 123
8 18 1 8 0 96
8 18 1 12 0 100
8 18 3 8 0 41
8 18 3 12 0 78
8 18 4 8 0 99
8 18 4 12 0 37
8 18 5 8 0 49
8 18 5 12 0 20
8 18 6 8 0 59
8 18 6 12 
8 18 7 8 0 43
8 18 7 12 0 31
8 18 9 8 0 19
8 18 9 12 0 22
8 18 11 8 0 23
8 18 11 12 0 8
8 18 13 8 0 13
8 18 13 12 0 50
8 18 14 8 0 86
8 18 14 12 
8 17 19 8 0 183
8 18 15 12 0 47
8 18 16 8 0 95
8 18 15 8 0 65
8 17 14 8 0 15
8 18 17 8 0 87
8 18 17 12 0 49
8 18 19 12 0 127
8 18 20 8 0 134
8 18 20 12 0 152
8 19 0 8 0 234
8 19 0 12 0 228
8 18 19 8 0 131
8 19 2 8 0 127
8 18 16 12 0 103
8 19 3 12 0 134
8 19 3 8 0 109
8 19 4 8 0 81
8 19 5 8 0 47
8 19 4 12 0 89
8 19 6 8 0 115
8 19 5 12 0 58
8 19 2 12 0 123
8 19 7 8 0 90
8 19 7 12 0 76
8 19 6 12 0 79
8 19 11 8 0 71
8 19 9 8 0 62
8 19 13 8 0 130
8 19 13 12 0 67
8 19 11 12 0 61
8 19 14 12 0 104
8 19 15 8 0 128
8 19 15 12 0 20
8 19 14 8 0 75
8 17 14 12 0 24
8 19 16 12 0 81
8 19 17 8 0 180
8 19 17 12 0 146
8 19 18 12 0 96
8 19 20 8 0 238
8 19 20 12 0 265
8 19 18 8 0 138
8 19 16 8 0 129
8 20 2 8 0 152
8 20 2 12 0 120
8 20 3 8 0 100
8 20 3 12 0 110
8 20 4 8 0 79
8 20 4 12 0 23
8 20 1 8 0 265
8 20 5 12 0 83
8 20 5 8 0 39
8 19 9 12 0 63
8 20 6 12 0 139
8 20 7 8 0 110
8 20 9 8 0 82
8 20 9 12 0 66
8 20 11 8 0 44
8 20 11 12 0 83
8 20 13 8 0 115
8 20 13 12 0 111
8 20 14 8 0 81
8 20 14 12 0 129
8 20 15 8 0 72
8 20 15 12 0 88
8 20 16 8 
8 20 16 12 0 29
8 20 17 8 0 77
8 20 17 12 0 114
8 20 18 8 0 142
8 20 18 12 0 74
8 20 7 12 0 127
8 20 19 12 0 234
9 0 1 9 0 137
9 0 1 11 0 112
9 0 2 9 0 53
9 0 2 11 0 143
9 0 3 9 0 67
9 0 3 11 0 101
9 0 4 9 0 97
9 0 4 11 0 102
9 0 5 9 0 83
9 0 5 11 0 93
9 0 6 9 0 33
9 0 6 11 0 66
9 0 7 9 0 115
9 0 7 11 0 121
8 20 19 8 0 218
9 0 8 9 0 66
9 0 8 11 0 82
9 0 12 11 0 96
9 0 13 9 0 113
9 0 13 11 0 106
9 0 12 9 0 41
9 0 14 11 0 61
9 0 15 9 0 51
9 0 15 11 0 109
9 0 16 9 0 93
9 0 16 11 0 103
9 0 17 9 0 79
9 0 17 11 0 101
8 20 1 12 0 232
9 0 18 11 0 71
9 0 19 9 0 132
9 0 19 11 0 109
9 1 0 9 0 148
9 1 0 11 0 132
9 0 14 9 0 40
9 1 2 11 0 52
9 1 3 9 0 114
9 1 3 11 0 84
9 1 4 9 0 86
9 1 4 11 0 24
9 1 5 9 0 88
9 1 2 9 0 85
9 1 5 11 0 54
9 1 6 11 0 49
9 1 7 9 
9 1 7 11 0 46
9 1 6 9 0 84
9 1 8 11 0 62
9 1 12 9 0 75
8 20 6 8 0 158
9 1 8 9 0 63
9 1 13 9 
9 1 12 11 0 57
9 1 14 11 0 26
9 1 15 9 0 66
9 1 15 11 0 102
9 1 16 9 0 54
9 1 16 11 0 69
9 1 17 9 0 95
9 1 17 11 0 113
9 1 14 9 0 76
9 1 18 11 0 69
9 1 18 9 0 70
9 1 20 11 0 109
9 2 0 9 0 55
9 1 20 9 0 112
9 1 13 11 0 33
9 0 18 9 0 27
9 2 1 9 0 67
9 2 1 11 0 70
9 2 3 9 0 81
9 2 4 9 0 29
9 2 5 9 0 73
9 2 5 11 0 64
9 2 6 9 0 44
9 2 6 11 0 17
9 2 4 11 0 29
9 2 7 9 0 47
9 2 8 9 0 22
9 2 8 11 0 19
9 2 12 9 0 22
9 2 12 11 0 11
9 2 13 9 0 45
9 2 13 11 0 40
9 2 14 9 0 20
9 2 14 11 0 19
9 2 15 9 0 60
9 2 15 11 0 42
9 2 16 9 0 14
9 2 16 11 0 52
9 2 17 9 0 99
9 2 17 11 0 123
9 2 0 11 0 27
9 2 19 9 0 52
9 2 20 9 0 143
9 2 20 11 0 61
9 3 0 9 0 64
9 3 0 11 0 79
9 3 1 9 0 114
9 3 1 11 0 95
9 3 2 9 0 86
9 3 2 11 0 99
9 2 7 11 0 50
9 3 4 11 0 83
9 3 4 9 0 89
9 3 5 9 0 45
9 3 6 9 0 22
9 3 6 11 0 91
9 2 3 11 0 74
9 3 7 11 0 44
9 3 8 9 0 50
9 3 7 9 0 39
9 3 12 9 0 38
9 3 12 11 0 45
9 3 8 11 0 55
9 3 13 9 0 51
9 3 13 11 0 35
9 3 14 9 0 75
9 3 14 11 0 37
9 3 15 11 0 61
9 3 15 9 
9 3 16 11 0 100
9 3 18 9 0 74
9 3 18 11 0 141
9 3 16 9 0 94
9 3 19 11 0 119
9 3 20 9 0 101
9 3 20 11 0 106
9 4 0 9 0 95
9 4 0 11 0 93
9 4 1 9 0 83
9 4 1 11 0 54
9 4 2 9 0 29
9 4 2 11 0 14
9 4 3 9 0 85
9 4 3 11 0 94
9 4 5 9 0 45
9 4 5 11 0 67
9 4 6 9 0 20
9 4 6 11 0 37
9 4 7 9 0 37
9 4 7 11 0 42
9 4 8 9 0 35
9 4 8 11 0 33
9 4 12 9 0 28
9 4 12 11 0 27
9 3 5 11 0 39
9 4 13 9 0 35
9 4 13 11 0 39
9 4 14 11 0 39
9 4 15 9 0 53
9 4 14 9 0 10
9 4 17 9 0 83
9 4 17 11 0 107
9 4 15 11 0 62
9 4 18 9 0 29
9 4 18 11 0 50
9 4 19 11 0 73
9 4 19 9 0 24
9 4 20 11 0 111
9 5 0 9 0 79
9 4 20 9 0 102
9 5 1 9 0 92
9 5 1 11 0 66
9 5 2 9 0 74
9 5 2 11 0 60
9 5 0 11 0 51
9 5 3 11 
9 5 3 9 0 42
9 3 19 9 0 84
9 5 6 9 0 27
9 5 6 11 0 40
9 5 7 9 0 23
9 5 7 11 0 36
9 5 8 9 0 30
9 5 8 11 0 29
9 5 12 9 0 28
9 2 19 11 0 77
9 5 13 9 0 27
9 5 13 11 
9 5 14 9 0 30
9 5 14 11 0 32
9 5 16 9 0 67
9 5 16 11 0 58
9 5 17 9 0 39
9 5 17 11 0 59
9 5 18 9 0 64
9 5 18 11 0 40
9 5 19 9 0 54
9 5 19 11 0 98
9 5 20 9 0 93
9 5 20 11 0 111
9 6 0 9 0 38
9 6 0 11 0 40
9 6 1 9 0 82
9 6 1 11 0 76
9 6 2 9 0 43
9 5 12 11 0 24
9 6 3 9 0 29
9 6 3 11 0 75
9 6 4 9 0 21
9 5 4 9 0 58
9 6 5 9 0 28
9 6 5 11 0 30
9 6 7 9 0 35
9 6 7 11 0 38
9 6 8 9 
9 6 8 11 0 7
9 6 12 9 
9 6 12 11 0 5
9 6 4 11 0 10
9 6 13 11 0 49
9 6 13 9 0 29
9 6 2 11 0 20
9 6 15 11 0 33
9 6 15 9 0 40
9 6 17 9 0 91
9 6 17 11 0 38
9 6 16 11 0 33
9 6 18 11 0 18
9 6 19 9 0 49
9 6 19 11 0 29
9 6 20 9 0 66
9 6 18 9 0 17
9 6 20 11 0 67
9 5 4 11 0 53
9 6 16 9 0 37
9 7 0 9 0 111
9 7 0 11 0 113
9 7 1 9 
9 7 1 11 
9 7 2 9 0 44
9 7 2 11 0 45
9 7 3 9 0 48
9 7 3 11 0 51
9 7 4 9 0 36
9 7 4 11 0 35
9 7 5 9 0 21
9 7 5 11 0 27
9 7 6 9 0 27
9 7 6 11 0 29
9 7 8 9 0 23
9 7 8 11 0 68
9 7 12 9 0 43
9 7 12 11 0 54
9 7 14 9 0 38
9 7 14 11 0 37
9 7 15 9 0 36
9 7 15 11 
9 7 16 9 0 42
9 7 16 11 0 45
9 7 17 9 0 44
9 7 17 11 0 30
9 7 18 9 0 50
9 7 18 11 0 41
9 7 19 9 0 46
9 7 19 11 0 38
9 7 20 9 0 121
9 7 20 11 0 105
9 8 0 9 0 60
9 8 0 11 0 41
9 8 1 11 0 75
9 8 3 9 0 45
9 8 3 11 0 38
9 8 4 9 0 26
9 8 4 11 0 28
9 8 5 9 0 34
9 8 5 11 0 28
9 8 6 9 
9 8 2 11 0 22
9 8 2 9 0 21
9 8 1 9 0 63
9 8 7 11 0 43
9 8 13 9 0 68
9 8 14 9 0 7
9 8 14 11 0 5
9 8 6 11 
9 8 15 11 0 23
9 8 16 9 0 33
9 8 15 9 0 29
9 8 17 9 0 55
9 8 17 11 0 47
9 8 18 9 0 19
9 8 13 11 0 47
9 8 16 11 0 31
9 8 18 11 0 8
9 8 19 9 0 62
9 8 20 11 0 83
9 12 0 9 0 44
9 12 0 11 0 66
9 12 1 9 0 71
9 12 1 11 0 63
9 12 2 9 0 23
9 12 2 11 0 22
9 12 3 9 0 39
9 12 3 11 0 50
9 12 4 9 0 28
9 12 4 11 0 35
9 12 5 9 0 31
9 12 5 11 0 30
9 12 6 9 
9 12 6 11 
9 12 7 9 0 48
9 12 7 11 0 23
9 12 13 9 0 54
9 12 13 11 0 71
9 12 14 9 0 5
9 12 14 11 0 9
9 12 15 9 0 24
9 12 15 11 0 31
9 12 16 9 0 27
9 12 16 11 0 32
9 12 17 9 0 45
9 8 19 11 0 61
9 12 17 11 0 55
9 12 18 11 0 16
9 12 19 9 0 57
9 12 19 11 0 60
9 12 20 9 0 96
9 12 20 11 0 81
9 8 20 9 0 82
9 8 7 9 0 25
9 13 1 9 
9 13 1 11 
9 13 2 9 0 44
9 13 2 11 0 47
9 12 18 9 0 11
9 13 3 11 0 39
9 13 4 9 0 39
9 13 4 11 0 37
9 13 5 9 0 27
9 13 5 11 0 23
9 13 6 9 0 26
9 13 6 11 0 35
9 13 8 9 0 71
9 13 8 11 0 25
9 13 12 9 0 47
9 13 3 9 0 52
9 13 12 11 0 48
9 13 14 9 0 49
9 13 15 9 
9 13 15 11 0 39
9 13 16 9 0 39
9 13 16 11 0 50
9 13 17 9 0 35
9 13 17 11 0 46
9 13 0 9 0 108
9 13 18 9 0 40
9 13 18 11 0 54
9 13 19 11 0 47
9 13 20 9 0 106
9 13 20 11 0 113
9 14 0 9 0 46
9 14 0 11 0 33
9 14 1 9 0 76
9 14 1 11 0 84
9 14 2 9 0 23
9 13 14 11 0 34
9 13 19 9 0 33
9 14 3 9 0 69
9 14 4 9 0 7
9 14 2 11 0 44
9 14 5 9 0 32
9 14 5 11 0 27
9 14 7 9 0 34
9 14 3 11 0 22
9 13 0 11 0 115
9 14 7 11 0 27
9 14 4 11 0 20
9 14 12 11 
9 14 13 9 0 37
9 14 12 9 0 5
9 14 13 11 0 26
9 14 15 11 0 37
9 14 16 9 0 39
9 14 16 11 0 39
9 14 15 9 0 32
9 14 17 9 0 37
9 14 8 11 
9 14 18 9 0 19
9 14 19 9 0 26
9 14 18 11 0 16
9 14 20 9 0 61
9 14 20 11 0 68
9 14 19 11 0 53
9 15 0 11 0 83
9 15 1 9 0 73
9 15 0 9 0 50
9 15 1 11 0 88
9 15 2 11 0 73
9 15 2 9 0 64
9 15 3 9 
9 15 4 9 0 60
9 15 3 11 0 45
9 15 4 11 0 45
9 15 6 11 0 28
9 15 7 9 0 39
9 15 7 11 0 21
9 15 8 9 0 31
9 15 8 11 0 34
9 15 12 9 0 23
9 15 6 9 0 37
9 14 8 9 0 9
9 15 12 11 0 31
9 14 17 11 0 87
9 15 13 9 
9 15 14 9 0 33
9 15 14 11 0 32
9 15 16 9 0 62
9 15 17 9 0 61
9 15 17 11 0 42
9 15 16 11 0 63
9 15 18 9 0 42
9 15 13 11 0 27
9 15 18 11 0 58
9 15 19 9 0 102
9 15 19 11 0 58
9 15 20 9 0 109
9 15 20 11 0 102
9 16 0 9 0 96
9 16 0 11 0 97
9 16 1 9 0 56
9 16 1 11 0 86
9 16 2 9 0 14
9 16 2 11 0 29
9 16 3 9 0 96
9 16 6 9 0 39
9 16 5 11 0 58
9 16 6 11 0 21
9 16 7 9 0 50
9 16 8 9 0 32
9 16 5 9 0 63
9 16 8 11 0 26
9 16 7 11 0 36
9 16 3 11 0 89
9 16 13 9 0 45
9 16 14 9 0 33
9 16 13 11 0 39
9 16 14 11 0 7
9 16 15 11 0 60
9 16 17 9 0 100
9 16 12 11 0 28
9 16 17 11 0 75
9 16 15 9 0 58
9 16 18 9 0 52
9 16 12 9 0 31
9 16 18 11 0 28
9 16 19 9 0 69
9 16 19 11 0 21
9 16 20 9 0 103
9 17 0 11 0 67
9 17 1 9 0 92
9 17 2 9 0 130
9 17 1 11 0 114
9 16 20 11 0 101
9 17 4 9 0 75
9 17 2 11 0 81
9 17 0 9 0 87
9 17 4 11 0 85
9 17 6 9 0 87
9 17 7 9 0 46
9 17 5 9 0 42
9 17 6 11 0 29
9 17 8 9 0 55
9 17 12 9 0 47
9 17 12 11 0 39
9 17 8 11 0 45
9 17 13 9 0 30
9 17 14 9 0 38
9 17 14 11 0 69
9 17 15 9 0 59
9 17 15 11 
9 17 16 9 0 107
9 17 16 11 0 96
9 17 18 9 0 123
9 17 7 11 0 48
9 17 18 11 0 70
9 17 19 11 0 83
9 17 20 9 0 101
9 17 20 11 0 96
9 18 0 9 0 30
9 18 0 11 0 53
9 18 1 9 0 68
9 18 1 11 0 85
9 18 3 9 0 70
9 18 3 11 0 86
9 18 4 9 0 28
9 18 4 11 0 29
9 17 13 11 0 52
9 18 5 11 0 74
9 17 19 9 0 113
9 18 6 11 0 43
9 18 7 9 0 54
9 18 7 11 0 44
9 18 8 9 0 16
9 18 6 9 0 16
9 18 8 11 0 21
9 18 12 11 0 23
9 18 13 9 0 41
9 18 13 11 0 44
9 18 14 9 0 18
9 18 14 11 0 23
9 18 15 9 0 40
9 18 15 11 0 64
9 18 16 9 0 50
9 17 5 11 0 42
9 18 17 9 0 141
9 18 17 11 0 130
9 18 16 11 0 14
9 18 19 9 0 69
9 18 19 11 0 51
9 18 20 9 0 71
9 18 20 11 0 118
9 19 0 11 0 137
9 19 0 9 0 128
9 19 2 9 0 51
9 19 2 11 0 67
9 19 3 11 0 114
9 19 3 9 0 83
9 19 4 11 0 83
9 19 5 9 0 58
9 19 4 9 0 21
9 19 5 11 0 92
9 19 6 9 0 53
9 19 6 11 0 82
9 18 5 9 0 58
9 19 7 9 0 47
9 18 12 9 0 8
9 19 7 11 
9 19 12 11 0 71
9 19 13 9 0 38
9 19 13 11 
9 19 14 9 0 29
9 19 14 11 0 76
9 19 15 9 0 98
9 19 15 11 0 73
9 19 16 9 0 73
9 19 16 11 0 56
9 19 17 9 0 119
9 19 17 11 0 92
9 19 18 9 0 77
9 19 18 11 0 68
9 19 20 9 0 109
9 19 20 11 0 124
9 20 1 9 0 124
9 20 1 11 0 148
9 20 2 9 0 118
9 20 2 11 0 55
9 20 3 9 0 96
9 19 8 9 0 60
9 19 8 11 0 63
9 19 12 9 0 61
9 20 3 11 0 64
9 20 4 9 0 101
9 20 4 11 0 95
9 20 5 9 0 102
9 20 5 11 0 79
9 20 6 9 0 68
9 20 8 9 0 81
9 20 7 9 0 113
9 20 8 11 0 60
9 20 12 11 0 44
9 20 13 9 0 105
9 20 13 11 0 108
9 20 14 9 0 67
9 20 14 11 0 46
9 20 15 9 0 111
9 20 15 11 0 50
9 20 16 9 0 111
9 20 16 11 0 96
9 20 17 9 0 106
9 20 12 9 0 83
9 20 18 9 0 61
9 20 18 11 0 30
9 20 19 9 0 109
9 20 19 11 0 128
9 20 17 11 0 87
9 20 6 11 0 38
9 20 7 11 0 111
