0 1 3 18 0 54
0 1 4 0 0 78
0 1 3 0 0 40
0 1 2 0 0 45
0 1 5 18 0 70
0 1 6 0 0 84
0 1 6 18 0 62
0 1 7 0 0 47
0 1 7 18 0 54
0 1 8 0 0 29
0 1 8 18 0 39
0 1 10 0 0 37
0 1 10 18 0 32
0 1 11 0 0 61
0 1 11 18 0 76
0 1 12 0 0 76
0 1 12 18 0 102
0 1 13 0 0 78
0 1 13 18 0 85
0 1 14 0 0 89
0 1 14 18 0 105
0 1 15 0 0 59
0 1 4 18 0 92
0 1 15 18 0 70
0 1 5 0 0 76
0 1 16 18 0 76
0 2 1 18 0 107
0 2 3 0 0 28
0 2 3 18 0 43
0 2 4 0 0 64
0 2 4 18 0 82
0 2 5 0 0 76
0 2 5 18 0 76
0 2 6 0 0 35
0 2 6 18 0 50
0 2 7 0 0 41
0 2 7 18 0 60
0 1 16 0 0 107
0 2 1 0 0 44
0 1 2 18 0 56
0 2 10 18 0 48
0 2 11 0 0 63
0 2 11 18 0 43
0 2 12 0 0 56
0 2 8 18 0 30
0 2 12 18 0 58
0 2 13 0 0 55
0 2 10 0 0 52
0 2 14 18 0 84
0 2 14 0 0 51
0 2 15 0 0 40
0 2 17 0 0 56
0 2 17 18 0 93
0 2 15 18 0 55
0 3 1 0 0 42
0 3 2 0 0 25
0 3 2 18 0 40
0 3 4 0 0 53
0 3 4 18 0 72
0 2 13 18 0 57
0 3 1 18 0 59
0 3 5 18 
0 3 6 18 0 47
0 3 7 0 0 30
0 3 7 18 0 33
0 3 8 0 0 37
0 3 6 0 0 41
0 3 10 0 0 41
0 3 10 18 0 16
0 3 11 0 0 50
0 3 11 18 0 34
0 3 8 18 0 28
0 3 12 0 0 73
0 3 13 0 0 49
0 3 13 18 0 48
0 3 14 0 0 82
0 3 14 18 0 87
0 3 16 0 0 43
0 3 16 18 0 57
0 3 17 0 0 54
0 3 17 18 0 64
0 4 1 0 0 76
0 4 1 18 0 89
0 4 2 0 0 60
0 4 2 18 0 51
0 3 12 18 0 155
0 4 3 0 0 57
0 4 5 0 0 63
0 4 5 18 0 90
0 4 6 0 0 18
0 4 6 18 0 13
0 4 7 0 0 22
0 4 7 18 0 11
0 4 8 0 0 45
0 4 8 18 0 47
0 4 10 0 0 74
0 4 10 18 0 25
0 4 11 0 0 61
0 4 11 18 0 26
0 4 12 0 0 26
0 4 12 18 0 16
0 4 13 0 0 90
0 4 13 18 0 87
0 4 15 0 0 72
0 4 15 18 0 89
0 4 16 0 0 82
0 4 16 18 0 82
0 4 17 0 0 92
0 4 17 18 0 87
0 5 1 0 0 65
0 5 1 18 0 78
0 5 2 0 0 55
0 5 2 18 0 55
0 5 3 0 
0 5 3 18 0 49
0 4 3 18 0 82
0 5 4 18 0 90
0 5 4 0 0 67
0 5 6 18 0 45
0 5 7 0 0 27
0 5 7 18 0 40
0 5 6 0 0 40
0 5 8 18 0 39
0 5 10 0 0 23
0 5 10 18 0 40
0 5 11 0 0 45
0 5 11 18 0 44
0 5 12 0 0 51
0 5 12 18 0 78
0 5 8 0 0 39
0 5 14 18 0 100
0 5 14 0 0 90
0 5 15 18 0 46
0 5 16 0 0 76
0 5 16 18 0 65
0 5 17 0 0 70
0 5 17 18 0 95
0 6 1 0 0 83
0 6 1 18 0 76
0 3 5 0 
0 6 2 0 0 39
0 2 8 0 0 51
0 5 15 0 
0 6 2 18 0 56
0 6 3 0 0 47
0 6 3 18 0 73
0 6 4 0 0 15
0 6 4 18 0 26
0 6 5 0 0 42
0 6 5 18 0 51
0 6 7 0 0 20
0 6 7 18 0 21
0 6 8 0 
0 6 8 18 
0 6 10 0 0 4
0 6 10 18 0 11
0 6 11 0 0 43
0 6 13 0 0 45
0 6 14 18 0 15
0 6 15 0 0 47
0 6 15 18 0 166
0 6 16 0 0 50
0 6 16 18 0 58
0 6 17 0 0 62
0 6 17 18 0 106
0 6 14 0 0 13
0 7 1 18 0 61
0 7 2 0 0 49
0 7 2 18 0 63
0 7 1 0 0 54
0 7 3 18 0 50
0 7 3 0 0 27
0 7 4 0 0 21
0 7 5 0 0 28
0 7 5 18 0 45
0 7 6 0 0 20
0 7 4 18 0 61
0 6 13 18 0 78
0 7 8 0 0 40
0 7 10 0 0 34
0 7 10 18 0 39
0 7 12 0 0 21
0 7 12 18 0 31
0 7 8 18 0 44
0 7 13 18 0 39
0 7 14 0 0 11
0 7 14 18 0 25
0 7 15 0 0 33
0 7 13 0 0 40
0 7 16 0 0 60
0 7 16 18 0 48
0 7 17 0 0 54
0 7 17 18 0 56
0 7 15 18 0 36
0 8 1 0 0 30
0 8 2 0 0 62
0 8 2 18 0 52
0 8 3 0 0 41
0 8 3 18 0 41
0 8 4 0 0 47
0 8 4 18 0 74
0 8 5 0 0 40
0 8 1 18 0 37
0 7 6 18 0 43
0 8 6 0 
0 8 7 0 0 39
0 8 7 18 0 34
0 8 6 18 0 4
0 8 11 0 0 44
0 8 11 18 0 37
0 8 12 18 0 11
0 8 12 0 
0 8 13 0 0 39
0 8 13 18 0 34
0 8 14 18 0 23
0 8 15 0 0 28
0 8 15 18 0 15
0 8 14 0 0 47
0 8 16 18 0 48
0 8 17 0 0 39
0 8 16 0 0 30
0 10 1 0 0 43
0 8 17 18 0 33
0 10 1 18 0 29
0 10 2 18 0 51
0 10 2 0 0 47
0 10 3 18 0 37
0 10 3 0 0 38
0 10 4 0 0 62
0 10 5 0 0 22
0 10 4 18 0 45
0 10 6 0 0 4
0 10 5 18 0 39
0 10 7 0 0 33
0 10 7 18 0 40
0 10 11 0 0 39
0 10 11 18 0 45
0 10 12 0 0 11
0 10 12 18 
0 10 13 0 0 40
0 10 13 18 0 37
0 10 14 0 0 25
0 10 14 18 0 56
0 10 15 0 0 16
0 10 15 18 0 25
0 10 16 0 0 48
0 8 5 18 0 23
0 10 16 18 0 44
0 10 17 0 0 32
0 10 17 18 0 45
0 11 1 0 0 69
0 11 1 18 0 47
0 11 2 18 0 41
0 11 3 0 0 47
0 11 3 18 0 30
0 10 6 18 
0 11 4 0 0 61
0 11 4 18 0 22
0 11 5 0 0 44
0 11 2 0 0 64
0 11 6 0 0 46
0 11 8 0 0 45
0 11 8 18 0 39
0 11 10 0 0 37
0 6 11 18 0 25
0 11 5 18 0 27
0 11 12 18 0 21
0 11 13 0 0 44
0 11 6 18 0 20
0 11 10 18 0 33
0 11 14 18 0 10
0 11 15 0 0 34
0 11 15 18 0 31
0 11 16 0 0 43
0 11 16 18 0 64
0 11 17 0 0 76
0 11 17 18 0 61
0 11 12 0 0 25
0 12 1 18 0 84
0 12 2 0 0 50
0 12 1 0 0 82
0 12 3 0 0 72
0 12 3 18 0 41
0 12 4 0 0 27
0 12 4 18 0 18
0 12 5 0 0 59
0 12 5 18 0 40
0 12 7 0 0 21
0 12 7 18 0 20
0 12 8 0 
0 12 8 18 
0 12 2 18 0 35
0 12 10 18 0 4
0 12 11 0 0 31
0 12 11 18 0 46
0 12 10 0 0 11
0 12 13 18 0 42
0 12 14 0 0 16
0 12 14 18 0 13
0 12 15 0 0 155
0 12 13 0 0 78
0 12 16 0 0 58
0 12 15 18 0 48
0 12 17 0 0 102
0 12 16 18 0 47
0 12 17 18 0 62
0 13 1 0 0 80
0 13 1 18 0 76
0 13 2 18 0 76
0 13 3 0 0 50
0 13 3 18 
0 13 2 0 0 53
0 11 14 0 0 26
0 13 4 0 0 93
0 13 6 18 0 42
0 13 6 0 0 42
0 13 7 0 0 36
0 13 7 18 0 28
0 13 8 0 0 37
0 13 8 18 0 40
0 13 10 0 0 34
0 13 11 0 0 39
0 13 11 18 0 44
0 13 10 18 0 22
0 13 12 0 0 78
0 13 14 0 0 87
0 13 14 18 0 88
0 13 15 0 0 48
0 13 12 18 0 59
0 13 15 18 
0 13 16 18 0 81
0 13 17 0 0 85
0 11 13 18 0 36
0 13 16 0 0 57
0 13 17 18 0 64
0 14 1 0 0 110
0 14 2 18 0 64
0 14 3 0 0 81
0 14 3 18 0 53
0 14 2 0 0 59
0 14 5 0 0 88
0 14 6 0 0 13
0 14 6 18 0 15
0 14 5 18 0 67
0 14 7 18 0 21
0 14 7 0 0 10
0 14 8 18 0 47
0 14 8 0 0 56
0 13 4 18 0 63
0 14 10 0 0 23
0 14 1 18 0 78
0 14 11 0 0 25
0 14 11 18 0 61
0 14 12 18 0 27
0 14 13 18 0 93
0 14 15 0 0 87
0 14 15 18 0 60
0 14 16 0 0 84
0 14 16 18 0 77
0 14 17 0 0 105
0 14 17 18 0 97
0 15 1 0 0 57
0 15 1 18 0 40
0 15 2 0 0 37
0 15 2 18 0 28
0 15 4 0 0 60
0 15 4 18 0 57
0 15 5 0 
0 15 5 18 
0 15 6 0 0 48
0 15 6 18 0 47
0 15 7 0 0 31
0 15 7 18 0 27
0 15 8 0 0 25
0 15 8 18 0 41
0 15 10 0 0 15
0 15 10 18 0 38
0 15 11 0 0 36
0 15 11 18 0 47
0 15 12 0 0 166
0 15 12 18 0 72
0 15 13 0 0 46
0 15 13 18 0 50
0 15 14 0 0 89
0 15 14 18 0 81
0 15 16 0 0 55
0 15 16 18 0 47
0 15 17 0 0 70
0 14 12 0 0 15
0 14 10 18 0 62
0 16 1 18 0 45
0 14 13 0 0 100
0 15 17 18 0 51
0 16 3 0 0 47
0 16 3 18 0 25
0 16 4 0 0 77
0 16 4 18 0 60
0 16 1 0 0 100
0 16 5 0 0 81
0 16 5 18 0 55
0 16 6 18 0 39
0 16 7 18 0 49
0 16 8 0 0 44
0 16 8 18 0 62
0 16 10 18 0 47
0 16 11 0 0 48
0 16 11 18 0 64
0 16 12 0 0 58
0 16 12 18 0 50
0 16 13 0 0 65
0 16 13 18 0 53
0 16 14 0 0 82
0 16 14 18 0 59
0 16 10 0 0 48
0 16 7 0 0 64
0 16 15 18 0 37
0 16 15 0 0 57
0 16 6 0 0 47
0 16 17 18 0 54
0 17 2 0 0 54
0 16 17 0 0 76
0 17 2 18 0 44
0 17 3 0 0 51
0 17 3 18 0 42
0 17 4 0 0 97
0 17 4 18 0 76
0 17 5 0 0 64
0 17 5 18 0 65
0 17 6 0 0 62
0 17 6 18 0 83
0 17 7 0 0 61
0 17 7 18 0 54
0 17 8 18 0 30
0 17 10 18 0 43
0 17 11 18 0 69
0 17 12 0 0 106
0 17 12 18 0 82
0 17 11 0 0 56
0 17 13 18 0 80
0 17 14 0 0 87
0 17 14 18 0 110
0 17 15 0 0 64
0 17 15 18 0 57
0 17 13 0 0 95
0 17 16 18 0 100
0 17 16 0 0 93
1 0 2 17 0 93
1 0 2 1 0 44
1 0 3 1 0 42
1 0 3 17 0 64
1 0 4 17 0 87
1 0 5 1 0 65
1 0 5 17 0 95
1 0 6 1 0 83
1 0 6 17 0 106
1 0 7 1 0 54
1 0 7 17 0 56
1 0 8 1 0 30
1 0 8 17 0 33
1 0 10 1 0 43
1 0 10 17 0 45
1 0 11 1 0 69
0 17 8 0 0 45
1 0 12 1 0 82
1 0 11 17 0 61
1 0 12 17 0 62
1 0 13 1 0 80
1 0 14 1 0 110
1 0 14 17 0 97
1 0 13 17 0 64
1 0 15 1 0 57
1 0 16 1 0 100
1 0 15 17 0 51
1 0 16 17 0 54
1 2 0 17 0 100
1 2 3 1 0 50
1 2 3 17 0 71
1 2 0 1 0 45
1 2 4 1 0 47
1 2 5 1 0 50
1 2 5 17 0 49
1 2 6 1 0 46
0 17 10 0 0 33
1 2 6 17 0 39
1 2 7 17 0 30
1 2 7 1 0 50
1 2 8 1 0 47
1 2 10 1 0 51
1 2 10 17 0 33
1 2 4 17 0 64
1 2 11 17 0 26
1 2 12 1 0 89
1 2 12 17 0 73
1 2 13 1 0 76
1 2 13 17 0 34
1 2 14 1 0 108
1 2 14 17 0 114
1 2 15 1 0 120
1 2 15 17 0 130
1 2 18 1 0 93
1 2 18 17 0 56
1 3 0 1 0 40
1 3 0 17 0 57
1 3 2 1 0 55
1 3 2 17 0 120
1 3 4 1 0 40
1 3 4 17 0 48
1 3 5 1 0 48
1 3 5 17 0 79
1 3 6 1 0 18
1 3 6 17 0 18
1 3 7 1 0 38
1 3 7 17 0 53
1 3 8 1 0 20
1 3 8 17 0 10
1 3 10 1 0 38
1 3 10 17 0 16
1 3 11 1 0 89
1 3 11 17 0 78
1 2 8 17 0 43
1 2 11 1 0 70
1 3 12 1 0 30
1 3 13 1 0 62
1 3 14 1 0 65
1 3 14 17 0 80
1 3 16 1 0 71
1 3 16 17 0 137
1 3 18 1 0 64
1 3 18 17 0 54
1 4 0 1 0 78
1 4 0 17 0 110
1 4 2 1 0 46
1 3 12 17 0 32
1 4 3 1 0 41
1 0 4 1 0 76
1 4 3 17 0 65
1 3 13 17 0 113
1 4 2 17 0 108
1 4 5 17 0 47
1 4 6 1 0 74
1 4 7 17 0 57
1 4 6 17 0 71
1 4 8 1 0 25
1 4 7 1 0 16
1 4 8 17 0 21
1 4 10 17 0 22
1 4 11 1 0 65
1 4 12 1 0 89
1 4 12 17 0 70
1 4 13 1 0 25
1 4 13 17 0 54
1 4 10 1 0 18
1 4 15 1 0 48
1 4 15 17 0 80
1 4 16 1 0 64
1 4 16 17 0 125
1 4 18 1 0 87
1 5 0 1 0 76
1 4 18 17 0 92
1 5 2 1 0 50
1 5 0 17 0 80
1 5 2 17 0 76
1 4 11 17 0 52
1 5 3 1 0 46
1 5 4 1 0 9
1 5 4 17 0 25
1 5 6 17 0 38
1 5 7 1 
1 5 7 17 
1 5 8 1 0 23
1 5 6 1 0 20
1 5 3 17 0 62
1 4 5 1 0 17
1 5 8 17 0 16
1 5 10 1 0 4
1 5 11 1 0 55
1 5 12 17 0 57
1 5 14 1 0 47
1 5 14 17 0 54
1 5 15 1 0 79
1 5 15 17 0 114
1 5 16 1 0 49
1 5 16 17 0 35
1 5 18 1 0 95
1 5 18 17 0 70
1 6 0 1 0 84
1 6 0 17 0 82
1 5 12 1 0 42
1 6 2 17 0 89
1 6 3 1 0 19
1 6 2 1 0 50
1 6 4 1 0 69
1 6 4 17 0 89
1 6 5 1 0 22
1 6 3 17 0 30
1 6 7 1 0 22
1 6 7 17 0 33
1 6 5 17 0 42
1 6 8 1 0 25
1 6 10 1 0 22
1 6 8 17 0 23
1 6 10 17 0 24
1 6 11 17 0 39
1 6 13 1 0 38
1 6 11 1 0 6
1 6 13 17 0 59
1 6 14 17 0 74
1 6 15 1 0 18
1 6 15 17 0 36
1 6 16 1 0 39
1 6 16 17 0 72
1 6 18 1 0 106
1 6 18 17 0 62
1 7 0 1 0 47
1 7 0 17 0 69
1 7 2 1 0 54
1 7 2 17 0 70
1 7 3 1 0 39
1 7 3 17 0 89
1 7 4 1 0 19
1 7 4 17 0 65
1 7 5 1 
1 7 5 17 0 55
1 7 6 1 0 22
1 7 6 17 0 6
1 7 8 1 0 14
1 7 8 17 0 17
1 7 10 1 0 7
1 7 10 17 0 11
1 7 12 1 0 33
1 7 12 17 0 40
1 7 13 1 
1 7 13 17 0 52
1 7 14 1 0 57
1 7 14 17 0 45
1 7 15 1 0 53
1 7 15 17 0 89
1 7 16 1 0 30
1 7 16 17 0 26
1 7 18 1 0 56
1 7 18 17 0 54
1 8 0 1 0 29
1 8 0 17 0 43
1 8 2 1 0 43
1 5 11 17 0 54
1 6 14 1 0 71
1 8 3 17 0 38
1 8 4 1 0 26
1 8 4 17 0 18
1 8 5 1 0 22
1 8 5 17 0 4
1 8 3 1 0 21
1 8 6 1 0 25
1 8 7 1 0 14
1 8 7 17 0 7
1 8 11 1 0 17
1 8 11 17 0 10
1 8 12 1 0 23
1 8 12 17 0 24
1 8 13 1 0 16
1 8 13 17 0 5
1 8 14 1 0 21
1 8 14 17 0 22
1 8 15 1 0 10
1 8 15 17 0 16
1 8 16 1 0 43
1 8 2 17 0 51
1 8 16 17 0 28
1 8 18 17 0 39
1 5 10 17 0 4
1 8 18 1 0 33
1 10 0 1 0 37
1 10 0 17 0 30
1 10 2 1 0 61
1 10 3 17 0 20
1 10 2 17 0 47
1 10 4 17 0 25
1 10 5 1 0 4
1 10 5 17 0 23
1 10 4 1 0 17
1 10 6 1 0 21
1 10 7 1 0 9
1 10 6 17 0 25
1 10 11 1 0 11
1 10 11 17 0 18
1 10 7 17 0 14
1 10 12 1 0 24
1 10 13 1 0 4
1 10 13 17 0 20
1 10 14 1 0 22
1 10 12 17 0 24
1 10 14 17 0 21
1 10 15 1 0 16
1 10 15 17 0 10
1 10 16 17 0 43
1 10 16 1 0 33
1 10 18 1 0 45
1 10 3 1 0 36
1 8 6 17 0 22
1 10 18 17 0 32
1 11 2 1 0 74
1 11 2 17 0 50
1 11 3 1 0 95
1 11 4 1 0 70
1 11 4 17 0 16
1 11 5 1 0 58
1 11 3 17 0 38
1 11 5 17 
1 11 6 17 0 22
1 11 8 1 0 18
1 11 8 17 0 14
1 11 10 1 0 10
1 11 10 17 0 9
1 11 12 1 0 39
1 11 12 17 0 33
1 11 6 1 0 6
1 11 13 17 
1 11 14 1 0 52
1 11 14 17 0 69
1 11 13 1 0 54
1 11 15 17 0 45
1 11 15 1 0 78
1 11 16 17 0 29
1 11 16 1 0 26
1 11 0 1 0 61
1 11 0 17 0 54
1 12 0 17 0 83
1 12 0 1 0 76
1 12 2 1 0 92
1 12 3 1 0 29
1 12 2 17 0 46
1 12 3 17 0 18
1 12 4 17 0 74
1 12 4 1 0 82
1 12 5 1 0 42
1 12 7 1 0 33
1 12 5 17 0 20
1 12 7 17 0 22
1 12 8 17 0 25
1 12 10 1 0 24
1 12 10 17 0 21
1 11 18 1 0 61
1 11 18 17 0 76
1 12 8 1 0 24
1 12 11 17 0 6
1 12 13 1 0 57
1 12 11 1 0 40
1 12 14 1 0 70
1 12 15 17 0 14
1 12 16 1 0 73
1 12 16 17 0 39
1 12 18 1 0 62
1 12 18 17 0 102
1 13 0 1 0 78
1 13 0 17 0 65
1 12 15 1 0 32
1 13 2 1 0 73
1 13 3 1 0 60
1 13 3 17 0 48
1 13 4 1 0 25
1 13 4 17 0 17
1 13 6 1 0 38
1 13 6 17 0 22
1 13 7 1 
1 12 14 17 0 72
1 13 8 1 0 20
1 13 7 17 
1 13 8 17 0 22
1 12 13 17 0 38
1 13 10 17 0 4
1 13 10 1 0 5
1 13 2 17 0 50
1 13 11 1 0 52
1 13 11 17 0 58
1 13 12 1 0 59
1 13 12 17 0 42
1 13 14 1 0 54
1 13 15 1 0 113
1 13 14 17 0 45
1 13 15 17 0 81
1 13 16 1 0 34
1 14 0 1 0 89
1 13 16 17 0 47
1 14 0 17 0 76
1 14 2 17 0 47
1 14 3 1 0 66
1 14 3 17 0 40
1 13 18 17 0 85
1 14 5 1 0 45
1 14 6 1 0 72
1 14 6 17 0 69
1 14 7 1 0 69
1 14 7 17 0 19
1 14 8 1 0 21
1 14 5 17 0 9
1 14 8 17 0 26
1 14 10 17 0 17
1 14 10 1 0 22
1 13 18 1 0 64
1 14 11 17 0 70
1 14 12 1 0 74
1 14 11 1 0 45
1 14 12 17 0 82
1 14 15 1 0 80
1 14 13 1 0 54
1 14 16 1 0 114
1 14 15 17 0 54
1 14 16 17 0 71
1 14 18 1 0 97
1 14 2 1 0 103
1 15 0 1 0 59
1 15 2 1 0 137
1 15 2 17 0 50
1 14 18 17 0 105
1 15 4 17 0 41
1 15 5 1 0 81
1 15 5 17 0 46
1 15 6 1 0 14
1 15 6 17 0 19
1 15 7 1 0 45
1 15 0 17 0 42
1 15 8 1 0 10
1 15 8 17 0 21
1 15 10 1 0 16
1 15 10 17 0 36
1 15 11 1 0 89
1 15 7 17 0 39
1 14 13 17 0 25
1 15 12 1 0 36
1 15 13 1 0 114
1 15 13 17 0 60
1 15 14 1 0 80
1 15 12 17 0 29
1 15 14 17 0 66
1 15 16 17 0 78
1 15 18 1 0 51
1 15 18 17 0 70
1 16 0 1 0 107
1 16 0 17 0 44
1 16 3 1 0 78
1 15 16 1 0 130
1 16 4 1 0 71
1 16 4 17 0 46
1 16 5 1 0 47
1 16 5 17 0 50
1 16 6 1 0 39
1 16 6 17 0 50
1 16 7 1 0 29
1 16 7 17 0 54
1 16 8 1 0 43
1 16 8 17 0 43
1 16 10 1 0 28
1 15 11 17 0 95
1 15 4 1 0 54
1 16 10 17 0 61
1 16 11 1 0 26
1 16 3 17 0 55
1 16 11 17 0 74
1 16 12 1 0 72
1 16 12 17 0 92
1 16 14 17 0 103
1 16 15 1 0 137
1 16 15 17 0 137
1 16 18 1 0 54
1 16 18 17 0 76
1 18 2 1 0 76
1 18 2 17 0 45
1 18 3 1 0 70
1 18 3 17 0 40
1 18 4 1 0 105
1 18 4 17 0 78
1 18 5 1 0 85
1 16 13 17 0 73
1 18 5 17 0 76
1 18 6 17 0 84
1 18 7 1 0 76
1 18 7 17 0 47
1 18 8 1 0 32
1 18 8 17 0 29
1 18 10 1 0 39
1 18 10 17 0 37
1 18 11 1 0 54
1 18 11 17 0 61
1 18 12 1 0 62
1 16 14 1 0 125
1 18 13 1 0 70
1 18 13 17 0 78
1 18 14 1 0 92
1 18 14 17 0 89
1 18 15 1 0 54
1 18 15 17 0 59
1 18 6 1 0 102
1 18 16 1 0 56
2 0 1 2 0 45
2 0 1 16 0 76
2 0 3 2 0 25
2 0 3 16 0 57
1 18 16 17 0 107
1 16 13 1 0 35
2 0 5 2 0 55
2 0 5 16 0 65
2 0 6 2 0 39
2 0 6 16 0 58
2 0 7 2 0 49
2 0 7 16 0 48
2 0 8 2 0 62
2 0 8 16 0 48
2 0 10 2 0 47
2 0 10 16 0 44
2 0 11 2 0 64
2 0 11 16 0 64
2 0 12 2 0 50
2 0 12 16 0 47
2 0 4 16 0 82
2 0 13 2 0 53
2 0 14 2 0 59
2 0 14 16 0 77
2 0 15 2 0 37
2 0 15 16 0 47
2 0 17 2 0 54
2 0 13 16 0 81
2 1 0 2 0 44
2 1 0 16 0 54
2 1 3 2 0 55
1 18 12 17 0 76
2 1 4 2 0 46
2 1 3 16 0 137
2 1 5 2 0 50
2 1 4 16 0 125
2 1 6 2 0 50
2 1 6 16 0 72
2 1 5 16 0 35
2 1 7 16 0 26
2 1 7 2 0 54
2 0 17 16 0 100
2 1 8 16 0 28
2 1 10 2 0 61
2 1 10 16 0 43
2 1 8 2 0 43
2 1 11 16 0 29
2 1 12 16 0 39
2 1 12 2 0 92
2 1 13 16 0 47
2 1 13 2 0 73
2 1 14 2 0 103
2 1 15 2 0 137
2 1 15 16 0 78
2 1 18 2 0 76
2 1 18 16 0 107
2 3 0 2 0 28
2 3 0 16 0 37
2 1 11 2 0 74
2 1 14 16 0 71
2 0 4 2 0 60
2 3 1 2 0 50
2 3 1 16 0 137
2 3 4 2 0 25
2 3 6 2 0 17
2 3 6 16 0 36
2 3 7 2 0 34
2 3 5 16 0 28
2 3 7 16 0 31
2 3 4 16 0 56
2 3 8 16 0 25
2 3 10 2 0 30
2 3 10 16 0 27
2 3 11 16 0 33
2 3 12 2 0 45
2 3 12 16 0 38
2 3 13 2 0 47
2 3 13 16 0 64
2 3 14 2 0 92
2 3 14 16 0 87
2 3 17 2 0 137
2 3 17 16 0 71
2 3 18 2 0 57
2 3 18 16 0 43
2 4 0 2 0 64
2 4 0 16 0 59
2 3 8 2 0 30
2 4 1 2 0 47
2 4 3 2 0 28
2 4 1 16 0 103
2 3 11 2 0 38
2 4 3 16 0 92
2 3 5 2 0 14
2 4 5 2 0 29
2 4 6 16 0 34
2 4 7 16 0 59
2 4 8 2 0 11
2 4 8 16 
2 4 10 2 0 18
2 4 10 16 0 7
2 4 11 2 0 41
2 4 11 16 0 36
2 4 12 2 0 60
2 4 12 16 0 23
2 4 13 2 0 31
2 4 13 16 0 40
2 4 15 2 0 56
2 4 15 16 0 83
2 4 17 2 0 125
2 4 7 2 0 40
2 4 17 16 0 64
2 4 18 16 0 82
2 5 0 2 0 76
2 5 0 16 0 53
2 4 18 2 0 82
2 5 1 16 0 73
2 5 1 2 0 50
2 5 3 2 0 22
2 5 4 2 0 27
2 5 4 16 0 31
2 5 6 2 0 35
2 5 6 16 0 36
2 5 7 2 0 10
2 4 6 2 0 13
2 5 7 16 0 16
2 5 8 16 0 35
2 5 10 2 0 13
2 5 10 16 0 40
2 5 11 2 0 11
2 5 11 16 0 24
2 5 12 2 0 46
2 5 12 16 0 53
2 5 14 2 0 23
2 5 3 16 0 47
2 5 15 2 0 28
2 5 15 16 0 66
2 5 17 2 0 35
2 5 17 16 0 49
2 5 14 16 0 35
2 5 18 16 0 76
2 6 0 2 0 35
2 5 18 2 0 65
2 6 0 16 0 50
2 6 1 16 0 92
2 6 1 2 0 46
2 4 5 16 0 23
2 5 8 2 0 11
2 6 4 2 0 17
2 6 5 2 0 39
2 6 5 16 0 46
2 6 7 2 0 25
2 6 7 16 0 14
2 6 8 2 0 8
2 6 8 16 0 18
2 6 10 2 0 10
2 6 10 16 0 23
2 6 11 2 0 28
2 6 3 2 0 17
2 6 13 2 0 36
2 6 13 16 0 52
2 6 14 2 0 34
2 6 14 16 0 19
2 6 15 2 0 36
2 6 15 16 0 38
2 6 17 2 0 72
2 6 11 16 0 28
2 6 17 16 0 39
2 6 18 16 0 50
2 6 18 2 0 58
2 7 0 16 0 64
2 6 3 16 0 45
2 7 1 2 0 50
2 7 0 2 0 41
2 7 1 16 0 74
2 7 3 16 0 38
2 7 4 16 0 41
2 7 4 2 0 41
2 7 5 16 0 11
2 7 6 2 0 22
2 7 5 2 0 9
2 7 8 2 0 12
2 7 8 16 0 13
2 7 10 2 0 18
2 7 10 16 0 16
2 7 12 2 0 14
2 7 12 16 0 25
2 7 6 16 0 28
2 7 13 16 0 23
2 7 14 2 0 59
2 7 14 16 0 41
2 7 15 2 0 31
2 7 15 16 0 30
2 7 17 2 0 26
2 7 17 16 0 30
2 7 18 2 0 48
2 7 18 16 0 60
2 8 0 2 0 51
2 8 0 16 0 47
2 8 1 2 0 47
2 7 13 2 0 16
2 8 3 2 0 28
2 7 3 2 0 36
2 8 3 16 0 30
2 8 4 16 0 18
2 8 5 2 0 12
2 8 5 16 0 13
2 8 6 2 0 7
2 8 1 16 0 61
2 8 6 16 0 10
2 8 4 2 0 9
2 6 4 16 0 60
2 8 7 2 0 12
2 8 11 2 0 13
2 8 12 2 0 18
2 8 12 16 0 25
2 8 13 2 0 35
2 8 14 2 
2 8 7 16 0 18
2 8 14 16 0 10
2 8 13 16 0 42
2 8 15 2 0 25
2 8 15 16 0 28
2 8 18 2 0 48
2 8 18 16 0 30
2 10 0 2 0 52
2 10 0 16 0 62
2 10 1 2 0 51
2 10 1 16 0 43
2 8 17 2 0 28
2 10 3 16 0 30
2 10 4 2 0 18
2 10 4 16 0 11
2 10 5 2 0 12
2 10 5 16 0 11
2 10 6 2 0 10
2 10 6 16 0 8
2 10 7 2 0 18
2 10 7 16 0 12
2 10 11 2 0 16
2 10 11 16 0 16
2 10 12 2 0 23
2 10 3 2 0 29
2 10 13 2 0 40
2 10 13 16 0 33
2 10 14 2 0 7
2 10 14 16 
2 10 15 2 0 27
2 10 15 16 0 28
2 10 17 2 0 43
2 10 17 16 0 33
2 10 18 2 0 44
2 10 18 16 0 48
2 8 17 16 0 43
2 11 0 16 0 49
2 11 1 2 0 70
2 11 1 16 0 54
2 11 3 2 0 35
2 11 3 16 0 34
2 11 4 2 0 42
2 11 4 16 0 40
2 11 5 2 0 10
2 11 5 16 0 10
2 11 6 2 0 32
2 11 6 16 0 25
2 11 8 2 0 16
2 11 8 16 0 12
2 11 10 2 0 16
2 11 10 16 0 18
2 11 12 2 0 28
2 11 12 16 0 15
2 11 13 2 0 24
2 11 13 16 0 18
2 11 14 2 0 36
2 11 14 16 0 56
2 11 15 2 0 33
2 11 15 16 0 25
2 11 17 2 0 29
2 11 17 16 0 26
2 11 18 2 0 64
2 11 18 16 0 43
2 12 0 2 0 56
2 12 0 16 0 39
2 12 1 2 0 89
2 12 1 16 0 50
2 12 3 2 0 47
2 12 3 16 0 17
2 12 4 2 0 59
2 12 4 16 0 13
2 12 5 2 0 43
2 12 5 16 0 35
2 12 7 2 0 15
2 12 7 16 0 22
2 12 8 2 0 15
2 11 0 2 0 63
2 10 12 16 0 15
2 12 10 16 0 10
2 12 11 2 0 25
2 12 11 16 0 32
2 12 13 2 0 53
2 12 13 16 0 33
2 12 14 2 0 23
2 12 14 16 0 35
2 12 15 2 0 38
2 12 10 2 0 25
2 12 15 16 0 32
2 12 17 16 0 73
2 12 18 2 0 47
2 12 17 2 0 39
2 12 18 16 0 58
2 13 0 16 0 55
2 13 1 2 0 76
2 13 1 16 0 50
2 13 3 2 0 57
2 13 3 16 0 14
2 13 4 2 0 35
2 13 4 16 0 29
2 13 6 2 0 33
2 13 6 16 0 39
2 13 7 2 0 18
2 13 7 16 0 9
2 13 0 2 0 55
2 13 8 16 0 12
2 13 10 2 0 42
2 13 10 16 0 12
2 13 11 2 0 23
2 13 11 16 0 10
2 13 12 2 0 52
2 13 12 16 0 43
2 13 14 2 0 40
2 13 14 16 0 25
2 13 15 2 0 64
2 13 15 16 0 27
2 13 17 2 0 47
2 13 8 2 0 33
2 13 18 2 0 81
2 13 18 16 0 57
2 14 0 2 0 51
2 8 11 16 0 16
2 14 0 16 0 60
2 12 8 16 0 7
2 13 17 16 0 34
2 14 1 2 0 108
2 14 3 2 0 84
2 14 5 16 0 27
2 14 6 2 0 35
2 14 6 16 0 17
2 14 7 2 0 56
2 14 7 16 0 41
2 14 8 2 
2 14 3 16 0 25
2 14 8 16 0 9
2 14 10 2 0 10
2 14 11 2 0 41
2 14 10 16 0 18
2 14 1 16 0 46
2 14 5 2 0 25
2 14 11 16 0 42
2 14 13 16 0 35
2 14 15 2 0 87
2 14 15 16 0 54
2 14 17 2 0 71
2 14 17 16 0 114
2 14 18 2 0 77
2 14 18 16 0 84
2 15 0 2 0 40
2 15 0 16 0 25
2 15 1 2 0 120
2 15 1 16 0 55
2 15 4 2 0 54
2 15 4 16 0 28
2 15 5 2 0 27
2 15 5 16 0 22
2 15 6 2 0 32
2 15 6 16 0 17
2 15 7 2 0 25
2 15 7 16 0 36
2 15 8 2 0 28
2 15 8 16 0 28
2 15 10 2 0 28
2 15 10 16 0 29
2 15 11 2 0 30
2 15 11 16 0 35
2 15 12 2 0 38
2 15 12 16 0 47
2 15 13 2 0 66
2 15 13 16 0 57
2 15 14 2 0 83
2 15 14 16 0 84
2 15 17 2 0 78
2 15 17 16 0 130
2 15 18 2 0 47
2 15 18 16 0 55
2 17 0 2 0 56
2 17 0 16 0 45
2 17 3 2 0 130
2 17 3 16 0 50
2 17 4 2 0 114
2 17 4 16 0 47
2 17 5 2 0 34
2 17 5 16 0 50
2 17 6 2 0 73
2 17 6 16 0 46
2 17 7 2 0 26
2 17 7 16 0 50
2 14 13 2 0 35
2 17 8 16 0 47
2 17 8 2 0 33
2 17 10 2 0 43
2 17 11 2 0 30
2 17 11 16 0 70
2 17 10 16 0 51
2 17 12 2 0 39
2 17 12 16 0 89
2 17 13 2 0 49
2 17 13 16 0 76
2 17 14 2 0 64
2 17 15 2 0 71
2 17 15 16 0 120
2 17 18 2 0 100
2 17 18 16 0 93
2 18 1 2 0 93
2 18 1 16 0 44
2 18 3 2 0 55
2 18 3 16 0 28
2 18 4 2 0 84
2 18 4 16 0 64
2 18 5 2 0 57
2 18 5 16 0 76
2 18 6 2 0 58
2 18 6 16 0 35
2 18 7 2 0 43
2 14 12 2 0 19
2 18 7 16 0 41
2 14 12 16 0 59
2 17 14 16 0 108
2 18 10 16 0 52
2 18 8 2 0 48
2 18 11 2 0 60
2 18 12 2 0 50
2 18 11 16 0 63
2 18 12 16 0 56
2 18 13 16 0 55
2 18 14 2 0 82
2 18 14 16 0 51
2 18 10 2 0 30
2 18 15 2 0 43
2 18 17 2 0 107
2 18 17 16 0 56
2 18 15 16 0 40
3 0 1 15 0 70
3 0 2 3 0 28
3 0 1 3 0 40
3 0 4 3 0 57
2 18 13 2 0 76
3 0 4 15 0 89
3 0 5 15 0 46
3 0 6 3 0 47
3 0 6 15 0 166
3 0 2 15 0 55
3 0 5 3 
3 0 8 3 0 41
3 0 7 15 0 36
3 0 8 15 0 15
3 0 7 3 0 27
3 0 10 15 0 25
3 0 10 3 0 38
2 18 8 16 0 51
3 0 12 3 0 72
3 0 11 15 0 31
3 0 13 3 0 50
3 0 13 15 
3 0 14 3 0 81
3 0 14 15 0 60
3 0 16 3 0 47
3 0 16 15 0 37
3 0 17 15 0 57
3 1 0 3 0 42
3 1 0 15 0 51
3 1 2 3 0 50
3 1 2 15 0 130
3 1 4 3 0 41
3 1 4 15 0 80
3 1 5 3 0 46
3 1 5 15 0 114
3 1 6 3 0 19
3 1 6 15 0 36
3 1 7 3 0 39
3 1 7 15 0 89
3 1 8 3 0 21
3 1 8 15 0 16
3 1 10 3 0 36
3 1 10 15 0 10
3 1 11 3 0 95
3 1 11 15 0 45
3 1 12 3 0 29
3 1 12 15 0 14
3 1 13 3 0 60
3 1 13 15 0 81
3 1 14 3 0 66
3 1 14 15 0 54
3 1 16 3 0 78
3 1 16 15 0 137
3 1 18 3 0 70
3 1 18 15 0 59
3 2 0 3 0 25
3 2 0 15 0 47
3 0 11 3 0 47
3 2 1 3 0 55
3 2 1 15 0 78
3 2 4 3 0 28
3 2 4 15 0 83
3 2 5 15 0 66
3 2 6 3 0 17
3 2 6 15 0 38
3 2 7 3 0 36
3 2 5 3 0 22
3 2 7 15 0 30
3 2 8 3 0 28
3 2 10 3 0 29
3 0 12 15 0 48
3 2 10 15 0 28
3 2 8 15 0 28
3 2 11 15 0 25
3 2 12 15 0 32
3 2 13 3 0 57
3 0 17 3 0 51
3 2 14 3 0 84
3 2 14 15 0 54
3 2 17 3 0 130
3 2 17 15 0 120
3 2 18 3 0 55
3 2 18 15 0 40
3 4 0 3 0 53
3 4 0 15 0 81
3 4 1 3 0 40
3 4 1 15 0 66
3 4 2 3 0 25
3 4 2 15 0 84
3 4 5 3 0 10
3 4 5 15 0 47
3 4 6 3 0 11
3 4 6 15 0 12
3 4 7 3 0 24
3 4 7 15 0 24
3 2 11 3 0 35
3 4 8 3 0 34
3 4 10 3 0 31
3 4 10 15 0 41
3 4 11 3 0 34
3 4 11 15 0 29
3 4 12 3 0 15
3 4 12 15 0 20
3 4 13 3 0 51
3 4 8 15 0 33
3 4 16 3 0 83
3 4 13 15 0 32
3 4 17 3 0 80
3 4 17 15 0 48
3 4 18 3 0 89
3 4 18 15 0 72
3 5 0 3 
3 5 0 15 0 50
3 5 1 3 0 48
3 5 1 15 0 60
3 5 2 3 0 14
3 5 2 15 0 57
3 5 4 3 0 7
3 5 4 15 0 51
3 5 6 3 0 7
3 4 16 15 0 56
3 5 7 3 0 10
3 5 7 15 0 51
3 5 8 3 0 14
3 5 8 15 0 6
3 5 10 3 0 15
3 5 10 15 0 23
3 5 11 3 0 29
3 5 11 15 0 27
3 5 12 3 0 20
3 5 12 15 0 12
3 5 14 3 0 47
3 5 14 15 0 32
3 5 16 3 0 66
3 5 16 15 0 28
3 5 17 3 0 114
3 5 17 15 0 79
3 2 12 3 0 47
3 5 18 3 0 46
3 6 0 3 0 41
3 6 0 15 0 72
3 6 1 3 0 18
3 2 13 15 0 27
3 5 18 15 
3 6 2 15 0 47
3 6 4 3 0 10
3 6 4 15 0 15
3 6 5 3 0 6
3 6 2 3 0 17
3 6 1 15 0 29
3 6 7 3 0 10
3 6 7 15 0 9
3 6 8 3 0 15
3 6 8 15 0 9
3 6 5 15 0 20
3 5 6 15 0 14
3 6 10 15 0 21
3 6 13 3 0 14
3 6 13 15 0 12
3 6 14 3 0 12
3 6 14 15 0 18
3 6 16 3 0 38
3 6 16 15 0 36
3 6 17 3 0 36
3 6 11 15 0 11
3 6 17 15 0 18
3 6 18 3 0 166
3 7 0 3 0 30
3 7 0 15 0 47
3 7 1 3 0 38
3 7 1 15 0 95
3 7 2 3 0 34
3 7 2 15 0 35
3 7 4 3 0 21
3 6 18 15 0 47
3 6 11 3 0 9
3 6 10 3 0 12
3 7 6 3 0 9
3 7 5 15 0 29
3 7 6 15 0 9
3 7 8 15 0 8
3 7 10 3 0 18
3 7 4 15 0 34
3 7 12 3 0 9
3 7 8 3 0 12
3 7 10 15 0 33
3 7 13 15 0 27
3 7 13 3 0 51
3 7 14 3 0 24
3 7 12 15 0 10
3 7 14 15 0 29
3 7 16 15 0 31
3 7 17 15 0 53
3 7 18 3 0 36
3 7 18 15 0 33
3 8 0 3 0 37
3 8 0 15 0 38
3 8 1 3 0 20
3 8 1 15 0 36
3 8 2 3 0 30
3 8 2 15 0 29
3 8 4 3 0 33
3 8 4 15 0 31
3 8 5 3 0 13
3 8 5 15 0 15
3 8 6 3 0 12
3 8 6 15 0 12
3 8 7 3 0 13
3 8 7 15 0 18
3 8 11 3 0 8
3 8 11 15 0 24
3 8 12 3 0 9
3 8 12 15 0 23
3 7 17 3 0 89
3 8 13 15 0 25
3 8 14 3 0 33
3 8 14 15 0 40
3 8 16 3 0 28
3 8 16 15 0 25
3 8 17 3 0 16
3 8 17 15 0 10
3 8 18 3 0 15
3 8 18 15 0 28
3 10 0 3 0 41
3 10 0 15 0 41
3 10 1 3 0 38
3 10 1 15 0 21
3 10 2 3 0 30
3 10 2 15 0 28
3 10 4 3 0 34
3 10 4 15 0 34
3 10 5 3 0 16
3 7 5 3 0 9
3 10 6 3 0 11
3 10 6 15 0 15
3 10 7 3 0 15
3 10 7 15 0 12
3 10 11 3 0 33
3 10 11 15 0 9
3 10 12 3 0 21
3 10 12 15 0 14
3 10 13 3 0 23
3 10 5 15 0 14
3 10 14 3 0 41
3 10 14 15 0 33
3 10 16 3 0 28
3 10 16 15 0 27
3 10 17 3 0 10
3 10 17 15 0 16
3 10 18 3 0 25
3 10 18 15 0 16
3 11 0 3 0 50
3 11 0 15 0 27
3 11 1 3 0 89
3 11 1 15 0 39
3 11 2 3 0 38
3 11 2 15 0 36
3 11 4 3 0 36
3 11 4 15 0 24
3 11 5 3 0 23
3 11 5 15 0 10
3 11 6 3 0 10
3 11 6 15 0 10
3 11 8 3 0 9
3 11 8 15 0 13
3 11 10 3 0 24
3 8 13 3 0 6
3 11 10 15 0 15
3 11 12 15 0 9
3 11 13 3 0 27
3 11 13 15 0 53
3 11 14 3 0 29
3 11 14 15 0 23
3 11 16 3 0 25
3 11 16 15 0 33
3 11 17 3 0 45
3 11 17 15 0 78
3 11 18 3 0 31
3 7 16 3 0 30
3 12 0 3 0 73
3 12 0 15 0 47
3 11 18 15 0 34
3 12 1 15 0 19
3 12 1 3 0 30
3 12 2 15 0 17
3 12 4 3 0 15
3 10 13 15 0 6
3 12 5 3 0 20
3 12 4 15 0 11
3 11 12 3 0 11
3 12 5 15 0 7
3 12 7 3 0 9
3 12 7 15 0 9
3 12 8 3 0 14
3 12 10 3 0 23
3 12 10 15 0 11
3 12 11 15 0 10
3 12 13 3 0 12
3 12 13 15 0 16
3 12 14 3 0 20
3 12 11 3 0 10
3 12 16 3 0 32
3 12 16 15 0 38
3 12 17 3 0 14
3 12 17 15 0 32
3 12 14 15 0 11
3 12 18 15 0 155
3 13 0 3 0 49
3 12 8 15 0 12
3 12 18 3 0 48
3 13 1 15 0 46
3 13 2 3 0 47
3 13 2 15 0 22
3 13 1 3 0 62
3 13 4 3 0 38
3 13 4 15 0 10
3 12 2 3 0 45
3 13 6 15 0 6
3 13 6 3 0 16
3 13 7 15 0 9
3 13 8 15 0 13
3 13 10 3 0 25
3 13 10 15 0 16
3 13 11 3 0 27
3 13 11 15 0 23
3 13 12 3 0 12
3 13 12 15 0 20
3 13 14 3 0 32
3 13 8 3 0 6
3 13 16 3 0 27
3 13 16 15 0 64
3 13 17 3 0 81
3 13 17 15 0 113
3 13 18 3 
3 13 18 15 0 48
3 14 0 3 0 82
3 14 0 15 0 57
3 14 1 3 0 65
3 14 1 15 0 41
3 14 2 3 0 92
3 14 2 15 0 28
3 14 5 3 0 45
3 14 5 15 0 7
3 14 6 3 0 11
3 14 6 15 0 10
3 14 7 3 0 23
3 14 7 15 0 21
3 14 8 3 0 33
3 14 8 15 0 33
3 13 14 15 0 45
3 14 10 15 0 34
3 14 11 3 0 29
3 14 11 15 0 36
3 14 12 3 0 18
3 14 12 15 0 15
3 14 13 3 0 32
3 13 7 3 0 53
3 14 10 3 0 40
3 14 13 15 0 38
3 13 0 15 
3 14 16 3 0 54
3 14 16 15 0 87
3 14 17 3 0 54
3 14 17 15 0 80
3 14 18 3 0 60
3 14 18 15 0 87
3 16 0 15 0 28
3 16 0 3 0 43
3 16 4 15 0 25
3 16 5 3 0 64
3 16 5 15 0 14
3 16 6 3 0 38
3 16 6 15 0 17
3 16 7 3 0 33
3 16 7 15 0 34
3 16 8 3 0 27
3 16 8 15 0 30
3 16 1 3 0 71
3 16 10 15 0 30
3 16 11 3 0 31
3 16 11 15 0 38
3 16 10 3 0 25
3 16 12 15 0 45
3 16 13 3 0 28
3 16 13 15 0 47
3 16 14 3 0 56
3 16 14 15 0 92
3 16 17 3 0 137
3 16 17 15 0 137
3 16 18 3 0 37
3 16 18 15 0 57
3 17 0 3 0 54
3 17 0 15 0 40
3 17 2 3 0 137
3 17 2 15 0 55
3 17 4 3 0 80
3 17 4 15 0 40
3 17 5 3 0 113
3 17 5 15 0 48
3 16 12 3 0 36
3 17 6 3 0 32
3 17 6 15 0 18
3 17 7 15 0 38
3 17 8 3 0 16
3 17 8 15 0 20
3 17 10 3 0 10
3 17 10 15 0 38
3 17 11 3 0 53
3 17 11 15 0 89
3 17 12 3 0 18
3 17 12 15 0 30
3 17 13 3 0 79
3 17 13 15 0 62
3 17 7 3 0 78
3 17 14 15 0 65
3 17 16 3 0 120
3 17 14 3 0 48
3 17 18 3 0 57
3 17 16 15 0 71
3 17 18 15 0 64
3 18 1 15 0 42
3 18 2 3 0 57
3 18 2 15 0 25
3 18 1 3 0 64
3 18 4 3 0 87
3 18 5 3 0 48
3 18 5 15 
3 18 6 3 0 155
3 18 6 15 0 41
3 18 7 3 0 34
3 18 7 15 0 30
3 18 8 3 0 16
3 18 8 15 0 37
3 18 10 3 0 28
3 18 10 15 0 41
3 18 11 3 0 33
3 18 11 15 0 50
3 18 12 3 0 47
3 18 12 15 0 73
3 18 13 3 
3 18 13 15 0 49
3 18 14 3 0 72
3 18 14 15 0 82
3 18 16 3 0 40
3 18 16 15 0 43
3 18 17 3 0 59
3 18 17 15 0 54
4 0 1 4 0 78
4 0 1 14 0 105
3 16 4 3 0 87
3 18 4 15 0 53
3 16 1 15 0 50
4 0 2 4 0 64
4 0 2 14 0 84
4 0 3 4 0 53
4 0 3 14 0 87
4 0 5 4 0 67
4 0 5 14 0 100
4 0 6 4 0 15
4 0 6 14 0 15
4 0 7 4 0 21
4 0 7 14 0 25
4 0 8 4 0 47
4 0 8 14 0 23
4 0 10 4 0 62
4 0 10 14 0 56
4 0 11 4 0 61
4 0 11 14 0 10
4 0 12 4 0 27
4 0 12 14 0 13
4 0 13 4 0 93
4 0 13 14 0 88
4 0 15 4 0 60
4 0 15 14 0 81
4 0 17 14 0 110
4 1 0 4 0 76
4 1 0 14 0 97
4 1 2 4 0 47
4 1 2 14 0 114
4 1 3 4 0 40
4 1 3 14 0 80
4 1 5 4 0 9
4 1 5 14 0 54
4 1 6 4 0 69
4 1 6 14 0 74
4 1 7 4 0 19
4 1 7 14 0 45
4 1 8 4 0 26
4 1 8 14 0 22
4 1 10 4 0 17
4 0 16 4 0 77
4 1 11 4 0 70
4 1 11 14 0 69
4 1 10 14 0 21
4 1 12 14 0 72
4 0 17 4 0 97
4 1 13 4 0 25
4 1 15 4 0 54
4 1 15 14 0 66
4 1 16 4 0 71
4 1 13 14 0 45
4 1 18 4 0 105
4 1 12 4 0 82
4 1 18 14 0 89
4 2 0 4 0 60
4 0 16 14 0 59
4 2 1 14 0 71
4 1 16 14 0 103
4 2 0 14 0 77
4 2 5 4 0 27
4 2 5 14 0 35
4 2 6 4 0 17
4 2 6 14 0 19
4 2 7 4 0 41
4 2 7 14 0 41
4 2 8 4 0 9
4 2 8 14 0 10
4 2 10 4 0 18
4 2 10 14 
4 2 11 4 0 42
4 2 11 14 0 56
4 2 12 4 0 59
4 2 12 14 0 35
4 2 13 4 0 35
4 2 13 14 0 25
4 2 3 4 0 25
4 2 15 14 0 84
4 2 17 4 0 114
4 2 17 14 0 108
4 2 18 4 0 84
4 2 1 4 0 46
4 2 18 14 0 51
4 3 0 4 0 57
4 3 0 14 0 60
4 3 1 4 0 41
4 3 2 4 0 28
4 3 2 14 0 54
4 3 5 4 0 7
4 3 1 14 0 54
4 3 6 4 0 10
4 3 5 14 0 32
4 2 15 4 0 54
4 3 7 4 0 21
4 3 6 14 0 18
4 3 8 4 0 33
4 2 3 14 0 87
4 3 7 14 0 29
4 3 8 14 0 40
4 3 11 14 0 23
4 3 11 4 0 36
4 3 12 4 0 15
4 3 10 14 0 33
4 3 12 14 0 11
4 3 13 14 0 45
4 3 13 4 0 38
4 3 16 4 0 87
4 3 17 4 0 80
4 3 10 4 0 34
4 3 17 14 0 65
4 3 18 14 0 82
4 3 16 14 0 92
4 5 0 14 0 93
4 5 1 14 0 25
4 5 2 4 0 29
4 5 2 14 0 35
4 5 3 4 0 10
4 5 3 14 0 38
4 5 6 4 0 9
4 5 6 14 0 13
4 5 1 4 0 17
4 5 7 4 0 6
4 5 8 4 0 11
4 5 7 14 0 3
4 5 10 4 0 17
4 5 10 14 0 15
4 5 11 4 0 11
4 5 11 14 0 5
4 5 12 4 0 11
4 5 12 14 0 21
4 5 8 14 0 12
4 5 15 4 0 32
4 5 16 4 0 35
4 5 16 14 0 23
4 5 17 4 0 54
4 5 17 14 0 47
4 5 0 4 0 63
4 5 18 4 0 100
4 6 0 4 0 18
4 6 0 14 0 27
4 5 18 14 0 90
4 6 1 4 0 74
4 5 15 14 0 47
4 6 2 4 0 13
4 6 3 4 0 11
4 6 3 14 0 15
4 6 5 4 0 9
4 6 5 14 0 11
4 6 2 14 0 59
4 6 7 4 0 9
4 6 7 14 0 8
4 6 8 14 0 3
4 6 10 4 
4 6 10 14 0 17
4 6 11 4 0 19
4 6 11 14 0 14
4 6 13 4 0 13
4 6 13 14 0 25
4 6 15 4 0 18
4 6 15 14 0 12
4 6 1 14 0 82
4 6 16 14 0 34
4 6 16 4 0 19
4 6 17 4 0 74
4 6 18 4 0 15
4 6 18 14 0 13
4 7 0 4 0 22
4 7 0 14 0 61
4 7 1 4 0 16
4 7 1 14 0 70
4 7 2 4 0 40
4 7 2 14 0 42
4 3 18 4 0 87
4 6 8 4 0 6
4 7 3 14 0 36
4 7 5 14 0 11
4 7 6 4 0 8
4 7 6 14 0 19
4 7 8 4 0 14
4 7 8 14 0 10
4 7 10 4 0 8
4 7 10 14 0 9
4 7 12 4 0 8
4 7 12 14 0 14
4 7 13 4 0 3
4 7 5 4 0 6
4 6 17 14 0 71
4 7 15 4 0 29
4 7 16 4 0 41
4 7 16 14 0 59
4 7 17 4 0 45
4 7 17 14 0 57
4 7 18 4 0 25
4 7 18 14 0 11
4 8 0 4 0 45
4 8 0 14 0 62
4 8 1 4 0 25
4 8 1 14 0 17
4 8 2 4 0 11
4 7 13 14 0 5
4 8 3 4 0 34
4 8 3 14 0 34
4 8 5 4 0 11
4 8 5 14 0 17
4 8 6 4 0 6
4 8 6 14 
4 8 7 4 0 13
4 8 7 14 0 8
4 8 11 4 0 10
4 8 11 14 0 10
4 8 12 4 0 3
4 8 12 14 0 12
4 8 13 4 0 12
4 8 2 14 0 18
4 8 15 4 0 40
4 8 15 14 0 33
4 8 16 4 0 10
4 7 15 14 0 24
4 8 13 14 0 14
4 7 3 4 0 24
4 8 16 14 
4 8 17 4 0 22
4 8 17 14 0 21
4 8 18 4 0 23
4 10 1 4 0 18
4 10 1 14 0 26
4 10 2 4 0 18
4 10 2 14 0 9
4 10 3 4 0 31
4 10 3 14 0 33
4 10 5 4 0 17
4 10 5 14 0 11
4 10 6 4 
4 10 6 14 0 6
4 10 7 4 0 8
4 10 7 14 0 14
4 10 11 4 0 9
4 10 11 14 0 13
4 10 12 4 0 17
4 10 12 14 0 3
4 10 13 4 0 15
4 10 13 14 0 12
4 10 15 4 0 33
4 10 15 14 0 41
4 10 16 4 
4 10 16 14 0 7
4 10 17 4 0 21
4 10 17 14 0 22
4 10 18 4 0 56
4 10 0 14 0 47
4 11 0 4 0 61
4 11 0 14 0 21
4 8 18 14 0 47
4 11 1 14 0 19
4 11 2 4 0 41
4 11 2 14 0 41
4 11 3 4 0 34
4 11 3 14 0 21
4 11 5 4 0 11
4 11 5 14 0 6
4 11 6 4 0 16
4 11 6 14 0 9
4 11 8 4 0 13
4 11 8 14 0 13
4 11 10 4 0 10
4 11 10 14 0 8
4 11 12 4 0 14
4 11 12 14 0 9
4 11 13 4 0 5
4 11 13 14 0 2
4 11 15 4 0 23
4 11 15 14 0 29
4 11 16 4 0 56
4 11 16 14 0 36
4 11 17 4 0 69
4 11 17 14 0 52
4 11 18 4 0 10
4 11 18 14 0 26
4 12 0 4 0 26
4 12 0 14 0 15
4 12 1 4 0 89
4 12 1 14 0 69
4 12 2 4 0 60
4 12 2 14 0 17
4 12 3 4 0 15
4 12 3 14 0 10
4 12 5 4 0 11
4 12 5 14 0 9
4 12 7 4 0 9
4 12 7 14 0 8
4 10 0 4 0 74
4 11 1 4 0 65
4 10 18 14 0 25
4 12 8 4 0 3
4 12 8 14 0 6
4 12 10 4 0 12
4 12 11 14 0 16
4 12 13 14 0 13
4 12 10 14 
4 12 11 4 0 14
4 12 13 4 0 21
4 12 15 4 0 11
4 12 15 14 0 20
4 12 16 14 0 23
4 12 18 4 0 13
4 12 18 14 0 16
4 13 0 4 0 90
4 13 0 14 0 67
4 13 1 4 0 25
4 13 1 14 0 9
4 13 2 4 0 31
4 13 2 14 0 27
4 13 3 4 0 51
4 12 17 4 0 72
4 13 6 4 0 13
4 13 3 14 0 7
4 13 7 4 0 2
4 12 16 4 0 35
4 13 7 14 0 6
4 13 6 14 0 9
4 13 8 4 0 12
4 13 8 14 0 11
4 12 17 14 0 70
4 13 10 14 0 17
4 13 10 4 0 14
4 13 12 4 0 25
4 13 15 4 0 45
4 13 15 14 0 32
4 13 16 4 0 25
4 13 11 14 0 11
4 13 17 4 0 45
4 13 17 14 0 54
4 13 18 4 0 88
4 13 16 14 0 40
4 13 18 14 0 87
4 15 0 14 0 53
4 15 0 4 0 72
4 15 1 4 0 48
4 13 11 4 0 5
4 13 12 14 0 11
4 15 2 4 0 56
4 15 5 14 0 10
4 15 6 4 0 20
4 15 6 14 0 11
4 15 7 4 0 29
4 15 7 14 0 24
4 15 8 4 0 41
4 15 5 4 0 32
4 15 2 14 0 25
4 15 10 14 0 31
4 15 10 4 0 33
4 15 11 14 0 34
4 15 8 14 0 34
4 15 12 4 0 12
4 15 13 4 0 47
4 15 12 14 0 15
4 15 16 4 0 84
4 15 13 14 0 51
4 15 16 14 0 83
4 15 17 14 0 80
4 15 17 4 0 66
4 15 1 14 0 40
4 16 0 4 0 82
4 15 18 4 0 81
4 16 1 4 0 64
4 15 18 14 0 89
4 16 0 14 0 64
4 15 11 4 0 24
4 16 1 14 0 47
4 16 3 14 0 28
4 16 5 14 0 29
4 16 6 4 0 23
4 16 7 4 0 36
4 16 5 4 0 40
4 16 8 4 0 7
4 16 8 14 0 11
4 16 10 4 
4 16 10 14 0 18
4 16 11 4 0 59
4 16 11 14 0 41
4 16 12 4 0 34
4 16 12 14 0 60
4 16 13 4 0 23
4 16 13 14 0 31
4 16 15 4 0 92
4 16 15 14 0 56
4 16 17 4 0 103
4 16 17 14 0 125
4 16 18 4 0 59
4 16 18 14 0 82
4 17 0 4 0 92
4 17 0 14 0 78
4 17 2 4 0 125
4 16 6 14 0 13
4 17 2 14 0 46
4 17 3 14 0 41
4 17 3 4 0 80
4 17 5 4 0 54
4 17 6 4 0 70
4 17 6 14 0 74
4 17 7 4 0 52
4 17 7 14 0 16
4 17 8 4 0 22
4 17 8 14 0 25
4 17 10 4 0 21
4 17 10 14 0 18
4 17 11 4 0 57
4 17 11 14 0 65
4 17 12 4 0 71
4 17 12 14 0 89
4 17 13 4 0 47
4 17 13 14 0 25
4 17 5 14 0 17
4 17 15 14 0 48
4 16 7 14 0 40
4 17 16 14 0 64
4 17 18 4 0 110
4 17 16 4 0 108
4 17 18 14 0 87
4 18 1 14 0 76
4 18 2 4 0 82
4 18 2 14 0 60
4 18 3 4 0 89
4 18 3 14 0 57
4 17 15 4 0 65
4 18 1 4 0 87
4 18 5 4 0 87
4 18 6 4 0 16
4 18 5 14 0 63
4 18 7 14 0 22
4 18 7 4 0 26
4 18 8 14 0 45
4 18 8 4 0 25
4 16 3 4 0 83
4 18 10 4 0 47
4 18 11 4 0 11
4 18 10 14 0 74
4 18 12 14 0 26
4 18 13 4 0 90
4 18 13 14 0 90
4 18 15 4 0 82
4 18 15 14 0 72
4 18 16 4 0 51
4 18 16 14 0 82
4 18 17 4 0 89
4 18 17 14 0 92
5 0 1 5 0 76
5 0 1 13 0 85
5 0 2 5 0 76
5 0 2 13 0 57
5 0 3 5 
5 0 3 13 0 48
5 0 4 5 0 63
4 18 11 14 0 61
4 18 12 4 0 13
4 18 6 14 0 18
5 0 4 13 0 87
5 0 6 5 0 42
5 0 6 13 0 78
5 0 7 5 0 28
5 0 7 13 0 39
5 0 8 5 0 40
5 0 8 13 0 34
5 0 10 5 0 22
5 0 10 13 0 37
5 0 12 13 0 42
5 0 12 5 0 59
5 0 14 13 0 93
5 0 15 5 
5 0 15 13 0 50
5 0 16 5 0 81
5 0 16 13 0 53
5 0 14 5 0 88
5 0 17 5 0 64
5 1 0 5 0 65
5 0 17 13 0 80
5 1 2 5 0 50
5 1 0 13 0 64
5 1 3 5 0 48
5 1 3 13 0 113
5 0 11 13 0 36
5 1 2 13 0 34
5 1 4 5 0 17
5 1 4 13 0 54
5 1 6 5 0 22
5 1 6 13 0 59
5 1 8 5 0 22
5 1 8 13 0 5
5 1 7 5 
5 1 7 13 0 52
5 1 10 5 0 4
5 1 11 13 
5 1 12 5 0 42
5 1 12 13 0 38
5 1 14 5 0 45
5 1 14 13 0 25
5 1 15 5 0 81
5 1 11 5 0 58
5 1 16 5 0 47
5 1 16 13 0 73
5 1 18 5 0 85
5 1 18 13 0 78
5 1 15 13 0 60
5 0 11 5 0 44
5 1 10 13 0 20
5 2 0 5 0 55
5 2 0 13 0 81
5 2 1 5 0 50
5 2 3 5 0 14
5 2 4 5 0 29
5 2 1 13 0 47
5 2 4 13 0 40
5 2 6 13 0 52
5 2 6 5 0 39
5 2 3 13 0 64
5 2 7 5 0 9
5 2 7 13 0 23
5 2 10 13 0 33
5 2 11 5 0 10
5 2 8 5 0 12
5 2 11 13 0 18
5 2 12 5 0 43
5 2 14 5 0 25
5 2 14 13 0 35
5 2 15 5 0 27
5 2 15 13 0 57
5 2 17 5 0 34
5 2 17 13 0 76
5 2 12 13 0 33
5 2 18 13 0 55
5 3 0 5 
5 2 18 5 0 57
5 3 0 13 
5 2 10 5 0 12
5 3 1 5 0 46
5 3 1 13 0 81
5 3 2 5 0 22
5 3 4 5 0 10
5 3 4 13 0 32
5 3 6 5 0 6
5 3 7 5 0 9
5 3 7 13 0 27
5 3 8 5 0 13
5 3 8 13 0 25
5 3 6 13 0 12
5 3 10 13 0 6
5 3 11 5 0 23
5 3 11 13 0 53
5 3 12 5 0 20
5 3 12 13 0 16
5 3 2 13 0 27
5 3 14 13 0 38
5 3 16 5 0 64
5 3 16 13 0 47
5 3 10 5 0 16
5 3 17 13 0 62
5 3 18 5 0 48
5 3 18 13 0 49
5 4 0 5 0 67
5 4 0 13 0 88
5 2 8 13 0 42
5 3 17 5 0 113
5 4 1 5 0 9
5 4 2 13 0 25
5 3 14 5 0 45
5 4 2 5 0 27
5 4 6 5 0 9
5 4 3 5 0 7
5 4 6 13 0 25
5 4 7 13 0 5
5 4 8 5 0 11
5 4 8 13 0 14
5 4 7 5 0 6
5 4 10 5 0 17
5 4 3 13 0 45
5 4 11 5 0 11
5 4 10 13 0 12
5 4 12 13 0 13
5 4 12 5 0 11
5 4 15 13 0 51
5 4 15 5 0 32
5 4 11 13 0 2
5 4 17 5 0 54
5 4 17 13 0 25
5 4 18 5 0 87
5 4 18 13 0 90
5 6 0 5 0 40
5 6 0 13 0 59
5 6 1 5 0 20
5 6 1 13 0 42
5 6 2 5 0 35
5 4 16 13 0 31
5 6 3 5 0 7
5 6 2 13 0 43
5 6 4 5 0 9
5 4 16 5 0 40
5 6 3 13 0 20
5 6 4 13 0 11
5 6 7 5 0 1
5 6 8 13 0 8
5 6 10 5 0 17
5 6 10 13 0 11
5 6 11 5 0 3
5 6 8 5 0 14
5 6 14 5 0 25
5 6 14 13 0 13
5 6 15 5 0 12
5 6 15 13 0 14
5 6 16 5 0 52
5 6 16 13 0 36
5 6 17 5 0 59
5 6 17 13 0 38
5 6 18 5 0 78
5 6 18 13 0 45
5 7 0 5 0 27
5 7 0 13 0 44
5 7 1 5 
5 6 11 13 0 9
5 7 2 5 0 10
5 7 2 13 0 10
5 7 3 5 0 10
5 7 3 13 0 23
5 7 1 13 0 58
5 7 4 5 0 6
5 7 6 5 0 1
5 7 6 13 0 3
5 7 8 5 
5 7 8 13 
5 7 10 5 0 1
5 7 10 13 0 1
5 7 12 5 0 7
5 7 4 13 0 11
5 7 14 5 0 5
5 6 7 13 0 7
5 4 1 13 0 45
5 7 15 5 0 27
5 7 15 13 0 51
5 7 16 5 0 23
5 7 17 5 0 52
5 7 17 13 
5 7 12 13 0 9
5 7 18 5 0 39
5 8 0 5 0 39
5 8 0 13 0 22
5 7 16 13 0 16
5 7 18 13 0 40
5 8 1 5 0 23
5 8 1 13 0 4
5 8 2 13 0 12
5 7 14 13 0 3
5 8 3 13 0 16
5 8 4 5 0 11
5 8 6 5 0 16
5 8 4 13 0 17
5 8 6 13 0 17
5 8 7 13 0 1
5 8 11 5 
5 8 7 5 
5 8 2 5 0 11
5 8 12 5 0 8
5 8 11 13 0 1
5 8 14 5 0 14
5 8 14 13 0 12
5 8 15 13 0 6
5 8 16 5 0 42
5 8 16 13 0 35
5 8 17 5 0 5
5 8 17 13 0 16
5 8 18 5 0 34
5 8 18 13 0 39
5 10 0 5 0 23
5 10 0 13 0 40
5 10 1 5 0 4
5 10 1 13 0 22
5 8 12 13 0 12
5 8 15 5 0 25
5 8 3 5 0 14
5 10 2 5 0 13
5 10 2 13 0 12
5 10 3 5 0 15
5 10 3 13 0 13
5 10 4 5 0 17
5 10 4 13 0 11
5 10 6 5 0 18
5 10 6 13 0 14
5 10 7 5 0 1
5 10 7 13 
5 10 11 5 0 1
5 10 11 13 
5 10 12 13 0 7
5 10 14 13 0 15
5 10 15 5 0 6
5 10 12 5 0 11
5 10 16 5 0 33
5 10 17 5 0 20
5 10 16 13 0 40
5 10 15 13 0 23
5 10 17 13 0 4
5 10 18 13 0 40
5 10 18 5 0 37
5 10 14 5 0 12
5 11 0 5 0 45
5 11 1 5 0 55
5 11 2 5 0 11
5 11 0 13 0 28
5 11 3 5 0 29
5 11 4 5 0 11
5 11 4 13 0 6
5 11 6 5 0 3
5 11 6 13 0 1
5 11 8 5 
5 11 8 13 
5 11 10 5 0 1
5 11 10 13 0 1
5 11 12 5 0 9
5 11 2 13 0 9
5 11 14 5 0 2
5 11 14 13 0 5
5 11 12 13 0 7
5 11 15 5 0 53
5 11 3 13 0 9
5 11 1 13 
5 11 16 5 0 18
5 11 16 13 0 24
5 11 17 13 0 54
5 11 18 5 0 36
5 11 18 13 0 44
5 12 0 5 0 51
5 11 17 5 
5 12 0 13 0 42
5 12 1 13 0 22
5 12 1 5 0 42
5 12 3 5 0 20
5 12 2 5 0 46
5 12 3 13 0 6
5 12 4 13 0 9
5 12 7 5 0 7
5 12 7 13 0 1
5 12 8 5 0 7
5 12 2 13 0 39
5 12 10 5 0 12
5 12 8 13 0 16
5 12 11 5 0 9
5 12 10 13 0 18
5 12 14 5 0 13
5 12 11 13 0 3
5 12 4 5 0 11
5 11 15 13 0 27
5 12 15 5 0 16
5 12 14 13 0 21
5 12 15 13 0 12
5 12 16 5 0 33
5 12 16 13 0 53
5 12 17 5 0 38
5 12 17 13 0 57
5 12 18 5 0 42
5 12 18 13 0 78
5 14 0 13 0 63
5 14 0 5 0 90
5 14 1 5 0 47
5 14 2 13 0 29
5 14 3 5 0 47
5 14 6 5 0 21
5 14 6 13 0 9
5 14 7 5 0 5
5 14 7 13 0 6
5 14 3 13 0 10
5 14 8 5 0 15
5 14 10 5 0 12
5 14 8 13 0 11
5 14 10 13 0 17
5 14 1 13 0 17
5 14 12 5 0 13
5 14 11 5 0 3
5 14 12 13 0 11
5 14 11 13 0 11
5 14 15 13 0 32
5 14 16 5 0 35
5 14 15 5 0 38
5 14 17 5 0 25
5 14 18 5 0 93
5 14 18 13 0 100
5 15 0 5 
5 15 0 13 
5 14 17 13 0 54
5 15 1 13 0 48
5 15 2 5 0 28
5 15 1 5 0 79
5 15 2 13 0 14
5 15 4 13 0 7
5 15 6 5 0 12
5 15 6 13 0 7
5 15 4 5 0 32
5 15 7 5 0 27
5 15 8 5 0 23
5 15 7 13 0 10
5 15 8 13 0 14
5 15 10 5 0 6
5 14 16 13 0 35
5 15 10 13 0 15
5 15 12 5 0 14
5 15 12 13 0 20
5 15 14 5 0 51
5 15 14 13 0 47
5 15 11 13 0 29
5 15 16 13 0 66
5 15 17 5 0 60
5 15 17 13 0 114
5 15 16 5 0 57
5 15 18 5 0 50
5 16 0 5 0 76
5 16 0 13 0 76
5 15 18 13 0 46
5 15 11 5 0 51
5 16 1 5 0 49
5 16 3 13 0 22
5 16 3 5 0 66
5 16 4 13 0 27
5 16 4 5 0 35
5 16 6 13 0 35
5 16 6 5 0 53
5 16 7 5 0 24
5 16 1 13 0 50
5 16 8 5 0 40
5 16 7 13 0 10
5 16 8 13 0 11
5 16 10 5 0 35
5 16 10 13 0 13
5 16 11 5 0 16
5 16 12 13 0 46
5 16 14 5 0 31
5 16 14 13 0 23
5 16 15 5 0 47
5 16 15 13 0 28
5 16 17 5 0 73
5 16 17 13 0 35
5 16 18 5 0 53
5 16 18 13 0 65
5 16 12 5 0 36
5 17 0 13 0 76
5 17 2 5 0 35
5 17 2 13 0 50
5 17 3 5 0 114
5 17 0 5 0 70
5 17 3 13 0 46
5 17 4 13 0 9
5 17 6 5 0 57
5 17 6 13 0 20
5 17 7 5 0 54
5 17 7 13 
5 17 8 5 0 4
5 17 8 13 0 23
5 17 10 5 0 16
5 17 10 13 0 4
5 17 11 5 
5 17 11 13 0 55
5 17 12 5 0 38
5 17 12 13 0 42
5 17 14 5 0 25
5 17 14 13 0 47
5 17 15 5 0 62
5 17 4 5 0 54
5 17 15 13 0 79
5 17 16 13 0 49
5 17 18 5 0 80
5 17 18 13 0 95
5 17 16 5 0 76
5 16 11 13 0 11
5 14 2 5 0 23
5 18 1 5 0 95
5 18 2 5 0 65
5 18 2 13 0 55
5 18 1 13 0 65
5 18 3 5 0 46
5 18 3 13 
5 18 4 5 0 100
5 18 4 13 0 67
5 18 6 5 0 78
5 18 6 13 0 40
5 18 7 5 0 44
5 18 7 13 0 27
5 18 8 5 0 40
5 18 8 13 0 39
5 18 10 5 0 39
5 18 10 13 0 23
5 18 11 5 0 40
5 18 11 13 0 45
5 18 12 5 0 45
5 18 12 13 0 51
5 18 14 5 0 90
5 18 14 13 0 90
5 18 15 5 0 49
5 18 15 13 
5 18 17 5 0 78
5 18 17 13 0 70
6 0 1 6 0 84
6 0 2 6 0 35
6 0 2 12 0 58
6 0 3 6 0 41
6 0 1 12 0 102
6 0 3 12 0 155
6 0 4 6 0 18
6 0 5 6 0 40
6 0 5 12 0 78
6 0 4 12 0 16
6 0 7 6 0 20
6 0 7 12 0 31
6 0 8 6 
6 0 8 12 0 11
5 18 16 5 0 55
6 0 10 12 
6 0 10 6 0 4
6 0 13 6 0 42
6 0 13 12 0 59
6 0 11 12 0 21
6 0 14 6 0 13
6 0 15 6 0 48
6 0 15 12 0 72
6 0 14 12 0 27
6 0 16 6 0 47
6 0 16 12 0 50
6 0 17 12 0 82
6 0 17 6 0 62
6 1 0 12 0 62
6 1 0 6 0 83
6 1 2 6 0 46
6 1 3 6 0 18
6 1 3 12 0 32
6 1 2 12 0 73
6 1 4 12 0 70
6 1 5 6 0 20
6 1 5 12 0 57
6 1 4 6 0 74
6 0 11 6 0 46
5 18 16 13 0 76
6 1 7 6 0 22
6 1 8 6 0 25
6 1 7 12 0 40
6 1 8 12 0 24
6 1 10 6 0 21
6 1 10 12 0 24
6 1 11 6 0 6
6 1 14 6 0 72
6 1 13 12 0 42
6 1 14 12 0 82
6 1 15 6 0 14
6 1 11 12 0 33
6 1 16 6 0 39
6 1 16 12 0 92
6 1 15 12 0 29
6 2 0 6 0 39
6 1 18 12 0 76
6 2 1 6 0 50
6 2 1 12 0 39
6 2 3 6 0 17
6 2 3 12 0 38
6 2 4 6 0 13
6 2 4 12 0 23
6 2 5 6 0 35
6 2 5 12 0 53
6 2 0 12 0 47
6 2 7 6 0 22
6 2 7 12 0 25
6 2 8 12 0 25
6 2 10 6 0 10
6 2 10 12 0 15
6 2 11 6 0 32
6 1 18 6 0 102
6 2 11 12 0 15
6 2 13 6 0 33
6 1 13 6 0 38
6 2 8 6 0 7
6 2 15 6 0 32
6 2 14 12 0 59
6 2 17 6 0 73
6 2 17 12 0 89
6 2 18 6 0 58
6 2 18 12 0 56
6 3 0 6 0 47
6 3 0 12 0 48
6 3 1 6 0 19
6 3 1 12 0 14
6 3 2 6 0 17
6 3 2 12 0 32
6 3 4 6 0 11
6 2 13 12 0 43
6 3 4 12 0 20
6 3 5 12 0 12
6 3 7 6 0 9
6 2 14 6 0 35
6 3 7 12 0 10
6 3 5 6 0 7
6 3 8 12 0 23
6 3 10 6 0 11
6 3 8 6 0 12
6 3 10 12 0 14
6 3 11 6 0 10
6 3 11 12 0 9
6 3 13 6 0 16
6 2 15 12 0 47
6 3 13 12 0 20
6 3 14 6 0 11
6 3 14 12 0 15
6 3 16 6 0 38
6 3 17 6 0 32
6 3 18 12 0 73
6 3 17 12 0 30
6 4 0 6 0 15
6 3 16 12 0 45
6 4 0 12 0 13
6 4 1 12 0 72
6 4 1 6 0 69
6 4 2 12 0 35
6 4 3 12 0 11
6 4 5 6 0 9
6 4 2 6 0 17
6 4 5 12 0 21
6 4 3 6 0 10
6 4 7 12 0 14
6 4 8 6 0 6
6 4 10 6 
6 4 10 12 0 3
6 4 8 12 0 12
6 4 11 6 0 16
6 4 13 6 0 13
6 4 11 12 0 9
6 4 13 12 0 11
6 4 15 6 0 20
6 4 16 6 0 23
6 4 15 12 0 15
6 4 17 6 0 70
6 4 17 12 0 89
6 4 18 6 0 16
6 4 18 12 0 26
6 5 0 6 0 42
6 4 16 12 0 60
6 4 7 6 0 8
6 3 18 6 0 155
6 5 0 12 0 42
6 5 1 6 0 22
6 5 1 12 0 38
6 5 2 6 0 39
6 5 2 12 0 33
6 5 3 6 0 6
6 5 3 12 0 16
6 5 4 6 0 9
6 5 8 6 0 16
6 5 8 12 0 12
6 5 10 6 0 18
6 5 7 6 0 1
6 5 10 12 0 7
6 5 11 12 0 7
6 5 11 6 0 3
6 5 14 12 0 11
6 5 14 6 0 21
6 5 15 6 0 12
6 5 15 12 0 20
6 5 16 12 0 46
6 5 17 6 0 57
6 5 16 6 0 53
6 5 18 6 0 78
6 5 18 12 0 51
6 7 0 6 0 20
6 5 17 12 0 42
6 5 4 12 0 13
6 5 7 12 0 9
6 7 0 12 0 46
6 7 2 12 0 32
6 7 1 12 0 6
6 7 3 12 0 10
6 7 3 6 0 10
6 7 4 6 0 9
6 7 5 6 0 1
6 7 4 12 0 16
6 7 5 12 0 3
6 7 8 12 0 14
6 7 8 6 0 8
6 7 10 12 0 22
6 7 10 6 0 17
6 7 13 12 0 7
6 7 2 6 0 25
6 7 13 6 0 9
6 7 1 6 0 22
6 7 15 12 0 9
6 7 16 6 0 25
6 7 16 12 0 14
6 7 17 6 0 40
6 7 15 6 0 10
6 7 18 6 0 31
6 7 14 12 0 8
6 7 18 12 0 21
6 8 0 6 
6 7 17 12 0 33
6 8 1 6 0 25
6 8 1 12 0 21
6 8 2 12 0 10
6 8 2 6 0 8
6 8 3 6 0 15
6 8 4 6 0 6
6 7 14 6 0 14
6 8 4 12 
6 8 3 12 0 11
6 8 0 12 0 4
6 8 5 6 0 14
6 8 7 12 0 17
6 8 11 12 0 22
6 8 13 6 0 12
6 8 13 12 0 8
6 8 14 6 0 12
6 8 14 12 0 3
6 8 15 6 0 23
6 8 15 12 0 9
6 8 16 6 0 25
6 8 16 12 0 18
6 8 11 6 0 14
6 8 17 6 0 24
6 8 18 6 0 11
6 8 17 12 0 23
6 10 0 6 0 4
6 8 5 12 0 18
6 10 0 12 
6 8 18 12 
6 8 7 6 0 6
6 10 1 6 0 22
6 10 2 12 0 7
6 10 3 6 0 12
6 10 4 6 
6 10 3 12 0 12
6 10 2 6 0 10
6 10 1 12 0 25
6 10 4 12 0 6
6 10 5 6 0 17
6 10 5 12 0 16
6 10 7 6 0 16
6 10 7 12 0 8
6 10 13 12 0 11
6 10 14 6 0 3
6 10 14 12 0 17
6 10 15 6 0 14
6 10 15 12 0 21
6 10 16 6 0 15
6 10 11 6 0 22
6 10 13 6 0 7
6 10 17 12 0 24
6 10 18 6 
6 10 18 12 0 11
6 11 0 6 0 43
6 11 0 12 0 20
6 11 1 6 0 6
6 11 1 12 0 22
6 11 2 6 0 28
6 11 2 12 0 22
6 11 3 6 0 9
6 11 3 12 0 9
6 11 4 6 0 19
6 10 11 12 0 14
6 11 5 6 0 3
6 11 5 12 0 1
6 11 8 6 0 14
6 11 8 12 0 6
6 11 10 6 0 22
6 11 10 12 0 16
6 11 13 6 0 7
6 11 13 12 0 9
6 10 16 12 0 23
6 11 14 6 0 9
6 11 4 12 0 8
6 10 17 6 0 24
6 11 15 12 0 11
6 11 16 12 0 28
6 11 17 6 0 33
6 11 17 12 0 39
6 11 18 6 0 21
6 11 18 12 0 25
6 11 16 6 0 15
6 13 0 12 0 40
6 13 1 6 0 38
6 13 1 12 0 20
6 13 2 6 0 36
6 13 2 12 0 35
6 13 3 6 0 14
6 13 0 6 0 45
6 13 4 6 0 13
6 13 4 12 0 9
6 13 7 6 0 9
6 13 7 12 0 1
6 11 14 12 0 14
6 13 8 6 0 11
6 13 10 6 0 8
6 13 8 12 0 14
6 13 11 6 0 7
6 13 10 12 0 17
6 13 11 12 0 3
6 13 14 6 0 11
6 13 14 12 0 25
6 13 15 6 0 20
6 13 15 12 0 12
6 13 16 6 0 43
6 13 16 12 0 52
6 13 17 12 0 59
6 13 18 6 0 59
6 13 18 12 0 78
6 14 0 6 0 13
6 14 0 12 0 18
6 14 1 6 0 71
6 14 1 12 0 74
6 14 2 6 0 34
6 14 2 12 0 13
6 14 3 6 0 12
6 14 3 12 0 11
6 11 15 6 0 9
6 14 5 12 0 9
6 14 7 6 0 14
6 14 5 6 0 25
6 14 8 6 0 17
6 14 7 12 0 9
6 14 10 6 0 3
6 14 8 12 0 6
6 14 11 6 0 8
6 14 10 12 
6 14 13 6 0 11
6 14 13 12 0 13
6 14 15 6 0 15
6 14 11 12 0 19
6 14 16 6 0 59
6 14 15 12 0 18
6 14 17 6 0 82
6 14 17 12 0 74
6 13 17 6 0 42
6 14 18 6 0 27
6 14 16 12 0 19
6 13 3 12 0 7
6 14 18 12 0 15
6 15 0 6 0 47
6 15 0 12 0 41
6 15 1 6 0 18
6 15 1 12 0 18
6 15 2 6 0 36
6 15 4 12 0 10
6 15 5 6 0 12
6 15 5 12 0 6
6 15 7 12 0 10
6 15 8 6 0 21
6 15 8 12 0 15
6 15 7 6 0 11
6 15 10 6 0 9
6 15 10 12 0 12
6 15 11 12 0 9
6 15 13 6 0 20
6 15 11 6 0 9
6 15 13 12 0 14
6 15 14 12 0 12
6 15 16 6 0 47
6 15 14 6 0 15
6 15 17 6 0 29
6 15 16 12 0 38
6 15 18 6 0 72
6 15 17 12 0 36
6 16 0 6 0 50
6 15 18 12 0 166
6 16 0 12 0 35
6 16 1 12 0 46
6 16 1 6 0 39
6 16 3 6 0 38
6 16 4 6 0 19
6 16 3 12 0 17
6 16 5 6 0 52
6 16 4 12 0 17
6 16 5 12 0 39
6 16 7 6 0 28
6 16 8 6 0 23
6 16 7 12 0 25
6 16 10 6 0 18
6 16 10 12 0 10
6 16 8 12 0 8
6 16 11 12 0 28
6 16 13 6 0 46
6 16 13 12 0 36
6 16 14 6 0 60
6 16 14 12 0 34
6 16 15 6 0 45
6 16 15 12 0 36
6 16 17 6 0 92
6 16 17 12 0 72
6 16 18 6 0 50
6 15 4 6 0 18
6 16 18 12 0 58
6 15 2 12 0 17
6 16 11 6 0 14
6 17 0 6 0 62
6 17 0 12 0 84
6 17 2 6 0 72
6 17 2 12 0 50
6 17 3 6 0 36
6 17 4 12 0 69
6 17 5 6 0 59
6 17 7 6 0 39
6 17 7 12 0 22
6 17 8 6 0 24
6 17 8 12 0 25
6 17 10 6 0 23
6 17 10 12 0 22
6 17 5 12 0 22
6 17 11 6 0 33
6 17 4 6 0 74
6 17 13 6 0 42
6 17 11 12 0 6
6 17 3 12 0 19
6 17 14 6 0 89
6 17 15 6 0 30
6 17 16 6 0 89
6 17 15 12 0 18
6 17 13 12 0 38
6 17 14 12 0 71
6 17 16 12 0 39
6 17 18 12 0 106
6 17 18 6 0 82
6 18 1 12 0 83
6 18 1 6 0 106
6 18 2 6 0 58
6 18 2 12 0 39
6 18 3 6 0 166
6 18 3 12 0 47
6 18 4 6 0 15
6 18 7 6 0 25
6 18 5 12 0 42
6 18 5 6 0 78
6 18 7 12 0 20
6 18 8 12 
6 18 10 12 0 4
6 18 10 6 
6 18 11 6 0 21
6 18 13 6 0 51
6 18 13 12 0 45
6 18 11 12 0 43
6 18 4 12 0 15
6 18 14 6 0 26
6 18 15 6 0 73
6 18 14 12 0 13
6 18 8 6 0 11
6 18 15 12 0 47
6 18 16 6 0 56
7 0 1 7 0 47
7 0 1 11 0 76
6 18 17 12 0 62
7 0 2 7 0 41
7 0 2 11 0 43
7 0 3 7 0 30
6 18 16 12 0 50
7 0 4 7 0 22
7 0 5 7 0 27
7 0 3 11 0 34
7 0 5 11 0 44
7 0 6 11 0 25
7 0 8 7 0 39
7 0 8 11 0 37
7 0 10 7 0 33
7 0 10 11 0 45
7 0 12 7 0 21
7 0 12 11 0 46
7 0 6 7 0 20
7 0 13 7 0 36
7 0 13 11 0 44
7 0 14 11 0 61
7 0 15 7 0 31
7 0 15 11 0 47
7 0 14 7 0 10
7 0 16 7 0 64
7 0 16 11 0 64
7 0 17 11 0 69
7 1 0 7 0 54
7 1 0 11 0 61
7 1 2 7 0 50
7 1 2 11 0 26
7 1 3 7 0 38
7 0 4 11 0 26
7 1 3 11 0 78
7 0 17 7 0 61
6 18 17 6 0 76
7 1 5 11 0 54
7 1 5 7 
7 1 6 7 0 22
7 1 8 7 0 14
7 1 6 11 0 39
7 1 10 7 0 9
7 1 8 11 0 10
7 1 12 7 0 33
7 1 12 11 0 6
7 1 13 7 
7 1 10 11 0 18
7 1 14 7 0 69
7 1 13 11 0 58
7 1 15 7 0 45
7 1 14 11 0 70
7 1 16 7 0 29
7 1 16 11 0 74
7 1 18 7 0 76
7 1 4 7 0 16
7 1 15 11 0 95
7 1 18 11 0 61
7 2 0 7 0 49
7 2 1 7 0 54
7 1 4 11 0 52
7 2 3 7 0 34
7 2 1 11 0 29
7 2 0 11 0 64
7 2 3 11 0 33
7 2 4 11 0 36
7 2 5 11 0 24
7 2 6 7 0 25
7 2 8 7 0 12
7 2 8 11 0 16
7 2 6 11 0 28
7 2 10 7 0 18
7 2 12 7 0 15
7 2 12 11 0 32
7 2 5 7 0 10
7 2 13 11 0 10
7 2 14 7 0 56
7 2 14 11 0 42
7 2 15 7 0 25
7 2 15 11 0 35
7 2 17 7 0 26
7 2 17 11 0 70
7 2 18 7 0 43
7 2 18 11 0 63
7 3 0 7 0 27
7 3 0 11 0 31
7 3 1 7 0 39
7 3 1 11 0 45
7 3 2 7 0 36
7 3 2 11 0 25
7 3 4 7 0 24
7 3 4 11 0 29
7 3 5 7 0 10
7 3 5 11 0 27
7 3 6 7 0 10
7 3 6 11 0 11
7 3 8 7 0 13
7 3 8 11 0 24
7 3 10 7 0 15
7 3 10 11 0 9
7 3 12 7 0 9
7 3 12 11 0 10
7 3 13 7 0 53
7 3 13 11 0 23
7 3 14 7 0 23
7 3 14 11 0 36
7 3 16 7 0 33
7 3 16 11 0 38
7 3 17 7 0 78
7 3 17 11 0 89
7 3 18 7 0 34
7 3 18 11 0 50
7 4 0 7 0 21
7 4 0 11 0 10
7 4 1 7 0 19
7 4 1 11 0 69
7 4 2 7 0 41
7 4 2 11 0 56
7 4 3 7 0 21
7 4 3 11 0 23
7 4 5 7 0 6
7 4 5 11 0 5
7 4 6 7 0 9
7 4 6 11 0 14
7 4 8 7 0 13
7 4 8 11 0 10
7 4 10 7 0 8
7 4 10 11 0 13
7 4 12 7 0 9
7 4 12 11 0 16
7 4 13 7 0 2
7 4 13 11 0 11
7 4 15 7 0 29
7 4 15 11 0 34
7 4 16 7 0 36
7 4 16 11 0 41
7 2 10 11 0 16
7 4 17 11 0 65
7 4 18 7 0 26
7 4 17 7 0 52
7 5 0 7 0 28
7 5 0 11 0 36
7 4 18 11 0 61
7 5 1 11 
7 5 2 7 0 9
7 5 2 11 0 18
7 2 4 7 0 40
7 5 3 11 0 53
7 5 4 7 0 6
7 5 3 7 0 9
7 5 4 11 0 2
7 5 6 7 0 1
7 5 6 11 0 9
7 2 13 7 0 18
7 5 8 11 0 1
7 5 10 11 
7 5 8 7 
7 5 12 7 0 7
7 5 12 11 0 3
7 5 14 7 0 5
7 5 14 11 0 11
7 5 15 7 0 27
7 5 15 11 0 29
7 5 16 7 0 24
7 5 17 7 0 54
7 5 16 11 0 11
7 5 18 7 0 44
7 5 17 11 0 55
7 5 1 7 
7 6 0 7 0 20
7 6 1 7 0 22
7 5 10 7 0 1
7 5 18 11 0 45
7 6 2 11 0 15
7 6 3 7 0 9
7 6 3 11 0 9
7 6 4 7 0 8
7 6 1 11 0 33
7 6 4 11 0 9
7 6 5 7 0 1
7 6 5 11 0 7
7 6 8 7 0 6
7 6 10 7 0 16
7 6 8 11 0 22
7 6 13 7 0 9
7 6 13 11 0 3
7 6 10 11 0 14
7 6 14 7 0 14
7 6 15 7 0 11
7 6 15 11 0 9
7 6 14 11 0 19
7 6 16 11 0 28
7 6 16 7 0 28
7 6 17 7 0 39
7 6 17 11 0 6
7 6 18 7 0 25
7 6 2 7 0 22
7 6 18 11 0 43
7 8 0 7 0 40
7 8 1 11 0 9
7 8 2 7 0 12
7 8 1 7 0 14
7 8 2 11 0 18
7 8 3 7 0 12
7 8 4 7 0 14
7 8 4 11 0 8
7 8 5 7 
7 8 5 11 0 1
7 8 6 7 0 8
7 8 3 11 0 15
7 8 6 11 0 16
7 8 12 11 0 14
7 8 13 7 0 1
7 8 13 11 
7 8 14 7 0 10
7 8 14 11 0 10
7 8 15 7 0 24
7 8 15 11 0 8
7 6 0 11 0 21
7 8 12 7 0 22
7 8 0 11 0 33
7 8 17 11 0 17
7 8 17 7 0 10
7 8 18 7 0 37
7 10 0 7 0 34
7 8 18 11 0 44
7 10 0 11 0 39
7 10 1 7 0 7
7 10 1 11 0 14
7 10 2 7 0 18
7 10 2 11 0 12
7 10 3 7 0 18
7 10 3 11 0 13
7 10 4 7 0 8
7 10 4 11 0 13
7 10 5 7 0 1
7 10 5 11 
7 10 6 7 0 17
7 8 16 11 0 13
7 8 16 7 0 16
7 10 6 11 0 6
7 10 12 11 0 22
7 10 14 7 0 13
7 10 14 11 0 9
7 10 15 7 0 9
7 10 15 11 0 33
7 10 16 7 0 16
7 10 16 11 0 16
7 10 17 7 0 18
7 10 17 11 0 11
7 10 18 7 0 45
7 10 13 11 0 1
7 12 0 7 0 21
7 12 0 11 0 20
7 10 18 11 0 39
7 10 12 7 0 14
7 12 1 11 0 22
7 12 2 7 0 14
7 12 2 11 0 25
7 12 1 7 0 33
7 12 3 7 0 9
7 10 13 7 
7 12 3 11 0 10
7 12 5 7 0 7
7 12 8 7 0 22
7 12 4 11 0 9
7 12 5 11 0 1
7 12 8 11 0 8
7 12 4 7 0 8
7 12 13 11 0 9
7 12 10 11 0 17
7 12 14 7 0 16
7 12 10 7 0 14
7 12 15 7 0 10
7 12 15 11 0 10
7 12 14 11 0 14
7 12 16 7 0 32
7 12 16 11 0 25
7 12 17 11 0 40
7 12 18 11 0 31
7 13 0 7 0 40
7 12 18 7 0 46
7 13 1 7 
7 13 1 11 
7 13 0 11 0 27
7 13 2 7 0 16
7 12 13 7 0 3
7 13 2 11 0 10
7 13 3 11 0 10
7 13 3 7 0 51
7 12 17 7 0 6
7 13 4 7 0 3
7 13 8 7 0 1
7 13 8 11 
7 13 10 7 
7 13 10 11 0 1
7 13 6 7 0 9
7 13 6 11 0 1
7 13 12 7 0 3
7 13 14 11 0 5
7 13 15 7 0 23
7 13 15 11 0 27
7 13 16 7 0 10
7 13 12 11 0 7
7 13 17 7 0 58
7 13 17 11 0 52
7 13 18 7 0 44
7 13 16 11 0 23
7 14 0 7 0 11
7 14 0 11 0 22
7 14 1 7 0 57
7 14 1 11 0 16
7 14 2 7 0 59
7 14 2 11 0 40
7 14 3 7 0 24
7 13 18 11 0 39
7 14 5 7 0 5
7 14 5 11 0 6
7 14 6 7 0 14
7 14 3 11 0 24
7 13 14 7 0 11
7 14 8 11 0 14
7 14 10 7 0 10
7 14 10 11 0 8
7 14 12 7 0 19
7 14 12 11 0 8
7 14 6 11 0 8
7 14 13 11 0 3
7 14 15 7 0 36
7 14 15 11 0 29
7 14 16 7 0 42
7 14 16 11 0 41
7 14 17 7 0 70
7 14 17 11 0 45
7 14 18 7 0 61
7 14 18 11 0 25
7 15 0 7 0 33
7 15 0 11 0 30
7 15 1 7 0 53
7 15 1 11 0 38
7 15 2 7 0 31
7 15 2 11 0 34
7 14 13 7 0 11
7 15 4 7 0 29
7 15 5 7 0 27
7 15 5 11 0 9
7 15 6 7 0 10
7 15 6 11 0 9
7 15 8 7 0 33
7 15 8 11 0 12
7 15 10 7 0 8
7 15 10 11 0 18
7 15 4 11 0 21
7 15 12 11 0 9
7 15 13 7 0 29
7 15 13 11 0 51
7 15 14 7 0 34
7 15 14 11 0 24
7 15 16 7 0 35
7 15 16 11 0 30
7 15 17 7 0 95
7 15 17 11 0 89
7 15 18 7 0 47
7 15 18 11 0 36
7 14 8 7 0 9
7 16 0 11 0 41
7 16 1 7 0 30
7 16 1 11 0 50
7 16 3 7 0 30
7 16 3 11 0 36
7 16 4 7 0 41
7 16 4 11 0 41
7 16 5 7 0 23
7 16 5 11 0 9
7 16 6 7 0 25
7 16 6 11 0 22
7 16 8 7 0 16
7 16 8 11 0 12
7 16 10 7 0 13
7 16 10 11 0 18
7 16 12 7 0 28
7 16 12 11 0 14
7 16 13 7 0 11
7 16 13 11 0 16
7 16 14 7 0 41
7 16 14 11 0 59
7 16 15 7 0 38
7 16 15 11 0 31
7 16 17 7 0 74
7 16 17 11 0 26
7 16 18 7 0 64
7 16 18 11 0 48
7 17 0 7 0 54
7 17 0 11 0 47
7 15 12 7 0 9
7 16 0 7 0 60
7 13 4 11 0 6
7 17 2 7 0 26
7 17 2 11 0 54
7 17 3 7 0 89
7 17 3 11 0 39
7 17 4 7 0 45
7 17 4 11 0 19
7 17 5 7 0 52
7 17 6 7 0 40
7 17 8 11 0 14
7 17 10 7 0 17
7 17 8 7 0 11
7 17 10 11 0 7
7 17 12 11 0 33
7 17 13 7 0 55
7 17 13 11 
7 17 14 7 0 65
7 17 14 11 0 57
7 17 15 7 0 89
7 17 15 11 0 53
7 17 16 7 0 70
7 17 16 11 0 30
7 17 18 7 0 69
7 17 18 11 0 56
7 17 12 7 0 6
7 18 1 11 0 54
7 18 2 7 0 48
7 18 2 11 0 49
7 18 3 7 0 36
7 18 3 11 0 27
7 18 4 7 0 25
7 18 4 11 0 21
7 18 5 7 0 39
7 18 5 11 0 28
7 18 6 7 0 31
7 18 6 11 0 20
7 18 8 7 0 39
7 18 8 11 0 40
7 18 1 7 0 56
7 18 10 11 0 34
7 18 12 7 0 43
7 18 12 11 0 21
7 18 13 7 0 45
7 18 13 11 0 40
7 18 14 7 0 61
7 18 14 11 0 11
7 18 15 7 0 50
7 18 15 11 0 33
7 18 16 7 0 63
7 18 16 11 0 60
7 18 17 7 0 61
7 18 10 7 0 44
8 0 1 8 0 29
8 0 1 10 0 32
8 0 2 8 0 51
8 0 2 10 0 48
8 0 3 8 0 37
8 0 3 10 0 16
8 0 4 8 0 45
8 0 4 10 0 25
8 0 5 8 0 39
8 0 5 10 0 40
8 0 6 8 
8 0 6 10 0 11
7 18 17 11 0 54
8 0 7 10 0 39
8 0 11 8 0 45
8 0 11 10 0 33
8 0 12 8 
8 0 12 10 0 4
8 0 13 8 0 37
8 0 13 10 0 22
8 0 14 8 0 56
8 0 14 10 0 62
8 0 15 8 0 25
8 0 15 10 0 38
8 0 16 8 0 44
8 0 7 8 0 40
8 0 17 8 0 45
8 0 17 10 0 43
8 1 0 8 0 30
8 1 0 10 0 45
8 1 2 8 0 47
8 1 2 10 0 33
8 1 3 8 0 20
8 1 3 10 0 16
8 1 4 8 0 25
7 17 6 11 0 22
8 1 5 8 0 23
8 1 5 10 0 4
8 1 6 8 0 25
8 1 6 10 0 24
8 1 7 8 0 14
8 1 7 10 0 11
8 1 11 8 0 18
8 1 11 10 0 9
8 1 12 8 0 24
8 1 12 10 0 21
8 1 13 8 0 20
8 1 13 10 0 4
8 1 14 8 0 21
8 1 14 10 0 17
8 1 15 8 0 10
8 1 15 10 0 36
8 1 16 8 0 43
8 1 16 10 0 61
8 1 18 8 0 32
8 1 18 10 0 37
8 2 0 8 0 62
8 2 0 10 0 44
8 2 1 8 0 43
8 2 1 10 0 43
8 2 3 8 0 30
8 2 3 10 0 27
8 2 4 8 0 11
8 2 4 10 0 7
8 2 5 8 0 11
8 2 5 10 0 40
8 2 6 8 0 8
8 0 16 10 0 47
8 2 7 8 0 12
8 2 7 10 0 16
8 2 11 8 0 16
8 2 11 10 0 18
8 2 12 8 0 15
8 2 12 10 0 10
8 2 13 8 0 33
8 2 13 10 0 12
8 2 14 8 
8 2 14 10 0 18
8 2 15 8 0 28
8 2 15 10 0 29
8 2 6 10 0 23
8 2 17 10 0 51
8 2 18 8 0 48
8 2 18 10 0 52
8 1 4 10 0 22
8 3 0 10 0 25
8 3 1 8 0 21
8 3 0 8 0 41
8 3 2 8 0 28
8 3 2 10 0 28
8 3 4 8 0 34
8 3 4 10 0 41
8 3 5 8 0 14
8 3 5 10 0 23
8 3 6 8 0 15
8 3 6 10 0 21
8 3 7 8 0 12
8 3 7 10 0 33
8 3 11 8 0 9
8 3 11 10 0 15
8 3 12 8 0 14
8 3 12 10 0 11
7 17 5 11 
8 3 13 10 0 16
8 3 1 10 0 10
8 3 14 10 0 34
8 3 16 8 0 27
8 3 16 10 0 30
8 3 17 8 0 16
8 3 17 10 0 38
8 3 18 8 0 16
8 3 18 10 0 41
8 4 0 8 0 47
8 4 0 10 0 56
8 4 1 8 0 26
8 4 1 10 0 21
8 4 2 8 0 9
8 4 2 10 
8 4 3 8 0 33
8 4 3 10 0 33
8 3 13 8 0 6
8 4 5 10 0 15
8 4 6 8 0 6
8 4 6 10 0 17
8 4 7 8 0 14
8 4 7 10 0 9
8 4 11 8 0 13
8 4 11 10 0 8
8 4 12 8 0 3
8 4 12 10 
8 4 13 8 0 12
8 4 13 10 0 17
8 4 15 8 0 41
8 4 15 10 0 31
8 4 16 8 0 7
8 4 16 10 0 18
8 4 17 8 0 22
8 4 17 10 0 18
8 4 18 8 0 25
8 4 18 10 0 74
8 5 0 8 0 40
8 5 0 10 0 37
8 5 1 8 0 22
8 5 1 10 0 20
8 5 2 8 0 12
8 5 2 10 0 33
8 5 3 8 0 13
8 5 3 10 0 6
8 5 4 8 0 11
8 5 4 10 0 12
8 5 6 8 0 14
8 5 6 10 0 11
8 5 7 8 
8 5 7 10 0 1
8 5 11 8 
8 5 11 10 0 1
8 5 12 8 0 7
8 5 12 10 0 18
8 5 14 8 0 15
8 4 5 8 0 11
8 2 17 8 0 33
8 5 14 10 0 17
8 5 16 8 0 40
8 5 16 10 0 13
8 5 17 8 0 4
8 5 17 10 0 4
8 5 18 8 0 40
8 5 18 10 0 23
8 5 15 10 0 15
8 6 0 10 
8 6 1 8 0 25
8 6 1 10 0 24
8 6 2 8 0 7
8 6 2 10 0 15
8 6 3 8 0 12
8 6 3 10 0 14
8 6 4 8 0 6
8 6 4 10 0 3
8 6 5 8 0 16
8 6 5 10 0 7
8 6 7 8 0 8
8 6 7 10 0 22
8 6 0 8 
8 6 11 10 0 16
8 6 13 8 0 11
8 6 13 10 0 17
8 6 14 8 0 17
8 6 14 10 
8 6 15 8 0 21
8 6 15 10 0 12
8 6 16 8 0 23
8 6 16 10 0 10
8 6 17 8 0 24
8 6 17 10 0 22
8 6 18 8 0 11
8 5 15 8 0 23
8 7 0 8 0 39
8 7 0 10 0 45
8 7 1 8 0 14
8 7 1 10 0 18
8 7 2 8 0 12
8 7 2 10 0 16
8 7 3 8 0 13
8 7 3 10 0 9
8 7 4 8 0 13
8 7 4 10 0 13
8 3 14 8 0 33
8 7 5 8 
8 6 11 8 0 14
8 7 6 8 0 6
8 7 12 8 0 22
8 7 12 10 0 17
8 7 13 8 0 1
8 7 13 10 0 1
8 7 14 8 0 9
8 7 14 10 0 8
8 7 15 8 0 33
8 7 15 10 0 18
8 7 16 8 0 16
8 7 16 10 0 18
8 7 17 8 0 11
8 7 17 10 0 7
8 7 18 8 0 39
8 7 18 10 0 34
8 11 0 8 0 44
8 11 0 10 0 40
8 11 1 8 0 17
8 11 1 10 0 14
8 11 2 8 0 13
8 11 2 10 0 12
8 11 3 8 0 8
8 11 3 10 0 12
8 11 4 8 0 10
8 11 4 10 0 14
8 11 5 8 
8 11 5 10 
8 11 6 8 0 14
8 7 6 10 0 14
8 11 6 10 0 8
8 11 12 10 0 22
8 11 13 8 0 1
8 11 13 10 0 1
8 11 14 8 0 8
8 11 14 10 0 10
8 11 15 8 0 15
8 11 15 10 0 24
8 11 16 8 0 18
8 11 16 10 0 16
8 11 17 8 0 9
8 11 17 10 0 10
8 11 12 8 0 16
8 11 18 10 0 37
8 12 0 8 
8 12 0 10 
8 12 1 8 0 23
8 12 1 10 0 25
8 12 2 8 0 18
8 12 2 10 0 8
8 12 3 8 0 9
8 12 3 10 0 15
8 12 4 8 0 3
8 12 4 10 0 6
8 12 5 8 0 8
8 11 18 8 0 33
8 12 7 8 0 22
8 12 7 10 0 6
8 12 11 8 0 17
8 12 11 10 0 14
8 12 13 8 0 18
8 12 13 10 0 12
8 12 14 8 
8 12 14 10 0 12
8 12 15 8 0 11
8 12 15 10 0 23
8 12 16 8 0 10
8 12 16 10 0 25
8 12 17 8 0 21
8 12 5 10 0 14
8 12 18 8 0 4
8 12 18 10 0 11
8 13 0 8 0 39
8 13 0 10 0 39
8 13 1 8 0 16
8 13 1 10 0 23
8 13 2 8 0 35
8 12 17 10 0 24
8 13 3 8 0 6
8 13 3 10 0 14
8 13 4 8 0 12
8 13 4 10 0 11
8 13 6 8 0 12
8 13 6 10 0 16
8 13 7 8 0 1
8 13 7 10 
8 13 11 8 0 1
8 13 2 10 0 11
8 13 11 10 
8 13 12 8 0 17
8 6 18 10 0 4
8 13 14 10 0 14
8 13 15 8 0 16
8 13 15 10 0 25
8 13 14 8 0 17
8 13 16 8 0 12
8 13 12 10 0 8
8 13 16 10 0 42
8 13 18 8 0 22
8 13 18 10 0 34
8 13 17 10 0 5
8 14 0 8 0 47
8 14 1 8 0 21
8 14 1 10 0 25
8 14 0 10 0 45
8 14 2 8 
8 14 3 8 0 33
8 7 5 10 
8 14 3 10 0 34
8 13 17 8 0 4
8 14 2 10 0 11
8 14 5 8 0 14
8 14 5 10 0 11
8 14 6 8 0 12
8 14 11 8 0 8
8 14 11 10 0 10
8 14 6 10 0 6
8 14 7 10 0 13
8 14 12 10 0 3
8 14 13 10 0 12
8 14 15 8 0 34
8 14 15 10 0 40
8 14 13 8 0 17
8 14 16 10 0 10
8 14 16 8 0 18
8 14 17 10 0 22
8 14 12 8 
8 14 17 8 0 17
8 14 7 8 0 10
8 14 18 8 0 62
8 14 18 10 0 23
8 15 0 8 0 28
8 15 0 10 0 37
8 15 1 8 0 10
8 15 2 10 0 30
8 15 2 8 0 25
8 15 4 10 0 33
8 15 5 10 0 13
8 15 1 10 0 20
8 15 6 10 0 12
8 15 7 8 0 24
8 15 7 10 0 13
8 15 6 8 0 23
8 15 4 8 0 40
8 15 5 8 0 25
8 15 11 10 0 8
8 15 12 8 0 12
8 15 11 8 0 18
8 15 13 8 0 15
8 15 14 8 0 31
8 15 16 8 0 29
8 15 16 10 0 28
8 15 17 8 0 36
8 15 17 10 0 16
8 15 18 8 0 38
8 15 18 10 0 15
8 16 0 8 0 30
8 16 0 10 0 51
8 16 1 8 0 43
8 16 1 10 0 47
8 16 3 8 0 28
8 16 3 10 0 28
8 16 4 8 0 10
8 16 4 10 0 9
8 16 5 8 0 42
8 15 12 10 0 9
8 16 6 8 0 25
8 16 6 10 0 7
8 16 7 8 0 16
8 16 7 10 0 12
8 16 11 8 0 18
8 16 11 10 0 13
8 16 5 10 0 12
8 16 12 10 0 18
8 16 13 8 0 13
8 16 13 10 0 35
8 16 14 8 0 18
8 16 14 10 
8 16 15 8 0 30
8 16 15 10 0 25
8 16 17 8 0 61
8 16 17 10 0 28
8 16 18 8 0 47
8 16 18 10 0 48
8 17 0 8 0 39
8 17 0 10 0 29
8 16 12 8 0 10
8 17 2 10 0 43
8 17 3 8 0 16
8 17 3 10 0 21
8 17 4 8 0 22
8 17 4 10 0 26
8 17 5 8 0 5
8 17 5 10 0 22
8 17 6 8 0 24
8 17 6 10 0 25
8 17 7 8 0 10
8 17 7 10 0 14
8 17 11 8 0 7
8 17 11 10 0 17
8 17 12 8 0 22
8 17 12 10 0 23
8 17 13 8 0 4
8 17 13 10 0 16
8 17 14 8 0 18
8 17 14 10 0 21
8 17 15 8 0 38
8 17 15 10 0 10
8 17 2 8 0 28
8 17 16 10 0 43
8 17 16 8 0 51
8 17 18 8 0 43
8 17 18 10 0 33
8 18 1 8 0 33
8 18 2 8 0 48
8 18 2 10 0 62
8 18 3 8 0 15
8 18 3 10 0 41
8 18 1 10 0 30
8 18 4 8 0 23
8 18 4 10 0 47
8 18 5 8 0 34
8 18 5 10 0 40
8 18 6 8 0 11
8 18 6 10 
8 18 7 8 0 37
8 15 13 10 0 6
8 18 11 10 0 44
8 15 14 10 0 33
8 18 7 10 0 39
8 18 11 8 0 34
8 18 12 8 0 4
8 18 13 10 0 39
8 18 14 8 0 74
8 18 15 8 0 41
8 18 12 10 
8 18 15 10 0 28
8 18 16 10 0 30
8 18 17 8 0 37
8 18 17 10 0 39
8 18 16 8 0 52
8 18 14 10 0 47
8 18 13 8 0 23
