0 1 3 18 0 30
0 1 4 0 0 78
0 1 4 18 0 59
0 1 2 18 0 141
0 1 2 0 0 169
0 1 6 0 0 72
0 1 6 18 0 61
0 1 5 0 0 52
0 1 7 0 0 88
0 1 8 0 0 46
0 1 8 18 0 37
0 1 3 0 0 52
0 1 10 0 0 40
0 1 10 18 0 39
0 1 11 18 0 59
0 1 12 0 0 56
0 1 12 18 0 58
0 1 13 0 0 77
0 1 13 18 0 73
0 1 14 0 0 83
0 1 7 18 0 65
0 1 15 0 0 61
0 1 11 0 0 58
0 1 16 0 0 71
0 1 16 18 0 87
0 2 1 0 0 169
0 1 14 18 0 100
0 1 15 18 0 60
0 2 1 18 0 63
0 2 3 18 0 29
0 2 4 18 0 224
0 2 5 0 0 80
0 2 5 18 0 45
0 2 6 0 0 37
0 2 3 0 0 31
0 2 4 0 0 82
0 2 7 18 0 29
0 2 8 0 0 46
0 2 8 18 0 28
0 2 10 0 0 47
0 2 10 18 0 54
0 2 11 0 0 44
0 2 11 18 0 43
0 2 12 0 0 64
0 2 12 18 0 76
0 2 13 0 0 62
0 2 7 0 0 40
0 2 14 0 0 93
0 2 14 18 0 85
0 2 15 0 0 49
0 2 15 18 0 60
0 2 17 0 0 129
0 2 17 18 0 87
0 3 1 0 0 52
0 3 1 18 0 65
0 3 2 0 0 31
0 3 2 18 0 40
0 3 4 0 0 36
0 3 4 18 0 44
0 3 5 0 
0 2 13 18 0 38
0 3 6 0 0 45
0 3 6 18 0 53
0 3 7 0 0 31
0 3 7 18 0 16
0 3 8 0 0 14
0 3 8 18 0 15
0 3 10 0 0 19
0 3 10 18 0 10
0 3 11 0 0 21
0 3 11 18 0 20
0 1 5 18 0 54
0 3 5 18 
0 2 6 18 0 51
0 3 12 0 0 21
0 3 12 18 0 38
0 3 13 0 0 27
0 3 16 0 0 39
0 3 14 18 0 39
0 3 14 0 0 37
0 3 13 18 0 33
0 3 16 18 0 60
0 3 17 0 0 30
0 3 17 18 0 60
0 4 1 18 0 84
0 4 3 0 0 36
0 4 3 18 0 27
0 4 5 0 0 39
0 4 5 18 0 33
0 4 6 0 0 17
0 4 6 18 0 14
0 4 7 0 0 10
0 4 7 18 0 12
0 4 8 0 0 37
0 4 2 18 0 81
0 4 10 0 0 53
0 4 10 18 0 33
0 4 11 0 0 13
0 4 8 18 0 46
0 4 2 0 0 82
0 4 12 0 0 25
0 4 13 0 0 38
0 4 13 18 0 49
0 4 15 0 0 38
0 4 15 18 0 39
0 4 16 0 0 193
0 4 16 18 0 85
0 4 17 0 0 50
0 4 17 18 0 100
0 5 1 0 0 52
0 5 1 18 0 63
0 5 2 0 0 80
0 5 2 18 0 61
0 5 3 0 
0 4 12 18 0 20
0 5 3 18 0 27
0 5 4 18 0 46
0 5 6 0 0 45
0 5 6 18 0 23
0 5 7 0 0 25
0 5 7 18 0 31
0 5 8 0 0 26
0 5 4 0 0 39
0 5 8 18 0 27
0 5 10 18 0 60
0 5 11 0 0 27
0 5 11 18 0 37
0 5 12 0 0 33
0 5 10 0 0 35
0 5 14 0 0 36
0 5 12 18 0 29
0 5 15 0 
0 5 15 18 0 33
0 5 16 0 0 42
0 5 16 18 0 38
0 5 17 0 0 56
0 5 17 18 0 73
0 6 1 0 0 72
0 6 1 18 0 53
0 6 2 0 0 37
0 6 2 18 0 66
0 6 3 0 0 45
0 6 3 18 0 21
0 6 4 0 0 17
0 6 4 18 0 25
0 6 5 0 0 45
0 6 5 18 0 26
0 6 7 0 0 9
0 6 7 18 0 21
0 6 8 0 
0 6 8 18 
0 5 14 18 0 49
0 6 10 18 0 8
0 6 11 0 0 39
0 6 11 18 0 23
0 6 13 0 0 23
0 6 13 18 0 29
0 6 14 0 0 13
0 6 14 18 0 20
0 6 15 0 0 54
0 6 15 18 0 38
0 6 16 0 0 48
0 6 16 18 0 76
0 6 17 0 0 63
0 6 10 0 0 8
0 7 1 0 0 88
0 4 11 18 0 37
0 6 17 18 0 58
0 7 2 18 0 43
0 7 3 0 0 31
0 7 3 18 0 21
0 7 4 0 0 10
0 7 4 18 0 14
0 7 5 0 0 25
0 7 5 18 0 32
0 7 2 0 0 40
0 7 6 18 0 34
0 7 8 0 0 15
0 7 8 18 0 22
0 7 10 0 0 25
0 7 10 18 0 30
0 7 12 0 0 25
0 7 12 18 0 23
0 7 13 0 0 30
0 4 1 0 0 78
0 7 13 18 0 37
0 7 6 0 0 9
0 7 1 18 0 69
0 7 14 0 0 13
0 7 14 18 0 37
0 7 15 0 0 19
0 7 16 0 0 33
0 7 15 18 0 20
0 7 17 18 0 59
0 8 1 0 0 46
0 8 2 0 0 46
0 8 2 18 0 49
0 8 3 0 0 14
0 8 3 18 0 24
0 8 4 0 0 37
0 8 4 18 0 50
0 8 5 0 0 26
0 8 5 18 0 23
0 8 6 0 
0 8 6 18 0 9
0 8 7 0 0 15
0 8 7 18 0 18
0 8 11 0 0 23
0 7 16 18 0 43
0 8 11 18 0 30
0 8 12 0 
0 8 12 18 0 8
0 8 13 0 0 28
0 8 14 0 0 56
0 8 14 18 0 33
0 8 15 0 0 15
0 8 13 18 0 60
0 8 15 18 0 10
0 8 16 18 0 54
0 8 16 0 0 29
0 8 17 18 0 39
0 10 1 0 0 40
0 8 17 0 0 42
0 10 2 0 0 47
0 10 2 18 0 45
0 10 1 18 0 46
0 10 3 0 0 19
0 10 4 0 0 53
0 10 4 18 0 36
0 10 3 18 0 17
0 10 5 0 0 35
0 10 6 0 0 8
0 10 6 18 
0 10 5 18 0 28
0 10 7 0 0 25
0 8 1 18 0 50
0 10 11 0 0 23
0 10 7 18 0 15
0 10 12 18 
0 10 13 0 0 49
0 10 13 18 0 27
0 10 14 0 0 34
0 10 14 18 0 46
0 10 15 0 0 10
0 10 15 18 0 15
0 10 16 0 0 63
0 10 16 18 0 28
0 10 12 0 0 9
0 10 17 18 0 37
0 11 1 0 0 58
0 11 1 18 0 77
0 10 17 0 0 41
0 11 2 0 0 44
0 11 2 18 0 46
0 11 3 18 0 24
0 11 4 0 0 13
0 11 4 18 0 10
0 11 5 0 0 27
0 11 5 18 0 34
0 11 6 0 0 39
0 11 6 18 0 9
0 11 8 0 0 23
0 11 8 18 0 15
0 11 10 0 0 23
0 11 3 0 0 21
0 10 11 18 0 22
0 11 12 18 0 21
0 11 10 18 0 18
0 11 13 0 0 35
0 11 14 0 0 38
0 11 14 18 0 12
0 11 15 0 0 22
0 11 15 18 0 16
0 11 16 0 0 40
0 11 16 18 0 29
0 11 17 0 0 58
0 11 17 18 0 65
0 12 1 0 0 56
0 12 1 18 0 62
0 12 2 0 0 64
0 12 2 18 0 47
0 12 3 0 0 21
0 12 3 18 0 43
0 12 4 0 0 25
0 12 4 18 0 18
0 12 5 0 0 33
0 12 5 18 0 40
0 12 7 0 0 25
0 12 7 18 0 9
0 12 8 0 
0 12 8 18 
0 12 10 0 0 9
0 12 10 18 0 9
0 12 11 0 0 24
0 12 11 18 0 34
0 12 13 0 0 27
0 12 13 18 0 23
0 12 14 0 0 19
0 12 14 18 0 14
0 12 15 0 0 34
0 12 15 18 0 53
0 12 16 0 0 60
0 12 16 18 0 51
0 12 17 0 0 58
0 12 17 18 0 61
0 13 1 0 0 77
0 13 1 18 0 61
0 13 2 0 0 62
0 13 2 18 0 83
0 13 3 0 0 27
0 13 3 18 
0 13 4 0 0 38
0 13 4 18 0 40
0 13 6 0 0 23
0 13 6 18 0 40
0 13 7 0 0 30
0 13 7 18 0 34
0 13 8 0 0 28
0 13 8 18 0 28
0 13 10 0 0 49
0 11 13 18 0 31
0 13 11 0 0 35
0 13 11 18 0 32
0 13 12 0 0 27
0 13 12 18 0 26
0 13 14 0 0 55
0 13 14 18 0 33
0 13 15 0 0 26
0 13 15 18 
0 13 16 0 0 38
0 13 16 18 0 45
0 13 17 0 0 68
0 13 17 18 0 54
0 14 1 0 0 83
0 13 10 18 0 23
0 14 2 0 0 93
0 14 2 18 0 78
0 11 12 0 0 24
0 7 17 0 0 72
0 14 3 0 0 37
0 14 3 18 0 36
0 14 1 18 0 67
0 14 5 0 0 36
0 14 6 18 0 18
0 14 7 18 0 10
0 14 8 0 0 56
0 14 8 18 0 36
0 14 7 0 0 13
0 14 10 0 0 34
0 14 11 0 0 38
0 14 11 18 0 14
0 14 12 0 0 19
0 14 12 18 0 25
0 14 13 0 0 55
0 14 13 18 0 46
0 14 15 0 0 41
0 14 15 18 0 44
0 14 16 0 0 65
0 14 16 18 0 224
0 14 17 0 0 86
0 14 17 18 0 59
0 15 1 0 0 61
0 15 1 18 0 40
0 15 2 0 0 49
0 15 2 18 0 31
0 15 4 0 0 38
0 15 4 18 0 36
0 15 5 0 
0 15 5 18 
0 15 6 0 0 54
0 15 6 18 0 43
0 15 7 0 0 19
0 15 7 18 0 24
0 15 8 0 0 15
0 15 8 18 0 17
0 15 10 0 0 10
0 14 10 18 0 50
0 15 11 0 0 22
0 15 11 18 0 21
0 15 12 0 0 34
0 15 12 18 0 21
0 15 13 0 0 26
0 15 13 18 0 27
0 15 10 18 0 24
0 15 14 0 0 41
0 14 6 0 0 13
0 15 14 18 0 27
0 15 17 0 0 61
0 15 16 18 0 29
0 16 1 0 0 71
0 15 17 18 0 30
0 16 3 0 0 39
0 16 3 18 0 31
0 16 4 0 0 193
0 14 5 18 0 40
0 15 16 0 0 58
0 16 1 18 0 184
0 16 4 18 0 78
0 16 5 0 0 42
0 16 5 18 0 83
0 16 6 0 0 48
0 16 6 18 0 47
0 16 7 0 0 33
0 16 7 18 0 46
0 16 8 0 0 29
0 16 8 18 0 45
0 16 10 0 0 63
0 16 10 18 0 49
0 16 11 0 0 40
0 16 11 18 0 43
0 16 12 0 0 60
0 16 12 18 0 66
0 16 13 0 0 38
0 16 13 18 0 61
0 16 14 0 0 65
0 16 17 0 0 79
0 16 17 18 0 141
0 17 2 0 0 129
0 17 2 18 0 184
0 17 3 0 0 30
0 17 3 18 0 40
0 16 15 18 0 40
0 16 15 0 0 58
0 17 5 0 0 56
0 17 5 18 0 61
0 17 4 0 0 50
0 17 6 18 0 62
0 17 7 0 0 72
0 17 6 0 0 63
0 17 8 0 0 42
0 17 8 18 0 46
0 17 10 0 0 41
0 17 7 18 0 77
0 17 4 18 0 67
0 17 11 18 0 69
0 17 12 0 0 58
0 17 12 18 0 53
0 17 13 0 0 68
0 17 11 0 0 58
0 17 14 0 0 86
0 17 14 18 0 84
0 17 15 0 0 61
0 17 15 18 0 65
0 17 16 0 0 79
0 17 16 18 0 63
1 0 2 1 0 169
1 0 2 17 0 87
1 0 3 1 0 52
0 17 13 18 0 63
1 0 3 17 0 60
1 0 4 17 0 100
1 0 5 1 0 52
1 0 5 17 0 73
1 0 6 1 0 72
1 0 6 17 0 58
1 0 4 1 0 78
1 0 7 1 0 88
1 0 8 1 0 46
1 0 7 17 0 59
1 0 8 17 0 39
1 0 10 1 0 40
1 0 10 17 0 37
1 0 11 17 0 65
1 0 11 1 0 58
1 0 12 1 0 56
1 0 13 1 0 77
1 0 12 17 0 61
1 0 14 1 0 83
1 0 14 17 0 59
1 0 15 1 0 61
1 0 15 17 0 30
1 0 16 1 0 71
1 0 16 17 0 141
1 2 0 1 0 169
1 2 0 17 0 63
1 2 3 1 0 240
1 2 3 17 0 106
0 16 14 18 0 81
1 2 4 1 0 62
1 0 13 17 0 54
0 17 10 18 0 50
1 2 4 17 0 30
1 2 6 1 0 24
1 2 6 17 0 9
1 2 7 17 0 23
1 2 7 1 0 33
1 2 8 17 0 22
1 2 10 1 0 30
1 2 10 17 0 23
1 2 8 1 0 27
1 2 11 17 0 16
1 2 5 17 0 42
1 2 12 1 0 50
1 2 13 1 0 68
1 2 12 17 0 27
1 2 13 17 0 36
1 2 14 17 0 57
1 2 14 1 0 60
1 2 15 1 0 70
1 2 18 1 0 79
1 2 18 17 0 141
1 2 15 17 0 60
1 3 0 1 0 52
1 3 2 1 0 240
1 3 2 17 0 73
1 3 4 1 0 37
1 3 0 17 0 65
1 3 4 17 0 36
1 3 5 17 0 99
1 3 6 1 0 20
1 3 6 17 0 10
1 3 5 1 0 54
1 3 7 1 0 59
1 3 8 1 0 19
1 3 8 17 0 12
1 3 10 1 0 17
1 3 10 17 0 18
1 3 11 1 0 55
1 3 7 17 0 40
1 3 12 1 0 15
1 3 11 17 0 67
1 3 13 1 0 56
1 3 13 17 0 58
1 3 14 1 0 42
1 3 14 17 0 44
1 3 16 1 0 97
1 3 16 17 0 60
1 3 12 17 0 16
1 3 18 1 0 61
1 3 18 17 0 30
1 4 0 17 0 84
1 4 0 1 0 78
1 4 2 17 0 81
1 4 2 1 0 62
1 4 3 1 0 37
1 4 3 17 0 42
1 4 5 17 0 35
1 4 6 1 0 43
1 4 5 1 0 26
1 4 6 17 0 30
1 4 7 1 0 37
1 4 8 1 0 26
1 4 7 17 0 43
1 4 10 1 0 19
1 4 10 17 0 17
1 4 11 1 0 21
1 2 11 1 0 46
1 4 12 1 0 28
1 4 11 17 0 11
1 4 8 17 0 16
1 2 5 1 0 42
1 4 12 17 0 42
1 4 13 1 0 15
1 4 15 1 0 39
1 4 16 17 0 57
1 4 18 1 0 86
1 4 18 17 0 59
1 5 0 1 0 52
1 5 0 17 0 63
1 5 2 1 0 42
1 5 2 17 0 62
1 4 16 1 0 31
1 5 3 1 0 54
1 5 3 17 0 64
1 5 4 1 0 26
1 5 4 17 0 17
1 4 15 17 0 44
1 4 13 17 0 36
1 5 6 1 0 33
1 5 7 1 
1 5 8 17 0 9
1 5 8 1 0 14
1 5 10 17 0 1
1 5 11 1 0 63
1 5 11 17 0 85
1 5 12 1 0 30
1 5 12 17 0 39
1 5 14 1 0 52
1 5 14 17 0 36
1 5 15 1 0 92
1 5 15 17 0 58
1 5 10 1 0 4
1 5 16 17 0 36
1 5 18 1 0 68
1 5 18 17 0 54
1 6 0 1 0 72
1 6 0 17 0 53
1 6 2 1 0 24
1 6 2 17 0 58
1 6 3 1 0 20
1 6 3 17 0 23
1 6 4 1 0 43
1 6 4 17 0 29
1 5 7 17 
1 6 5 17 0 27
1 6 5 1 0 33
1 5 16 1 0 52
1 6 7 1 0 14
1 5 6 17 0 33
1 6 7 17 0 17
1 6 10 1 0 14
1 6 8 17 0 20
1 6 10 17 0 20
1 6 11 1 0 6
1 6 11 17 0 31
1 6 14 1 0 30
1 6 13 17 0 39
1 6 15 1 0 10
1 6 14 17 0 42
1 6 15 17 0 16
1 6 16 1 0 9
1 6 18 1 0 58
1 6 16 17 0 27
1 6 18 17 0 61
1 7 0 17 0 69
1 7 2 1 0 33
1 7 2 17 0 39
1 7 3 1 0 59
1 7 0 1 0 88
1 7 4 1 0 37
1 7 3 17 0 53
1 7 5 1 
1 6 13 1 0 35
1 7 4 17 0 21
1 7 6 1 0 14
1 7 8 1 0 11
1 7 8 17 0 12
1 7 10 1 0 5
1 7 5 17 0 63
1 7 10 17 0 11
1 7 12 17 0 31
1 7 6 17 0 5
1 6 8 1 0 24
1 7 13 17 0 85
1 7 13 1 
1 7 12 1 0 18
1 7 14 1 0 47
1 7 16 1 0 33
1 7 16 17 0 16
1 7 18 1 0 58
1 7 18 17 0 65
1 8 0 1 0 46
1 8 0 17 0 50
1 8 2 1 0 27
1 7 15 1 0 47
1 8 2 17 0 32
1 8 3 17 0 17
1 8 4 1 0 26
1 8 4 17 0 18
1 8 5 1 0 14
1 7 14 17 0 11
1 8 6 1 0 24
1 8 6 17 0 14
1 8 7 1 0 11
1 8 7 17 0 6
1 8 11 1 0 11
1 8 11 17 0 11
1 8 3 1 0 19
1 8 12 1 0 14
1 8 5 17 0 4
1 8 13 1 0 8
1 8 12 17 0 20
1 8 14 17 0 17
1 8 15 1 0 14
1 8 15 17 0 18
1 8 16 1 0 20
1 8 16 17 0 23
1 8 18 1 0 41
1 8 14 1 0 18
1 8 18 17 0 37
1 8 13 17 0 1
1 7 15 17 0 67
1 10 0 17 0 46
1 10 3 1 0 17
1 10 2 17 0 25
1 10 4 1 0 19
1 10 3 17 0 15
1 10 2 1 0 30
1 10 5 1 0 4
1 10 4 17 0 25
1 10 6 17 0 29
1 10 5 17 0 18
1 10 7 17 0 10
1 10 7 1 0 5
1 10 11 17 0 12
1 10 12 1 0 13
1 10 11 1 0 8
1 10 12 17 0 20
1 10 0 1 0 40
1 10 6 1 0 14
1 10 14 1 0 20
1 10 14 17 0 16
1 10 15 17 0 12
1 10 16 1 0 25
1 10 13 1 0 1
1 10 15 1 0 21
1 10 18 1 0 42
1 10 16 17 0 22
1 10 18 17 0 39
1 11 0 1 0 58
1 11 0 17 0 77
1 11 2 1 0 46
1 11 2 17 0 40
1 11 4 1 0 21
1 11 3 17 0 55
1 11 3 1 0 55
1 11 4 17 0 32
1 11 5 17 
1 11 5 1 0 63
1 11 6 1 0 6
1 10 13 17 0 9
1 11 8 1 0 11
1 11 8 17 0 10
1 11 6 17 0 13
1 11 10 17 0 6
1 11 13 1 0 83
1 11 12 1 0 33
1 11 13 17 
1 11 14 17 0 43
1 11 15 1 0 61
1 11 15 17 0 40
1 11 16 1 0 17
1 11 16 17 0 23
1 11 18 1 0 72
1 11 18 17 0 59
1 11 10 1 0 8
1 12 0 17 0 62
1 12 2 1 0 50
1 12 2 17 0 21
1 12 3 1 0 15
1 12 3 17 0 21
1 12 4 1 0 28
1 12 4 17 0 44
1 12 5 1 0 30
1 12 5 17 0 29
1 12 7 1 0 18
1 12 7 17 0 13
1 12 8 1 0 14
1 12 8 17 0 29
1 12 10 1 0 13
1 12 10 17 0 14
1 12 11 1 0 33
1 12 11 17 0 5
1 12 13 1 0 38
1 12 13 17 0 33
1 12 14 1 0 37
1 12 14 17 0 30
1 12 15 1 0 12
1 12 15 17 0 10
1 12 16 1 0 27
1 12 16 17 0 9
1 12 18 1 0 63
1 12 18 17 0 58
1 13 0 1 0 77
1 13 0 17 0 61
1 13 2 1 0 68
1 11 12 17 0 17
1 13 3 1 0 56
1 13 3 17 0 57
1 13 4 1 0 15
1 13 4 17 0 24
1 11 14 1 0 11
1 13 6 17 0 29
1 13 7 1 
1 13 7 17 
1 13 8 1 0 8
1 13 8 17 0 18
1 13 10 1 0 1
1 13 10 17 0 4
1 13 11 1 0 83
1 13 11 17 0 63
1 13 12 1 0 38
1 13 12 17 0 27
1 13 6 1 0 35
1 13 14 17 0 35
1 13 15 1 0 61
1 13 15 17 0 99
1 13 16 1 0 35
1 12 0 1 0 56
1 13 14 1 0 41
1 13 2 17 0 55
1 14 0 1 0 83
1 13 16 17 0 42
1 14 0 17 0 67
1 14 2 17 0 56
1 14 3 1 0 42
1 14 3 17 0 37
1 14 5 1 0 52
1 14 5 17 0 24
1 14 6 1 0 30
1 14 6 17 0 44
1 14 7 1 0 47
1 14 7 17 0 32
1 13 18 1 0 56
1 14 8 17 0 25
1 14 10 1 0 20
1 14 10 17 0 18
1 14 11 1 0 11
1 13 18 17 0 73
1 14 12 1 0 37
1 14 12 17 0 29
1 14 13 1 0 41
1 14 11 17 0 21
1 14 15 1 0 36
1 14 15 17 0 36
1 14 16 1 0 55
1 14 16 17 0 30
1 14 18 1 0 50
1 14 13 17 0 17
1 14 18 17 0 100
1 15 0 1 0 61
1 14 8 1 0 18
1 15 0 17 0 40
1 15 4 1 0 39
1 15 2 17 0 251
1 15 4 17 0 37
1 15 5 1 0 92
1 15 5 17 0 57
1 15 6 17 0 21
1 15 7 1 0 47
1 15 7 17 0 55
1 15 8 1 0 14
1 15 8 17 0 15
1 15 10 1 0 21
1 15 6 1 0 10
1 15 10 17 0 17
1 15 11 17 0 53
1 15 12 1 0 12
1 15 12 17 0 23
1 15 13 1 0 61
1 15 2 1 0 70
1 15 13 17 0 64
1 15 14 1 0 36
1 15 16 1 0 61
1 14 2 1 0 60
1 15 16 17 0 106
1 15 14 17 0 42
1 15 11 1 0 61
1 15 18 17 0 60
1 16 0 17 0 184
1 16 3 17 0 251
1 16 4 1 0 31
1 16 4 17 0 56
1 16 5 1 0 52
1 16 5 17 0 55
1 16 6 1 0 9
1 16 6 17 0 21
1 16 7 1 0 33
1 16 7 17 0 40
1 16 8 1 0 20
1 16 3 1 0 97
1 16 10 1 0 25
1 16 10 17 0 32
1 16 11 1 0 17
1 16 11 17 0 39
1 16 12 1 0 27
1 16 12 17 0 58
1 16 13 1 0 35
1 16 13 17 0 62
1 16 14 1 0 55
1 16 14 17 0 81
1 16 15 1 0 61
1 16 15 17 0 73
1 16 18 1 0 129
1 16 18 17 0 87
1 18 2 1 0 79
1 18 2 17 0 184
1 16 8 17 0 25
1 16 0 1 0 71
1 15 18 1 0 30
1 18 3 17 0 40
1 18 5 1 0 68
1 18 5 17 0 61
1 18 4 17 0 67
1 18 6 17 0 62
1 18 7 1 0 58
1 18 7 17 0 77
1 18 8 1 0 41
1 18 8 17 0 46
1 18 10 1 0 42
1 18 10 17 0 50
1 18 11 1 0 72
1 18 6 1 0 58
1 18 11 17 0 69
1 18 12 17 0 53
1 18 13 1 0 56
1 18 13 17 0 63
1 18 14 1 0 50
1 18 14 17 0 84
1 18 15 1 0 30
1 18 15 17 0 65
1 18 16 1 0 129
1 18 16 17 0 63
2 0 1 2 0 169
2 0 1 16 0 87
2 0 3 2 0 31
2 0 3 16 0 60
2 0 4 2 0 82
2 0 4 16 0 85
2 0 5 2 0 80
2 0 5 16 0 38
2 0 6 2 0 37
2 0 6 16 0 76
1 18 12 1 0 63
2 0 7 16 0 43
2 0 8 2 0 46
1 18 4 1 0 86
2 0 8 16 0 54
2 0 10 16 0 28
2 0 11 2 0 44
2 0 11 16 0 29
2 0 12 2 0 64
2 0 12 16 0 51
2 0 13 2 0 62
2 0 13 16 0 45
2 0 14 2 0 93
2 0 14 16 0 224
2 0 15 2 0 49
2 0 15 16 0 29
2 0 17 2 0 129
2 0 17 16 0 63
2 1 0 2 0 169
2 1 0 16 0 141
2 1 3 2 0 240
2 1 3 16 0 60
2 1 4 2 0 62
2 1 4 16 0 57
2 1 5 2 0 42
2 1 5 16 0 36
2 1 6 2 0 24
2 1 6 16 0 27
2 1 7 2 0 33
1 18 3 1 0 61
2 1 8 2 0 27
2 1 8 16 0 23
2 1 10 2 0 30
2 1 10 16 0 22
2 1 11 2 0 46
2 1 11 16 0 23
2 1 12 2 0 50
2 1 12 16 0 9
2 1 13 2 0 68
2 1 13 16 0 42
2 1 14 2 0 60
2 1 14 16 0 30
2 1 15 2 0 70
2 1 15 16 0 106
2 1 18 2 0 79
2 1 18 16 0 63
2 3 0 2 0 31
2 3 0 16 0 40
2 3 1 2 0 240
2 3 1 16 0 73
2 3 4 2 0 142
2 3 4 16 0 100
2 1 7 16 0 16
2 3 5 16 0 12
2 3 6 2 0 17
2 3 6 16 0 18
2 3 7 2 0 31
2 3 7 16 0 16
2 3 8 2 0 24
2 3 8 16 0 27
2 3 10 2 0 15
2 3 10 16 0 16
2 3 11 2 0 19
2 3 11 16 0 14
2 3 12 2 0 33
2 3 12 16 0 22
2 3 13 2 0 49
2 3 13 16 0 30
2 3 14 2 0 36
2 3 14 16 0 63
2 3 17 2 0 61
2 3 17 16 0 106
2 3 18 2 0 58
2 3 18 16 0 29
2 4 0 2 0 82
2 4 0 16 0 81
2 4 1 2 0 62
2 0 10 2 0 47
2 4 3 2 0 142
2 4 3 16 0 39
2 4 5 2 0 14
2 4 5 16 0 18
2 4 6 2 0 18
2 4 6 16 0 25
2 4 7 2 0 28
2 4 1 16 0 81
2 4 8 2 0 7
2 4 8 16 
2 4 10 2 0 12
2 4 10 16 0 14
2 4 11 2 0 14
2 4 11 16 0 20
2 4 12 2 0 35
2 3 5 2 0 34
2 4 7 16 0 17
2 4 12 16 0 17
2 4 13 2 0 37
2 4 13 16 0 27
2 0 7 2 0 40
2 4 17 2 0 55
2 4 18 2 0 65
2 4 18 16 0 224
2 5 0 2 0 80
2 5 0 16 0 61
2 5 1 2 0 42
2 5 1 16 0 62
2 4 15 16 0 63
2 5 3 2 0 34
2 5 3 16 0 66
2 5 4 2 0 14
2 4 17 16 0 30
2 4 15 2 0 95
2 5 4 16 0 33
2 5 6 2 0 28
2 5 6 16 0 20
2 5 8 16 0 38
2 5 10 2 0 12
2 5 10 16 0 16
2 5 11 2 0 9
2 5 11 16 0 27
2 5 12 2 0 17
2 5 12 16 0 38
2 5 14 2 0 15
2 5 7 2 0 9
2 5 14 16 0 27
2 5 7 16 0 17
2 5 15 2 0 11
2 5 8 2 0 12
2 5 18 2 0 38
2 5 18 16 0 45
2 6 0 2 0 37
2 6 0 16 0 66
2 6 1 2 0 24
2 6 1 16 0 58
2 6 3 2 0 17
2 6 3 16 0 35
2 6 4 2 0 18
2 6 4 16 0 35
2 6 5 2 0 28
2 6 5 16 0 20
2 6 7 2 0 9
2 6 7 16 0 8
2 6 8 2 0 23
2 6 8 16 0 19
2 6 10 2 0 8
2 6 10 16 0 22
2 6 11 2 0 10
2 5 17 16 0 42
2 6 11 16 0 31
2 6 13 16 0 38
2 6 14 2 0 22
2 6 14 16 0 17
2 6 15 2 0 21
2 6 15 16 0 22
2 6 17 2 0 27
2 6 17 16 0 9
2 6 18 2 0 60
2 6 18 16 0 51
2 7 0 2 0 40
2 7 0 16 0 43
2 7 1 2 0 33
2 7 1 16 0 39
2 6 13 2 0 21
2 7 3 16 0 18
2 7 4 2 0 28
2 7 4 16 0 14
2 7 5 2 0 9
2 7 5 16 0 9
2 7 6 2 0 9
2 7 6 16 0 11
2 7 8 2 0 9
2 7 8 16 0 11
2 7 10 2 0 8
2 7 10 16 0 11
2 7 12 2 0 10
2 7 12 16 0 31
2 7 13 2 0 13
2 7 13 16 0 27
2 7 14 2 0 19
2 7 3 2 0 31
2 7 15 2 0 16
2 7 15 16 0 14
2 7 17 2 0 17
2 7 17 16 0 23
2 7 18 2 0 40
2 7 18 16 0 29
2 8 0 2 0 46
2 8 0 16 0 49
2 8 1 2 0 27
2 8 1 16 0 32
2 8 3 2 0 24
2 5 17 2 0 35
2 5 15 16 0 30
2 8 3 16 0 18
2 8 5 2 0 12
2 8 5 16 0 12
2 8 6 2 0 23
2 8 6 16 0 6
2 8 7 2 0 9
2 8 7 16 0 9
2 8 11 2 0 13
2 8 11 16 0 11
2 8 12 2 0 23
2 8 4 16 0 13
2 8 13 2 0 33
2 8 13 16 0 16
2 8 12 16 0 22
2 8 14 2 
2 8 15 2 0 23
2 8 15 16 0 16
2 8 17 2 0 25
2 8 17 16 0 22
2 8 18 2 0 63
2 8 18 16 0 28
2 10 0 2 0 47
2 10 0 16 0 45
2 10 1 2 0 30
2 10 1 16 0 25
2 10 3 2 0 15
2 8 14 16 0 14
2 7 14 16 0 20
2 10 3 16 0 24
2 10 4 2 0 12
2 8 4 2 0 7
2 10 4 16 0 8
2 10 6 16 0 24
2 10 6 2 0 8
2 10 7 2 0 8
2 10 7 16 0 11
2 10 5 16 0 11
2 10 11 2 0 10
2 10 12 2 0 27
2 10 11 16 0 11
2 10 12 16 0 19
2 10 14 2 0 12
2 10 13 16 0 38
2 10 14 16 
2 10 15 16 0 27
2 10 17 2 0 20
2 10 17 16 0 23
2 10 15 2 0 17
2 10 18 16 0 54
2 10 18 2 0 29
2 11 0 2 0 44
2 11 1 2 0 46
2 11 1 16 0 40
2 11 3 2 0 19
2 11 3 16 0 32
2 11 4 2 0 14
2 11 4 16 0 28
2 11 5 2 0 9
2 11 5 16 0 10
2 11 6 2 0 10
2 11 6 16 0 9
2 11 8 2 0 13
2 11 8 16 0 11
2 11 0 16 0 46
2 11 10 2 0 10
2 11 10 16 0 9
2 11 12 16 0 8
2 11 13 2 0 17
2 11 13 16 0 17
2 11 12 2 0 30
2 11 14 2 0 23
2 11 15 2 0 17
2 11 15 16 0 16
2 11 17 2 0 33
2 10 5 2 0 12
2 11 14 16 0 17
2 10 13 2 0 16
2 11 17 16 0 16
2 12 0 16 0 47
2 12 1 2 0 50
2 12 1 16 0 21
2 12 3 2 0 33
2 12 3 16 0 15
2 12 4 2 0 35
2 12 4 16 0 20
2 12 5 2 0 17
2 12 0 2 0 64
2 12 5 16 0 24
2 12 7 16 0 9
2 12 8 2 0 23
2 12 8 16 0 24
2 12 10 2 0 27
2 12 10 16 0 6
2 12 11 2 0 30
2 12 11 16 0 11
2 12 13 2 0 33
2 12 13 16 0 20
2 12 14 2 0 19
2 12 14 16 0 25
2 12 15 2 0 27
2 12 15 16 0 18
2 11 18 2 0 33
2 11 18 16 0 43
2 12 7 2 0 10
2 12 17 2 0 9
2 12 17 16 0 27
2 13 0 2 0 62
2 12 18 2 0 48
2 12 18 16 0 76
2 13 3 2 0 49
2 13 3 16 0 39
2 13 4 2 0 37
2 13 4 16 0 18
2 13 6 2 0 21
2 13 6 16 0 24
2 13 7 2 0 13
2 13 7 16 0 10
2 13 1 16 0 55
2 13 8 16 0 11
2 13 8 2 0 33
2 13 10 2 0 16
2 13 1 2 0 68
2 13 11 2 0 17
2 13 10 16 0 12
2 13 12 16 0 20
2 13 12 2 0 33
2 13 14 16 0 18
2 13 14 2 0 24
2 13 15 2 0 35
2 13 17 2 0 52
2 13 17 16 0 36
2 13 18 2 0 42
2 13 11 16 0 9
2 13 18 16 0 38
2 14 0 16 0 78
2 14 1 2 0 60
2 13 15 16 0 12
2 14 1 16 0 56
2 14 3 16 0 128
2 14 5 2 0 15
2 14 5 16 0 18
2 14 6 2 0 22
2 14 6 16 0 20
2 14 7 2 0 19
2 14 7 16 0 28
2 14 3 2 0 36
2 14 8 2 
2 14 8 16 0 8
2 14 10 2 0 12
2 14 11 2 0 23
2 14 11 16 0 14
2 14 10 16 0 13
2 14 12 16 0 35
2 14 13 2 0 24
2 14 12 2 0 19
2 14 13 16 0 33
2 13 0 16 0 83
2 14 15 16 0 100
2 14 15 2 0 69
2 14 17 2 0 31
2 14 17 16 0 57
2 15 0 2 0 49
2 15 0 16 0 31
2 15 1 2 0 70
2 14 18 16 0 85
2 15 1 16 0 251
2 15 4 16 0 128
2 15 5 2 0 11
2 14 0 2 0 93
2 15 4 2 0 95
2 14 18 2 0 193
2 15 7 2 0 16
2 15 7 16 0 32
2 15 8 2 0 23
2 15 8 16 0 24
2 15 10 2 0 17
2 15 6 2 0 21
2 15 11 2 0 17
2 15 11 16 0 18
2 15 12 2 0 27
2 15 12 16 0 35
2 15 13 2 0 35
2 15 13 16 0 66
2 15 14 2 0 69
2 15 10 16 0 18
2 15 14 16 0 39
2 15 17 16 0 60
2 15 18 2 0 39
2 15 18 16 0 60
2 17 0 2 0 129
2 15 17 2 0 97
2 17 3 2 0 61
2 17 3 16 0 251
2 15 6 16 0 15
2 17 4 16 0 56
2 17 4 2 0 55
2 17 5 2 0 35
2 17 6 2 0 27
2 15 5 16 0 39
2 17 7 2 0 17
2 17 7 16 0 40
2 17 5 16 0 55
2 17 6 16 0 21
2 17 8 16 0 25
2 17 10 16 0 32
2 17 11 2 0 33
2 17 11 16 0 39
2 17 12 2 0 9
2 17 12 16 0 58
2 17 10 2 0 20
2 17 13 2 0 52
2 17 14 2 0 31
2 17 14 16 0 81
2 17 15 2 0 97
2 17 15 16 0 73
2 17 18 2 0 71
2 17 13 16 0 62
2 17 8 2 0 25
2 17 18 16 0 87
2 18 1 2 0 79
2 18 3 2 0 58
2 18 4 2 0 65
2 18 4 16 0 78
2 18 5 2 0 38
2 18 5 16 0 83
2 18 6 2 0 60
2 18 6 16 0 47
2 18 3 16 0 31
2 18 7 2 0 40
2 18 1 16 0 184
2 18 7 16 0 46
2 17 0 16 0 184
2 18 8 2 0 63
2 18 10 2 0 29
2 18 11 16 0 43
2 18 12 2 0 48
2 18 12 16 0 66
2 18 13 2 0 42
2 18 13 16 0 61
2 18 14 2 0 193
2 18 14 16 0 81
2 18 15 2 0 39
2 18 8 16 0 45
2 18 17 2 0 71
2 18 17 16 0 141
3 0 1 3 0 52
2 18 10 16 0 49
2 18 15 16 0 40
3 0 2 3 0 31
2 18 11 2 0 33
3 0 4 15 0 39
3 0 5 3 
3 0 4 3 0 36
3 0 5 15 0 33
3 0 1 15 0 60
3 0 2 15 0 60
3 0 7 3 0 31
3 0 6 15 0 38
3 0 8 15 0 10
3 0 10 3 0 19
3 0 10 15 0 15
3 0 8 3 0 14
3 0 11 15 0 16
3 0 12 3 0 21
3 0 12 15 0 53
3 0 13 3 0 27
3 0 13 15 
3 0 14 3 0 37
3 0 11 3 0 21
3 0 16 3 0 39
3 0 16 15 0 40
3 0 17 3 0 30
3 0 17 15 0 65
3 0 7 15 0 20
3 1 0 3 0 52
3 1 2 3 0 240
3 1 2 15 0 60
3 1 4 3 0 37
3 1 4 15 0 44
3 1 5 3 0 54
3 1 5 15 0 58
3 1 6 3 0 20
3 0 14 15 0 44
3 0 6 3 0 45
3 1 6 15 0 16
3 1 7 15 0 67
3 1 8 3 0 19
3 1 10 3 0 17
3 1 8 15 0 18
3 1 10 15 0 12
3 1 7 3 0 59
3 1 0 15 0 30
3 1 11 15 0 40
3 1 13 3 0 56
3 1 13 15 0 99
3 1 14 3 0 42
3 1 14 15 0 36
3 1 16 3 0 97
3 1 16 15 0 73
3 1 12 15 0 10
3 1 18 15 0 65
3 2 0 3 0 31
3 2 0 15 0 29
3 1 18 3 0 61
3 2 1 15 0 106
3 2 4 3 0 142
3 2 4 15 0 63
3 2 1 3 0 240
3 2 5 15 0 30
3 2 5 3 0 34
3 2 6 15 0 22
3 2 7 3 0 31
3 2 7 15 0 14
3 2 8 3 0 24
3 2 8 15 0 16
3 2 10 3 0 15
3 2 10 15 0 27
3 2 11 3 0 19
3 2 11 15 0 16
3 2 12 3 0 33
3 2 12 15 0 18
3 2 13 3 0 49
3 2 13 15 0 12
3 2 14 3 0 36
3 2 14 15 0 100
3 2 17 3 0 61
3 2 17 15 0 73
3 2 18 3 0 58
3 2 18 15 0 40
3 4 0 3 0 36
3 4 0 15 0 27
3 4 1 3 0 37
3 4 1 15 0 42
3 4 2 3 0 142
3 4 2 15 0 39
3 2 6 3 0 17
3 4 5 3 0 11
3 4 6 3 0 9
3 4 5 15 0 45
3 4 6 15 0 5
3 4 7 15 0 11
3 4 8 3 0 26
3 4 8 15 0 12
3 4 10 3 0 17
3 4 10 15 0 23
3 4 11 3 0 19
3 4 11 15 0 19
3 4 7 3 0 23
3 4 12 15 0 10
3 4 12 3 0 8
3 4 13 3 0 20
3 4 16 3 0 69
3 4 13 15 0 11
3 4 17 3 0 36
3 4 16 15 0 100
3 1 12 3 0 15
3 4 18 3 0 41
3 4 18 15 0 44
3 4 17 15 0 36
3 5 1 3 0 54
3 5 1 15 0 64
3 5 2 3 0 34
3 5 2 15 0 66
3 5 4 3 0 11
3 5 0 15 0 27
3 1 11 3 0 55
3 5 4 15 0 17
3 5 6 3 0 9
3 5 0 3 
3 5 6 15 0 5
3 5 8 3 0 7
3 5 7 3 0 12
3 5 10 3 0 6
3 5 11 3 0 19
3 5 7 15 0 21
3 5 11 15 0 20
3 5 8 15 0 3
3 5 12 15 0 6
3 5 10 15 0 19
3 5 12 3 0 7
3 5 14 3 0 40
3 5 14 15 0 11
3 5 16 3 0 35
3 5 16 15 0 12
3 5 17 3 0 61
3 5 17 15 0 99
3 6 0 15 0 21
3 6 1 3 0 20
3 6 1 15 0 23
3 5 18 15 
3 6 2 3 0 17
3 6 4 3 0 9
3 6 4 15 0 10
3 5 18 3 0 26
3 6 5 3 0 9
3 6 7 3 0 9
3 6 7 15 0 6
3 6 8 3 0 6
3 6 8 15 0 6
3 6 0 3 0 45
3 6 5 15 0 8
3 6 10 15 0 10
3 6 10 3 0 15
3 6 13 3 0 5
3 6 2 15 0 35
3 6 13 15 0 6
3 6 11 3 0 3
3 6 11 15 0 5
3 6 14 3 0 9
3 6 16 3 0 27
3 6 16 15 0 18
3 6 14 15 0 10
3 6 17 15 0 10
3 6 18 15 0 53
3 6 18 3 0 34
3 7 0 15 0 21
3 7 0 3 0 31
3 7 1 15 0 53
3 7 2 15 0 18
3 7 4 3 0 23
3 7 4 15 0 20
3 7 5 3 0 12
3 7 5 15 0 20
3 7 6 3 0 9
3 7 6 15 0 3
3 7 8 3 0 3
3 7 8 15 0 4
3 7 1 3 0 59
3 7 10 3 0 11
3 7 2 3 0 31
3 6 17 3 0 12
3 7 10 15 0 9
3 7 13 15 0 20
3 7 14 3 0 12
3 7 14 15 0 19
3 7 12 3 0 7
3 7 16 3 0 17
3 7 16 15 0 16
3 7 13 3 0 22
3 7 18 3 0 22
3 7 18 15 0 16
3 7 12 15 0 5
3 7 17 15 0 40
3 8 0 3 0 14
3 7 17 3 0 61
3 8 1 3 0 19
3 8 0 15 0 24
3 8 1 15 0 17
3 8 2 3 0 24
3 8 2 15 0 18
3 8 4 3 0 26
3 8 5 3 0 7
3 8 6 15 0 12
3 8 7 3 0 3
3 8 7 15 0 13
3 8 11 3 0 3
3 8 11 15 0 9
3 8 12 3 0 6
3 8 12 15 0 10
3 8 13 3 0 3
3 8 13 15 0 19
3 8 14 3 0 13
3 8 5 15 0 7
3 8 16 3 0 17
3 8 16 15 0 27
3 8 17 3 0 21
3 8 17 15 0 12
3 8 18 3 0 10
3 8 6 3 0 6
3 10 0 3 0 19
3 8 18 15 0 15
3 10 0 15 0 17
3 10 1 15 0 15
3 10 1 3 0 17
3 10 2 15 0 24
3 10 2 3 0 15
3 10 4 15 0 20
3 10 5 3 0 6
3 10 4 3 0 17
3 10 5 15 0 9
3 10 6 15 0 5
3 10 7 3 0 11
3 10 6 3 0 15
3 10 7 15 0 3
3 10 11 15 0 4
3 10 11 3 0 8
3 10 12 3 0 9
3 10 12 15 0 6
3 10 13 15 0 3
3 10 13 3 0 19
3 10 14 3 0 21
3 10 14 15 0 12
3 8 14 15 0 23
3 10 16 15 0 16
3 10 16 3 0 23
3 8 4 15 0 16
3 10 17 3 0 14
3 11 0 3 0 21
3 11 0 15 0 24
3 10 18 15 0 10
3 10 18 3 0 15
3 11 1 3 0 55
3 11 2 3 0 19
3 11 4 3 0 19
3 11 1 15 0 55
3 11 4 15 0 21
3 11 2 15 0 32
3 10 17 15 0 18
3 11 6 3 0 3
3 11 8 3 0 3
3 11 5 15 0 11
3 11 6 15 0 9
3 11 8 15 0 3
3 11 10 15 0 13
3 11 12 3 0 5
3 11 13 3 0 24
3 11 13 15 0 21
3 11 14 3 0 21
3 11 14 15 0 11
3 11 12 15 0 6
3 11 16 3 0 16
3 11 10 3 0 8
3 11 5 3 0 19
3 11 16 15 0 14
3 11 17 15 0 67
3 11 17 3 0 47
3 11 18 3 0 19
3 11 18 15 0 20
3 12 0 3 0 21
3 12 0 15 0 43
3 12 1 3 0 15
3 12 1 15 0 21
3 12 2 3 0 33
3 12 2 15 0 15
3 12 4 3 0 8
3 12 4 15 0 8
3 12 5 3 0 7
3 12 5 15 0 6
3 12 7 3 0 7
3 12 8 15 0 5
3 12 10 3 0 9
3 12 10 15 0 12
3 12 11 3 0 5
3 12 8 3 0 6
3 12 11 15 0 3
3 12 13 3 0 5
3 12 14 3 0 11
3 12 14 15 0 5
3 12 16 3 0 21
3 12 13 15 0 5
3 12 17 3 0 10
3 12 16 15 0 22
3 12 18 3 0 54
3 13 0 3 0 27
3 12 17 15 0 16
3 12 18 15 0 38
3 13 0 15 
3 13 1 15 0 57
3 12 7 15 0 9
3 13 1 3 0 56
3 13 2 3 0 49
3 13 2 15 0 39
3 13 4 15 0 12
3 13 6 3 0 5
3 13 7 3 0 22
3 13 7 15 0 11
3 13 8 15 0 9
3 13 10 3 0 19
3 13 10 15 0 7
3 13 11 3 0 24
3 13 11 15 0 20
3 13 12 3 0 5
3 13 12 15 0 8
3 13 14 3 0 10
3 13 6 15 0 6
3 13 16 3 0 11
3 13 16 15 0 30
3 13 17 3 0 92
3 13 17 15 0 58
3 13 18 3 
3 13 18 15 0 33
3 14 0 3 0 37
3 14 0 15 0 36
3 14 1 3 0 42
3 14 1 15 0 37
3 14 2 3 0 36
3 14 2 15 0 128
3 14 5 3 0 40
3 14 5 15 0 12
3 14 6 3 0 9
3 14 6 15 0 8
3 14 7 3 0 12
3 14 7 15 0 21
3 14 8 3 0 13
3 14 8 15 0 20
3 14 10 3 0 21
3 14 10 15 0 16
3 14 11 3 0 21
3 14 11 15 0 20
3 14 12 3 0 11
3 14 12 15 0 10
3 14 13 3 0 10
3 14 13 15 0 17
3 14 16 3 0 95
3 14 16 15 0 63
3 14 17 3 0 39
3 14 17 15 0 44
3 14 18 3 0 38
3 14 18 15 0 39
3 16 0 3 0 39
3 16 0 15 0 31
3 16 1 3 0 97
3 16 1 15 0 251
3 16 4 3 0 69
3 16 4 15 0 128
3 16 5 3 0 35
3 16 5 15 0 39
3 16 6 3 0 27
3 13 8 3 0 3
3 16 7 3 0 17
3 16 7 15 0 32
3 16 8 3 0 17
3 13 14 15 0 45
3 16 8 15 0 24
3 16 10 3 0 23
3 16 11 3 0 16
3 16 6 15 0 15
3 16 11 15 0 18
3 16 12 15 0 35
3 16 13 3 0 11
3 16 12 3 0 21
3 16 13 15 0 66
3 16 14 15 0 39
3 16 17 3 0 70
3 16 10 15 0 18
3 13 4 3 0 20
3 16 14 3 0 95
3 16 18 15 0 60
3 17 0 3 0 30
3 17 0 15 0 40
3 17 2 15 0 251
3 17 2 3 0 61
3 17 4 3 0 36
3 17 4 15 0 37
3 17 5 15 0 57
3 16 18 3 0 49
3 17 6 3 0 12
3 17 7 3 0 61
3 17 7 15 0 55
3 17 8 3 0 21
3 17 8 15 0 15
3 17 10 3 0 14
3 17 10 15 0 17
3 17 6 15 0 21
3 17 11 3 0 47
3 17 12 3 0 10
3 17 12 15 0 23
3 17 11 15 0 53
3 17 13 3 0 92
3 17 14 3 0 39
3 16 17 15 0 60
3 17 13 15 0 64
3 17 14 15 0 42
3 17 5 3 0 61
3 17 18 3 0 61
3 18 1 3 0 61
3 18 1 15 0 40
3 17 18 15 0 60
3 18 2 15 0 31
3 18 2 3 0 58
3 18 4 15 0 36
3 18 5 3 0 26
3 18 5 15 
3 18 4 3 0 41
3 18 6 3 0 34
3 17 16 15 0 106
3 17 16 3 0 70
3 18 6 15 0 43
3 18 7 3 0 22
3 18 10 3 0 15
3 18 8 15 0 17
3 18 11 3 0 19
3 18 11 15 0 21
3 18 12 3 0 54
3 18 12 15 0 21
3 18 13 3 
3 18 10 15 0 24
3 18 13 15 0 27
3 18 7 15 0 24
3 18 16 3 0 49
3 18 14 3 0 38
3 18 16 15 0 29
3 18 17 15 0 30
3 18 14 15 0 27
3 18 8 3 0 10
4 0 1 4 0 78
4 0 2 14 0 85
4 0 3 4 0 36
4 0 3 14 0 39
4 0 5 4 0 39
3 18 17 3 0 61
4 0 5 14 0 49
4 0 6 4 0 17
4 0 6 14 0 20
4 0 2 4 0 82
4 0 8 4 0 37
4 0 7 4 0 10
4 0 10 4 0 53
4 0 1 14 0 100
4 0 11 4 0 13
4 0 11 14 0 12
4 0 12 4 0 25
4 0 10 14 0 46
4 0 13 4 0 38
4 0 13 14 0 33
4 0 15 4 0 38
4 0 15 14 0 27
4 0 16 4 0 193
4 0 16 14 0 81
4 0 17 4 0 50
4 0 17 14 0 84
4 1 0 4 0 78
4 1 0 14 0 59
4 1 2 4 0 62
4 1 2 14 0 57
4 1 3 4 0 37
4 1 3 14 0 44
4 1 5 4 0 26
4 1 5 14 0 36
4 1 6 4 0 43
4 1 6 14 0 42
4 1 7 4 0 37
4 0 7 14 0 37
4 1 7 14 0 11
4 1 8 14 0 17
4 1 10 4 0 19
4 1 10 14 0 16
4 1 8 4 0 26
4 1 11 4 0 21
4 1 11 14 0 43
4 1 12 14 0 30
4 1 13 4 0 15
4 1 13 14 0 35
4 0 12 14 0 14
4 1 15 4 0 39
4 1 15 14 0 42
4 1 16 14 0 81
4 1 16 4 0 31
4 1 18 4 0 86
4 2 0 4 0 82
4 2 0 14 0 224
4 2 1 4 0 62
4 2 1 14 0 30
4 1 12 4 0 28
4 2 3 4 0 142
4 0 8 14 0 33
4 2 3 14 0 63
4 2 5 14 0 27
4 2 6 4 0 18
4 1 18 14 0 84
4 2 5 4 0 14
4 2 8 4 0 7
4 2 7 14 0 20
4 2 7 4 0 28
4 2 6 14 0 17
4 2 11 4 0 14
4 2 8 14 0 14
4 2 10 14 
4 2 10 4 0 12
4 2 11 14 0 17
4 2 12 4 0 35
4 2 12 14 0 25
4 2 15 4 0 95
4 2 13 4 0 37
4 2 15 14 0 39
4 2 17 4 0 55
4 2 18 4 0 65
4 3 0 4 0 36
4 2 17 14 0 81
4 3 0 14 0 44
4 3 1 14 0 36
4 3 2 4 0 142
4 3 2 14 0 100
4 3 5 4 0 11
4 3 5 14 0 11
4 3 6 4 0 9
4 3 6 14 0 10
4 3 7 4 0 23
4 3 7 14 0 19
4 2 13 14 0 18
4 3 1 4 0 37
4 3 8 14 0 23
4 2 18 14 0 81
4 3 10 4 0 17
4 3 10 14 0 12
4 3 12 4 0 8
4 3 12 14 0 5
4 3 13 4 0 20
4 3 13 14 0 45
4 3 16 4 0 69
4 3 16 14 0 39
4 3 17 4 0 36
4 3 17 14 0 42
4 3 18 4 0 41
4 3 11 14 0 11
4 5 0 4 0 39
4 5 0 14 0 46
4 3 11 4 0 19
4 5 1 4 0 26
4 5 2 4 0 14
4 5 2 14 0 33
4 5 3 4 0 11
4 5 3 14 0 17
4 5 6 4 0 7
4 5 6 14 0 15
4 3 18 14 0 27
4 5 7 4 0 10
4 5 7 14 0 1
4 5 8 4 0 4
4 5 8 14 0 13
4 5 10 4 0 6
4 5 11 4 0 7
4 5 11 14 0 3
4 5 10 14 0 9
4 5 12 4 0 14
4 5 12 14 0 7
4 5 15 4 0 10
4 5 16 4 0 24
4 5 16 14 0 18
4 5 15 14 0 45
4 5 1 14 0 17
4 5 17 4 0 41
4 5 18 4 0 55
4 5 18 14 0 33
4 6 0 4 0 17
4 5 17 14 0 35
4 3 8 4 0 26
4 6 1 4 0 43
4 6 1 14 0 29
4 6 2 14 0 35
4 6 3 14 0 10
4 6 5 4 0 7
4 6 5 14 0 12
4 6 7 4 0 5
4 6 7 14 0 6
4 6 8 4 0 8
4 6 8 14 0 6
4 6 10 4 
4 6 10 14 0 10
4 6 11 4 0 4
4 6 11 14 0 12
4 6 13 4 0 12
4 6 13 14 0 7
4 6 15 4 0 11
4 6 15 14 0 5
4 6 16 4 0 19
4 6 16 14 0 25
4 6 17 4 0 37
4 6 2 4 0 18
4 6 17 14 0 30
4 6 18 14 0 14
4 7 0 4 0 10
4 7 0 14 0 14
4 7 1 4 0 37
4 7 1 14 0 21
4 7 2 4 0 28
4 7 2 14 0 14
4 7 3 4 0 23
4 7 3 14 0 20
4 7 5 4 0 10
4 7 5 14 0 8
4 7 6 4 0 5
4 7 6 14 0 4
4 7 8 4 0 2
4 7 8 14 0 5
4 7 10 4 0 8
4 7 10 14 0 11
4 7 12 4 0 6
4 7 12 14 0 12
4 7 13 4 0 1
4 7 13 14 0 3
4 7 15 4 0 21
4 7 15 14 0 11
4 6 18 4 0 19
4 7 16 14 0 17
4 7 17 4 0 11
4 7 16 4 0 23
4 7 18 4 0 38
4 7 17 14 0 43
4 6 3 4 0 9
4 8 0 14 0 50
4 8 0 4 0 37
4 8 1 14 0 18
4 8 2 4 0 7
4 8 2 14 0 13
4 8 3 4 0 26
4 8 3 14 0 16
4 8 5 4 0 4
4 8 5 14 0 6
4 8 6 4 0 8
4 8 6 14 
4 8 7 4 0 2
4 8 7 14 0 6
4 8 11 4 0 5
4 6 0 14 0 25
4 7 18 14 0 12
4 8 1 4 0 26
4 8 11 14 0 11
4 8 12 4 0 5
4 8 13 4 0 13
4 8 15 4 0 21
4 8 15 14 0 12
4 8 16 4 0 12
4 8 12 14 0 10
4 8 17 4 0 20
4 8 17 14 0 16
4 8 18 4 0 34
4 10 0 4 0 53
4 10 0 14 0 36
4 10 1 4 0 19
4 8 16 14 
4 10 1 14 0 25
4 8 18 14 0 46
4 10 2 4 0 12
4 8 13 14 0 9
4 10 2 14 0 8
4 10 3 4 0 17
4 10 3 14 0 20
4 10 5 4 0 6
4 10 5 14 0 5
4 10 6 4 
4 10 6 14 0 8
4 10 7 4 0 8
4 10 12 4 0 10
4 10 11 14 0 5
4 10 12 14 0 6
4 10 7 14 0 3
4 10 13 14 0 13
4 10 13 4 0 5
4 10 11 4 0 11
4 10 16 14 0 14
4 10 17 4 0 18
4 10 17 14 0 17
4 10 18 4 0 56
4 10 18 14 0 33
4 10 16 4 
4 11 0 4 0 13
4 10 15 14 0 23
4 10 15 4 0 13
4 11 1 14 0 32
4 11 2 4 0 14
4 11 3 4 0 19
4 11 3 14 0 21
4 11 5 4 0 7
4 11 2 14 0 28
4 11 5 14 0 7
4 11 6 14 0 4
4 11 6 4 0 4
4 11 8 4 0 5
4 11 10 4 0 11
4 11 8 14 0 3
4 11 1 4 0 21
4 11 10 14 0 6
4 11 13 4 0 3
4 11 13 14 0 1
4 11 12 4 0 15
4 11 15 14 0 19
4 11 16 4 0 19
4 11 16 14 0 20
4 11 17 4 0 47
4 11 17 14 0 11
4 11 18 4 0 13
4 11 18 14 0 37
4 12 0 4 0 25
4 12 0 14 0 18
4 12 1 4 0 28
4 12 1 14 0 44
4 12 2 4 0 35
4 11 12 14 0 6
4 12 3 4 0 8
4 12 3 14 0 8
4 12 5 4 0 14
4 12 5 14 0 12
4 12 7 4 0 6
4 12 2 14 0 20
4 12 8 4 0 5
4 11 0 14 0 10
4 12 8 14 0 8
4 12 10 4 0 10
4 12 11 4 0 15
4 12 11 14 0 4
4 12 13 4 0 6
4 12 13 14 0 15
4 12 7 14 0 4
4 12 10 14 
4 12 15 4 0 9
4 12 16 14 0 17
4 12 17 4 0 30
4 12 17 14 0 42
4 12 18 4 0 13
4 12 18 14 0 20
4 11 15 4 0 12
4 13 0 4 0 38
4 13 1 4 0 15
4 13 1 14 0 24
4 12 15 14 0 10
4 13 2 4 0 37
4 13 0 14 0 40
4 12 16 4 0 22
4 13 2 14 0 18
4 13 6 4 0 12
4 13 6 14 0 12
4 13 7 4 0 1
4 13 7 14 0 7
4 13 8 4 0 13
4 13 8 14 0 5
4 13 10 4 0 5
4 13 10 14 0 6
4 13 11 4 0 3
4 13 3 14 0 12
4 13 11 14 0 8
4 13 12 4 0 6
4 13 3 4 0 20
4 13 15 14 0 11
4 13 16 14 0 27
4 13 17 4 0 52
4 13 17 14 0 36
4 13 18 4 0 36
4 13 18 14 0 49
4 15 0 4 0 38
4 15 0 14 0 36
4 15 1 4 0 39
4 15 1 14 0 37
4 15 2 4 0 95
4 15 2 14 0 128
4 15 5 4 0 10
4 15 5 14 0 12
4 15 6 4 0 11
4 15 6 14 0 8
4 15 7 4 0 21
4 15 7 14 0 21
4 15 8 4 0 21
4 13 16 4 0 15
4 15 10 4 0 13
4 15 10 14 0 16
4 15 11 4 0 12
4 13 12 14 0 12
4 15 12 4 0 9
4 15 12 14 0 10
4 15 8 14 0 20
4 15 11 14 0 20
4 15 13 4 0 40
4 15 16 14 0 63
4 15 17 4 0 42
4 13 15 4 0 40
4 15 13 14 0 17
4 15 17 14 0 44
4 15 16 4 0 36
4 15 18 14 0 39
4 16 1 4 0 31
4 16 1 14 0 56
4 16 0 14 0 78
4 16 3 4 0 69
4 16 5 4 0 24
4 16 0 4 0 193
4 16 3 14 0 128
4 16 6 4 0 19
4 16 6 14 0 20
4 16 7 14 0 28
4 16 7 4 0 23
4 16 8 14 0 8
4 16 10 4 
4 16 5 14 0 18
4 16 8 4 0 12
4 16 11 14 0 14
4 16 10 14 0 13
4 16 11 4 0 19
4 16 12 4 0 22
4 15 18 4 0 37
4 16 13 4 0 15
4 16 15 4 0 36
4 16 12 14 0 35
4 16 13 14 0 33
4 16 15 14 0 100
4 16 17 4 0 60
4 16 17 14 0 57
4 16 18 14 0 85
4 17 2 4 0 55
4 17 2 14 0 56
4 17 3 4 0 36
4 17 0 14 0 67
4 17 5 4 0 41
4 17 5 14 0 24
4 17 6 4 0 37
4 17 6 14 0 44
4 17 7 4 0 11
4 17 7 14 0 32
4 17 8 4 0 20
4 17 8 14 0 25
4 17 10 4 0 18
4 17 10 14 0 18
4 17 11 4 0 47
4 17 11 14 0 21
4 17 12 4 0 30
4 17 12 14 0 29
4 17 13 4 0 52
4 17 13 14 0 17
4 17 15 4 0 42
4 16 18 4 0 93
4 17 16 4 0 60
4 17 16 14 0 30
4 17 18 4 0 83
4 17 18 14 0 100
4 18 1 4 0 86
4 18 1 14 0 67
4 18 2 4 0 65
4 17 0 4 0 50
4 18 3 4 0 41
4 18 3 14 0 36
4 18 5 4 0 55
4 18 5 14 0 40
4 18 6 4 0 19
4 17 15 14 0 36
4 18 7 4 0 38
4 18 7 14 0 10
4 18 6 14 0 18
4 18 8 14 0 36
4 18 10 4 0 56
4 18 10 14 0 50
4 18 8 4 0 34
4 18 11 14 0 14
4 18 12 4 0 13
4 18 12 14 0 25
4 18 13 4 0 36
4 18 13 14 0 46
4 18 15 4 0 37
4 18 11 4 0 13
4 18 16 4 0 93
4 18 16 14 0 224
4 18 17 4 0 83
4 18 17 14 0 59
5 0 1 5 0 52
5 0 1 13 0 73
5 0 2 5 0 80
5 0 2 13 0 38
5 0 3 5 
5 0 3 13 0 33
5 0 4 5 0 39
5 0 4 13 0 49
5 0 6 5 0 45
4 18 15 14 0 44
4 17 3 14 0 37
5 0 7 13 0 37
5 0 8 5 0 26
5 0 8 13 0 60
5 0 10 5 0 35
5 0 10 13 0 27
5 0 11 5 0 27
4 18 2 14 0 78
5 0 6 13 0 29
5 0 7 5 0 25
5 0 11 13 0 31
5 0 12 13 0 23
5 0 12 5 0 33
5 0 15 13 0 27
5 0 16 5 0 42
5 0 15 5 
5 0 16 13 0 61
5 0 17 5 0 56
5 1 0 5 0 52
5 1 0 13 0 54
5 1 2 5 0 42
5 1 2 13 0 36
5 1 3 5 0 54
5 1 3 13 0 58
5 1 4 5 0 26
5 1 4 13 0 36
5 1 6 5 0 33
5 1 6 13 0 39
5 0 14 5 0 36
5 1 7 13 0 85
5 1 8 5 0 14
5 1 8 13 0 1
5 0 14 13 0 46
5 1 10 13 0 9
5 1 10 5 0 4
5 0 17 13 0 63
5 1 7 5 
5 1 12 13 0 33
5 1 14 5 0 52
5 1 14 13 0 17
5 1 15 5 0 92
5 1 15 13 0 64
5 1 16 5 0 52
5 1 16 13 0 62
5 1 18 5 0 68
5 1 18 13 0 63
5 2 0 5 0 80
5 2 0 13 0 45
5 1 12 5 0 30
5 2 1 13 0 42
5 2 3 5 0 34
5 2 1 5 0 42
5 2 4 5 0 14
5 2 4 13 0 27
5 2 6 5 0 28
5 2 6 13 0 38
5 2 7 5 0 9
5 2 7 13 0 27
5 2 8 5 0 12
5 2 8 13 0 16
5 2 10 5 0 12
5 2 10 13 0 38
5 2 11 5 0 9
5 2 11 13 0 17
5 2 12 5 0 17
5 2 12 13 0 20
5 1 11 5 0 63
5 2 14 13 0 33
5 2 15 5 0 11
5 2 15 13 0 66
5 2 17 5 0 35
5 2 17 13 0 62
5 2 18 5 0 38
5 2 18 13 0 61
5 3 0 5 
5 3 0 13 
5 3 1 5 0 54
5 3 1 13 0 99
5 3 2 5 0 34
5 3 2 13 0 12
5 3 4 5 0 11
5 3 4 13 0 11
5 2 14 5 0 15
5 3 6 5 0 9
5 2 3 13 0 30
5 3 6 13 0 6
5 1 11 13 
5 3 7 5 0 12
5 3 10 5 0 6
5 3 10 13 0 3
5 3 11 5 0 19
5 3 11 13 0 21
5 3 12 5 0 7
5 3 12 13 0 5
5 3 7 13 0 20
5 3 14 13 0 17
5 3 16 5 0 35
5 3 16 13 0 66
5 3 17 5 0 61
5 3 17 13 0 64
5 3 18 5 0 26
5 3 8 13 0 19
5 4 0 5 0 39
5 4 0 13 0 33
5 4 1 5 0 26
5 4 1 13 0 35
5 4 2 5 0 14
5 4 2 13 0 18
5 4 3 5 0 11
5 4 3 13 0 45
5 4 6 5 0 7
5 4 6 13 0 7
5 4 7 5 0 10
5 4 7 13 0 3
5 4 8 5 0 4
5 4 8 13 0 9
5 4 10 5 0 6
5 3 18 13 0 27
5 4 11 5 0 7
5 4 11 13 0 1
5 4 12 5 0 14
5 4 12 13 0 15
5 4 15 5 0 10
5 3 8 5 0 7
5 3 14 5 0 40
5 4 16 5 0 24
5 4 10 13 0 13
5 4 17 5 0 41
5 4 16 13 0 33
5 4 18 13 0 46
5 6 0 5 0 45
5 6 0 13 0 26
5 4 17 13 0 17
5 6 1 13 0 27
5 6 2 5 0 28
5 6 2 13 0 20
5 6 3 5 0 9
5 6 3 13 0 8
5 6 4 5 0 7
5 6 4 13 0 12
5 6 7 5 0 1
5 6 7 13 0 10
5 6 8 5 0 6
5 6 8 13 0 7
5 6 10 5 0 7
5 6 10 13 0 10
5 6 11 5 0 5
5 6 11 13 0 7
5 6 14 5 0 6
5 6 14 13 0 15
5 6 15 5 0 5
5 6 15 13 0 5
5 6 16 5 0 33
5 4 15 13 0 17
5 4 18 5 0 55
5 6 1 5 0 33
5 6 16 13 0 20
5 6 18 13 0 23
5 7 0 5 0 25
5 6 17 13 0 33
5 7 1 5 
5 7 1 13 0 63
5 7 2 5 0 9
5 7 0 13 0 32
5 7 3 5 0 12
5 7 3 13 0 20
5 7 4 5 0 10
5 7 2 13 0 9
5 7 4 13 0 8
5 7 6 13 0 3
5 7 8 5 
5 7 8 13 
5 7 10 5 0 1
5 7 10 13 0 1
5 7 12 5 0 11
5 7 12 13 0 7
5 7 6 5 0 1
5 7 14 5 0 3
5 7 15 5 0 24
5 7 15 13 0 21
5 7 14 13 0 1
5 7 16 13 0 17
5 7 17 5 0 83
5 7 17 13 
5 7 18 5 0 35
5 7 16 5 0 17
5 7 18 13 0 31
5 8 0 5 0 26
5 6 18 5 0 27
5 8 1 5 0 14
5 6 17 5 0 38
5 8 2 13 0 12
5 8 3 5 0 7
5 8 3 13 0 7
5 8 4 5 0 4
5 8 4 13 0 6
5 8 6 5 0 6
5 8 6 13 0 7
5 8 7 5 
5 8 7 13 0 1
5 8 11 5 
5 8 11 13 0 1
5 8 12 5 0 9
5 8 12 13 0 10
5 8 14 5 0 5
5 8 14 13 0 13
5 8 15 5 0 19
5 8 15 13 0 3
5 8 16 5 0 16
5 8 16 13 0 38
5 8 17 5 0 1
5 8 17 13 0 9
5 8 18 5 0 49
5 8 18 13 0 27
5 10 0 5 0 35
5 10 0 13 0 28
5 8 2 5 0 12
5 10 1 13 0 18
5 10 2 5 0 12
5 10 2 13 0 11
5 10 3 5 0 6
5 10 3 13 0 9
5 10 1 5 0 4
5 8 0 13 0 23
5 10 4 5 0 6
5 10 6 13 0 7
5 8 1 13 0 4
5 10 7 5 0 1
5 10 4 13 0 5
5 10 6 5 0 7
5 10 7 13 
5 10 11 5 0 1
5 10 11 13 
5 10 12 5 0 13
5 10 12 13 0 7
5 10 14 5 0 13
5 10 15 5 0 3
5 10 14 13 0 9
5 10 16 13 0 16
5 10 17 5 0 8
5 10 17 13 0 1
5 10 18 5 0 28
5 10 18 13 0 60
5 11 0 5 0 27
5 10 16 5 0 33
5 11 0 13 0 34
5 10 15 13 0 19
5 11 2 5 0 9
5 11 3 5 0 19
5 11 3 13 0 11
5 11 1 5 0 63
5 11 1 13 
5 11 4 5 0 7
5 11 6 5 0 5
5 11 6 13 0 1
5 11 4 13 0 7
5 11 2 13 0 10
5 11 8 5 
5 11 10 13 0 1
5 11 8 13 
5 11 12 13 0 10
5 11 12 5 0 8
5 11 10 5 0 1
5 11 14 5 0 1
5 11 15 5 0 22
5 11 14 13 0 3
5 11 15 13 0 20
5 11 16 5 0 13
5 11 17 5 
5 11 16 13 0 27
5 12 0 5 0 33
5 12 0 13 0 40
5 11 18 5 0 30
5 11 17 13 0 85
5 12 2 5 0 17
5 12 2 13 0 24
5 12 3 5 0 7
5 12 3 13 0 6
5 12 4 5 0 14
5 12 4 13 0 12
5 12 1 13 0 29
5 12 7 5 0 11
5 12 8 5 0 9
5 12 7 13 0 1
5 11 18 13 0 37
5 12 8 13 0 7
5 12 1 5 0 30
5 12 10 5 0 13
5 12 14 5 0 12
5 12 14 13 0 7
5 12 11 13 0 3
5 12 15 13 0 6
5 12 16 5 0 21
5 12 16 13 0 38
5 12 15 5 0 5
5 12 17 5 0 35
5 12 18 5 0 23
5 12 18 13 0 29
5 12 17 13 0 39
5 14 0 5 0 36
5 12 10 13 0 7
5 14 0 13 0 40
5 12 11 5 0 8
5 14 2 5 0 15
5 14 2 13 0 18
5 14 1 13 0 24
5 14 3 13 0 12
5 14 6 5 0 6
5 14 7 5 0 3
5 14 6 13 0 12
5 14 7 13 0 7
5 14 8 13 0 5
5 14 3 5 0 40
5 14 10 5 0 13
5 14 11 5 0 1
5 14 10 13 0 6
5 14 12 5 0 12
5 14 8 5 0 5
5 14 12 13 0 12
5 14 15 5 0 20
5 14 1 5 0 52
5 14 15 13 0 11
5 14 16 5 0 37
5 14 17 13 0 36
5 14 18 5 0 38
5 14 18 13 0 49
5 15 0 5 
5 14 17 5 0 15
5 14 16 13 0 27
5 15 1 5 0 92
5 15 1 13 0 57
5 15 2 5 0 11
5 15 4 5 0 10
5 15 4 13 0 12
5 15 6 5 0 5
5 15 6 13 0 6
5 15 2 13 0 39
5 15 0 13 
5 14 11 13 0 8
5 15 7 5 0 24
5 15 10 5 0 3
5 15 10 13 0 7
5 15 11 5 0 22
5 15 11 13 0 20
5 15 12 5 0 5
5 15 12 13 0 8
5 15 8 5 0 19
5 15 14 5 0 20
5 15 16 5 0 49
5 15 16 13 0 30
5 15 17 5 0 56
5 15 17 13 0 58
5 15 18 5 0 27
5 15 18 13 0 33
5 16 0 5 0 42
5 16 0 13 0 83
5 15 8 13 0 9
5 16 1 5 0 52
5 16 3 5 0 35
5 16 3 13 0 39
5 16 4 5 0 24
5 15 7 13 0 11
5 16 6 5 0 33
5 15 14 13 0 45
5 16 7 5 0 17
5 16 7 13 0 10
5 16 8 5 0 16
5 16 8 13 0 11
5 16 10 5 0 33
5 16 10 13 0 12
5 16 11 5 0 13
5 16 11 13 0 9
5 16 12 5 0 21
5 16 12 13 0 20
5 16 14 5 0 37
5 16 14 13 0 18
5 16 15 5 0 49
5 16 15 13 0 12
5 16 17 5 0 68
5 16 17 13 0 36
5 16 18 5 0 62
5 16 18 13 0 38
5 17 0 5 0 56
5 17 0 13 0 61
5 17 2 5 0 35
5 17 2 13 0 55
5 17 3 5 0 61
5 17 3 13 0 57
5 17 4 5 0 41
5 17 4 13 0 24
5 17 6 5 0 38
5 17 6 13 0 29
5 17 7 5 0 83
5 17 7 13 
5 17 8 5 0 1
5 16 6 13 0 24
5 17 10 5 0 8
5 17 10 13 0 4
5 17 8 13 0 18
5 17 11 5 
5 17 11 13 0 63
5 17 12 5 0 35
5 17 14 5 0 15
5 17 14 13 0 35
5 17 15 5 0 56
5 17 15 13 0 99
5 17 16 5 0 68
5 17 16 13 0 42
5 17 18 5 0 77
5 17 18 13 0 73
5 18 1 5 0 68
5 18 1 13 0 61
5 18 2 5 0 38
5 18 2 13 0 83
5 18 3 5 0 26
5 18 3 13 
5 18 4 5 0 55
5 18 4 13 0 40
5 18 6 5 0 27
5 18 6 13 0 40
5 18 7 5 0 35
5 18 7 13 0 34
5 18 8 5 0 49
5 18 8 13 0 28
5 18 10 5 0 28
5 18 10 13 0 23
5 18 11 5 0 30
5 18 11 13 0 32
5 18 12 5 0 23
5 18 12 13 0 26
5 18 14 5 0 38
5 17 12 13 0 27
5 18 15 5 0 27
5 18 15 13 
5 18 16 5 0 62
5 18 16 13 0 45
5 18 17 5 0 77
5 18 17 13 0 54
6 0 1 6 0 72
6 0 1 12 0 58
6 0 2 6 0 37
6 0 2 12 0 76
6 0 3 6 0 45
6 0 3 12 0 38
5 18 14 13 0 33
6 0 4 6 0 17
6 0 4 12 0 20
6 0 5 12 0 29
6 0 7 6 0 9
6 0 7 12 0 23
5 16 4 13 0 18
6 0 8 6 
6 0 5 6 0 45
6 0 10 6 0 8
6 0 10 12 
6 0 11 12 0 21
5 16 1 13 0 55
6 0 11 6 0 39
6 0 8 12 0 8
6 0 13 6 0 23
6 0 15 6 0 54
6 0 15 12 0 21
6 0 14 12 0 25
6 0 14 6 0 13
6 0 16 12 0 66
6 0 17 12 0 53
6 0 16 6 0 48
6 1 0 6 0 72
6 0 17 6 0 63
6 1 2 6 0 24
6 0 13 12 0 26
6 1 0 12 0 61
6 1 2 12 0 27
6 1 3 12 0 16
6 1 4 6 0 43
6 1 3 6 0 20
6 1 4 12 0 42
6 1 5 12 0 39
6 1 7 6 0 14
6 1 8 6 0 24
6 1 10 6 0 14
6 1 7 12 0 31
6 1 11 6 0 6
6 1 11 12 0 17
6 1 13 6 0 35
6 1 13 12 0 27
6 1 14 6 0 30
6 1 14 12 0 29
6 1 15 6 0 10
6 1 15 12 0 23
6 1 16 6 0 9
6 1 16 12 0 58
6 1 18 6 0 58
6 1 18 12 0 53
6 1 5 6 0 33
6 2 0 12 0 51
6 2 1 6 0 24
6 2 1 12 0 9
6 2 3 6 0 17
6 2 3 12 0 22
6 2 4 6 0 18
6 2 4 12 0 17
6 2 5 6 0 28
6 2 5 12 0 38
6 2 7 6 0 9
6 2 7 12 0 31
6 2 8 6 0 23
6 2 8 12 0 22
6 2 10 6 0 8
6 2 10 12 0 19
6 2 11 6 0 10
6 2 11 12 0 8
6 2 13 6 0 21
6 2 13 12 0 20
6 2 14 6 0 22
6 2 14 12 0 35
6 2 15 6 0 21
6 2 15 12 0 35
6 2 17 6 0 27
6 2 17 12 0 58
6 2 18 6 0 60
6 2 18 12 0 66
6 3 0 6 0 45
6 3 0 12 0 53
6 3 1 6 0 20
6 3 1 12 0 10
6 3 2 6 0 17
6 3 2 12 0 18
6 1 8 12 0 20
6 3 4 6 0 9
6 2 0 6 0 37
6 1 10 12 0 20
6 3 5 12 0 6
6 3 5 6 0 9
6 3 7 6 0 9
6 3 8 6 0 6
6 3 10 6 0 15
6 3 10 12 0 6
6 3 11 6 0 3
6 3 11 12 0 6
6 3 13 6 0 5
6 3 13 12 0 8
6 3 8 12 0 10
6 3 14 6 0 9
6 3 14 12 0 10
6 3 16 12 0 35
6 3 17 6 0 12
6 3 17 12 0 23
6 3 18 6 0 34
6 3 16 6 0 27
6 4 0 6 0 17
6 4 0 12 0 14
6 4 1 6 0 43
6 4 1 12 0 30
6 4 2 6 0 18
6 4 2 12 0 25
6 4 3 6 0 9
6 4 3 12 0 5
6 4 5 6 0 7
6 4 5 12 0 7
6 4 7 6 0 5
6 4 7 12 0 12
6 4 8 6 0 8
6 4 8 12 0 10
6 4 10 6 
6 4 10 12 0 6
6 4 11 6 0 4
6 4 11 12 0 6
6 4 13 6 0 12
6 4 13 12 0 12
6 4 15 6 0 11
6 4 15 12 0 10
6 4 16 6 0 19
6 4 16 12 0 35
6 4 17 6 0 37
6 3 18 12 0 21
6 3 4 12 0 10
6 3 7 12 0 5
6 4 17 12 0 29
6 4 18 12 0 25
6 5 1 6 0 33
6 5 1 12 0 33
6 5 2 6 0 28
6 5 2 12 0 20
6 5 3 6 0 9
6 5 3 12 0 5
6 5 4 6 0 7
6 5 4 12 0 15
6 5 7 6 0 1
6 5 0 6 0 45
6 5 7 12 0 7
6 5 8 12 0 10
6 5 10 6 0 7
6 5 10 12 0 7
6 5 11 6 0 5
6 5 11 12 0 10
6 4 18 6 0 19
6 5 14 6 0 6
6 5 14 12 0 12
6 5 15 12 0 8
6 5 16 6 0 33
6 5 16 12 0 20
6 5 17 6 0 38
6 5 17 12 0 27
6 5 18 6 0 27
6 5 18 12 0 26
6 7 0 6 0 9
6 5 15 6 0 5
6 5 8 6 0 6
6 7 1 12 0 5
6 7 2 6 0 9
6 7 1 6 0 14
6 7 0 12 0 34
6 7 3 12 0 3
6 7 4 6 0 5
6 7 2 12 0 11
6 7 4 12 0 4
6 7 3 6 0 9
6 5 0 12 0 23
6 7 5 6 0 1
6 7 10 6 0 5
6 7 5 12 0 3
6 7 8 12 0 7
6 7 10 12 0 11
6 7 14 6 0 15
6 7 14 12 0 6
6 7 13 12 0 10
6 7 15 12 0 6
6 7 15 6 0 5
6 7 16 12 0 8
6 7 17 6 0 33
6 7 8 6 0 5
6 7 17 12 0 17
6 7 16 6 0 30
6 7 13 6 0 8
6 7 18 6 0 24
6 7 18 12 0 21
6 8 0 6 
6 8 2 6 0 23
6 8 2 12 0 6
6 8 0 12 0 9
6 8 3 6 0 6
6 8 1 12 0 14
6 8 4 6 0 8
6 8 5 6 0 6
6 8 5 12 0 7
6 8 4 12 
6 8 7 6 0 5
6 8 7 12 0 5
6 8 11 6 0 7
6 8 13 6 0 13
6 8 13 12 0 7
6 8 11 12 0 11
6 8 3 12 0 12
6 8 14 12 0 6
6 8 14 6 0 10
6 8 16 6 0 27
6 8 16 12 0 19
6 8 15 12 0 6
6 8 1 6 0 24
6 8 17 12 0 20
6 8 18 6 0 9
6 10 0 6 0 8
6 10 0 12 
6 10 1 6 0 14
6 10 1 12 0 29
6 10 2 6 0 8
6 10 2 12 0 24
6 10 3 6 0 15
6 10 3 12 0 5
6 10 4 6 
6 10 4 12 0 8
6 10 5 6 0 7
6 10 5 12 0 7
6 10 7 6 0 5
6 10 7 12 0 5
6 10 11 6 0 14
6 10 11 12 0 7
6 10 13 6 0 9
6 10 13 12 0 10
6 8 18 12 
6 10 14 12 0 10
6 10 15 6 0 6
6 10 14 6 0 5
6 10 16 6 0 23
6 10 15 12 0 10
6 10 16 12 0 22
6 8 17 6 0 13
6 10 18 6 
6 10 17 6 0 14
6 10 18 12 0 8
6 11 0 12 0 9
6 11 1 6 0 6
6 11 1 12 0 13
6 10 17 12 0 20
6 11 2 6 0 10
6 11 0 6 0 39
6 8 15 6 0 9
6 11 2 12 0 9
6 11 4 12 0 4
6 11 3 12 0 9
6 11 5 12 0 1
6 11 8 6 0 7
6 11 8 12 0 5
6 11 5 6 0 5
6 11 10 6 0 14
6 11 3 6 0 3
6 11 13 6 0 11
6 11 10 12 0 5
6 11 13 12 0 7
6 11 15 6 0 7
6 11 15 12 0 5
6 11 16 6 0 10
6 11 14 12 0 12
6 11 17 6 0 18
6 11 17 12 0 31
6 11 18 6 0 25
6 11 16 12 0 31
6 13 0 6 0 23
6 11 4 6 0 4
6 11 18 12 0 23
6 11 14 6 0 6
6 13 0 12 0 40
6 13 1 6 0 35
6 13 1 12 0 29
6 13 2 6 0 21
6 13 2 12 0 24
6 13 3 6 0 5
6 13 3 12 0 6
6 13 7 12 0 1
6 13 8 6 0 13
6 13 8 12 0 7
6 13 10 6 0 9
6 13 10 12 0 7
6 13 11 6 0 11
6 13 11 12 0 3
6 13 14 6 0 14
6 13 14 12 0 7
6 13 4 6 0 12
6 13 15 6 0 7
6 13 15 12 0 6
6 13 16 12 0 38
6 13 17 6 0 30
6 13 17 12 0 39
6 13 16 6 0 17
6 13 18 6 0 33
6 14 0 6 0 13
6 13 18 12 0 29
6 14 1 6 0 30
6 14 0 12 0 18
6 13 4 12 0 12
6 14 1 12 0 44
6 14 2 6 0 22
6 13 7 6 0 8
6 14 2 12 0 20
6 14 3 12 0 8
6 14 7 6 0 15
6 14 5 6 0 6
6 14 7 12 0 4
6 14 5 12 0 12
6 14 10 6 0 5
6 14 10 12 
6 14 8 12 0 8
6 14 11 6 0 6
6 14 11 12 0 4
6 14 3 6 0 9
6 14 8 6 0 10
6 14 15 6 0 8
6 14 16 6 0 35
6 14 15 12 0 10
6 14 17 6 0 28
6 14 16 12 0 17
6 14 18 6 0 25
6 14 18 12 0 20
6 15 0 6 0 54
6 14 17 12 0 42
6 15 1 6 0 10
6 15 0 12 0 43
6 14 13 12 0 15
6 15 1 12 0 21
6 15 4 6 0 11
6 15 4 12 0 8
6 15 5 6 0 5
6 15 5 12 0 6
6 15 7 6 0 5
6 15 2 12 0 15
6 15 8 6 0 9
6 15 7 12 0 9
6 15 8 12 0 5
6 15 10 6 0 6
6 15 10 12 0 12
6 15 11 6 0 7
6 15 13 6 0 7
6 15 11 12 0 3
6 15 13 12 0 5
6 15 14 12 0 5
6 15 14 6 0 8
6 15 16 12 0 22
6 15 16 6 0 33
6 15 17 6 0 15
6 15 17 12 0 16
6 15 18 12 0 38
6 16 0 6 0 48
6 16 0 12 0 47
6 15 18 6 0 21
6 16 1 6 0 9
6 16 3 6 0 27
6 14 13 6 0 14
6 16 1 12 0 21
6 15 2 6 0 21
6 16 3 12 0 15
6 16 4 12 0 20
6 16 7 6 0 30
6 16 5 6 0 33
6 16 7 12 0 9
6 16 8 12 0 24
6 16 10 6 0 23
6 16 10 12 0 6
6 16 11 6 0 10
6 16 8 6 0 27
6 16 13 6 0 17
6 16 13 12 0 20
6 16 14 6 0 35
6 16 14 12 0 25
6 16 4 6 0 19
6 16 15 6 0 33
6 16 11 12 0 11
6 16 5 12 0 24
6 16 15 12 0 18
6 16 17 6 0 50
6 16 17 12 0 27
6 16 18 6 0 64
6 16 18 12 0 76
6 17 0 6 0 63
6 17 3 6 0 12
6 17 3 12 0 21
6 17 4 6 0 37
6 17 0 12 0 62
6 17 5 6 0 38
6 17 5 12 0 29
6 17 7 6 0 33
6 17 7 12 0 13
6 17 8 6 0 13
6 17 8 12 0 29
6 17 2 12 0 21
6 17 10 6 0 14
6 17 11 6 0 18
6 17 11 12 0 5
6 17 13 6 0 30
6 17 10 12 0 14
6 17 14 6 0 28
6 17 14 12 0 30
6 17 4 12 0 44
6 17 15 6 0 15
6 17 13 12 0 33
6 17 16 12 0 9
6 17 15 12 0 10
6 17 18 12 0 58
6 18 1 6 0 58
6 18 1 12 0 62
6 18 2 6 0 60
6 17 18 6 0 56
6 18 3 6 0 34
6 18 3 12 0 43
6 18 4 6 0 19
6 18 4 12 0 18
6 18 5 6 0 27
6 18 5 12 0 40
6 18 7 6 0 24
6 18 7 12 0 9
6 18 2 12 0 47
6 18 8 12 
6 18 10 6 
6 18 10 12 0 9
6 18 11 6 0 25
6 18 11 12 0 34
6 18 13 6 0 33
6 18 13 12 0 23
6 18 14 6 0 25
6 18 14 12 0 14
6 18 15 6 0 21
6 18 15 12 0 53
6 18 16 6 0 64
6 17 16 6 0 50
6 18 16 12 0 51
6 18 17 6 0 56
7 0 1 7 0 88
7 0 1 11 0 59
7 0 2 7 0 40
6 18 17 12 0 61
7 0 3 7 0 31
7 0 3 11 0 20
7 0 2 11 0 43
7 0 4 11 0 37
7 0 5 7 0 25
7 0 5 11 0 37
7 0 6 7 0 9
7 0 6 11 0 23
7 0 8 7 0 15
7 0 8 11 0 30
7 0 4 7 0 10
7 0 10 11 0 22
7 0 12 7 0 25
7 0 12 11 0 34
7 0 13 7 0 30
7 0 10 7 0 25
7 0 14 7 0 13
7 0 14 11 0 14
7 0 13 11 0 32
7 0 15 7 0 19
7 0 16 7 0 33
6 17 2 6 0 27
7 0 17 7 0 72
7 0 17 11 0 69
6 18 8 6 0 9
7 1 0 7 0 88
7 1 2 7 0 33
7 1 2 11 0 16
7 1 3 7 0 59
7 1 0 11 0 65
7 1 4 7 0 37
7 1 4 11 0 11
7 1 5 7 
7 1 5 11 0 85
7 1 6 7 0 14
7 1 3 11 0 67
7 1 8 7 0 11
7 1 8 11 0 11
7 1 10 7 0 5
7 1 10 11 0 12
7 1 12 7 0 18
7 1 12 11 0 5
7 1 13 7 
7 1 13 11 0 63
7 1 14 7 0 47
7 0 15 11 0 21
7 1 14 11 0 21
7 1 15 7 0 47
7 1 15 11 0 53
7 1 16 11 0 39
7 1 18 7 0 58
7 1 18 11 0 69
7 1 16 7 0 33
7 2 0 11 0 29
7 2 1 7 0 33
7 2 0 7 0 40
7 2 1 11 0 23
7 1 6 11 0 31
7 0 16 11 0 43
7 2 4 11 0 20
7 2 5 7 0 9
7 2 3 7 0 31
7 2 5 11 0 27
7 2 6 11 0 31
7 2 8 7 0 9
7 2 8 11 0 11
7 2 6 7 0 9
7 2 10 11 0 11
7 2 12 7 0 10
7 2 12 11 0 11
7 2 13 7 0 13
7 2 13 11 0 9
7 2 14 7 0 19
7 2 14 11 0 14
7 2 15 7 0 16
7 2 15 11 0 18
7 2 17 7 0 17
7 2 17 11 0 39
7 2 18 7 0 40
7 2 18 11 0 43
7 3 0 7 0 31
7 3 0 11 0 16
7 3 1 7 0 59
7 3 1 11 0 40
7 3 2 7 0 31
7 3 2 11 0 16
7 3 4 7 0 23
7 3 4 11 0 19
7 3 5 7 0 12
7 3 5 11 0 20
7 3 6 7 0 9
7 3 6 11 0 5
7 3 8 7 0 3
7 3 8 11 0 9
7 3 10 7 0 11
7 2 10 7 0 8
7 3 12 7 0 7
7 3 12 11 0 3
7 3 10 11 0 4
7 2 4 7 0 28
7 3 13 11 0 20
7 3 14 11 0 20
7 3 14 7 0 12
7 3 16 7 0 17
7 3 17 7 0 61
7 3 16 11 0 18
7 3 18 7 0 22
7 3 17 11 0 53
7 4 0 7 0 10
7 4 0 11 0 12
7 3 18 11 0 21
7 4 1 11 0 43
7 4 2 7 0 28
7 4 2 11 0 17
7 4 3 7 0 23
7 4 1 7 0 37
7 4 3 11 0 11
7 4 5 11 0 3
7 4 5 7 0 10
7 4 6 7 0 5
7 4 8 7 0 2
7 4 6 11 0 12
7 4 8 11 0 11
7 4 10 11 0 5
7 4 12 7 0 6
7 4 12 11 0 4
7 4 10 7 0 8
7 4 13 7 0 1
7 3 13 7 0 22
7 4 13 11 0 8
7 4 15 7 0 21
7 2 3 11 0 14
7 4 15 11 0 20
7 4 16 7 0 23
7 4 17 11 0 21
7 4 18 7 0 38
7 4 17 7 0 11
7 5 0 7 0 25
7 5 1 7 
7 5 1 11 
7 5 2 7 0 9
7 5 2 11 0 17
7 5 3 7 0 12
7 5 3 11 0 21
7 5 4 7 0 10
7 5 4 11 0 1
7 5 0 11 0 31
7 5 6 7 0 1
7 5 6 11 0 7
7 5 8 7 
7 5 10 7 0 1
7 5 10 11 
7 5 8 11 0 1
7 5 12 7 0 11
7 5 12 11 0 3
7 5 14 7 0 3
7 4 18 11 0 14
7 4 16 11 0 14
7 5 14 11 0 8
7 5 15 7 0 24
7 5 15 11 0 20
7 5 17 7 0 83
7 5 17 11 0 63
7 5 18 7 0 35
7 5 18 11 0 32
7 5 16 11 0 9
7 5 16 7 0 17
7 6 0 7 0 9
7 6 0 11 0 21
7 6 1 7 0 14
7 6 1 11 0 17
7 6 2 7 0 9
7 6 2 11 0 8
7 6 3 7 0 9
7 6 3 11 0 6
7 6 4 7 0 5
7 6 4 11 0 6
7 6 5 7 0 1
7 6 5 11 0 10
7 6 8 7 0 5
7 6 8 11 0 11
7 6 10 7 0 5
7 6 10 11 0 7
7 6 13 7 0 8
7 6 13 11 0 3
7 6 14 11 0 4
7 6 14 7 0 15
7 6 15 7 0 5
7 6 15 11 0 3
7 6 16 7 0 30
7 6 18 7 0 24
7 6 16 11 0 11
7 6 18 11 0 34
7 8 0 11 0 18
7 8 1 7 0 11
7 8 1 11 0 6
7 8 0 7 0 15
7 8 2 7 0 9
7 8 3 7 0 3
7 8 3 11 0 13
7 8 4 7 0 2
7 8 4 11 0 6
7 8 5 7 
7 8 5 11 0 1
7 8 6 7 0 5
7 8 6 11 0 5
7 8 12 7 0 14
7 8 12 11 0 7
7 8 13 7 0 1
7 8 13 11 
7 8 2 11 0 9
7 6 17 11 0 5
7 8 15 7 0 8
7 8 15 11 0 4
7 8 14 11 0 5
7 8 16 7 0 10
7 8 16 11 0 11
7 6 17 7 0 33
7 8 17 11 0 12
7 8 17 7 0 8
7 8 18 11 0 22
7 10 0 11 0 15
7 8 18 7 0 23
7 10 0 7 0 25
7 10 1 7 0 5
7 8 14 7 0 11
7 10 1 11 0 10
7 10 3 7 0 11
7 10 4 7 0 8
7 10 4 11 0 3
7 10 3 11 0 3
7 10 5 7 0 1
7 10 6 7 0 5
7 10 6 11 0 5
7 10 5 11 
7 10 12 7 0 7
7 10 13 7 
7 10 2 11 0 11
7 10 13 11 0 1
7 10 12 11 0 11
7 10 15 7 0 3
7 10 15 11 0 9
7 10 14 7 0 5
7 10 16 7 0 13
7 10 2 7 0 8
7 10 14 11 0 11
7 10 17 11 0 11
7 10 18 11 0 30
7 12 0 7 0 25
7 12 0 11 0 9
7 12 1 7 0 18
7 12 1 11 0 13
7 12 2 7 0 10
7 12 2 11 0 9
7 12 3 7 0 7
7 12 3 11 0 9
7 12 4 7 0 6
7 12 4 11 0 4
7 12 5 7 0 11
7 12 5 11 0 1
7 12 8 7 0 14
7 12 8 11 0 5
7 12 10 7 0 7
7 12 10 11 0 5
7 12 13 7 0 5
7 12 13 11 0 7
7 10 17 7 0 11
7 12 14 11 0 12
7 12 15 7 0 3
7 12 15 11 0 5
7 12 16 7 0 10
7 12 16 11 0 31
7 12 17 7 0 6
7 12 17 11 0 31
7 12 18 7 0 39
7 12 18 11 0 23
7 13 0 7 0 30
7 13 0 11 0 34
7 13 1 7 
7 13 1 11 
7 13 2 7 0 13
7 13 2 11 0 10
7 13 3 7 0 22
7 13 3 11 0 11
7 13 4 7 0 1
7 13 4 11 0 7
7 13 6 7 0 8
7 13 6 11 0 1
7 13 8 7 0 1
7 13 8 11 
7 13 10 7 
7 13 10 11 0 1
7 13 12 7 0 5
7 13 12 11 0 10
7 13 14 7 0 7
7 13 14 11 0 3
7 13 15 7 0 19
7 13 15 11 0 20
7 13 16 7 0 9
7 13 16 11 0 27
7 13 17 7 0 63
7 13 17 11 0 85
7 13 18 7 0 27
7 13 18 11 0 37
7 10 16 11 0 11
7 14 0 11 0 10
7 14 1 7 0 47
7 14 1 11 0 32
7 14 2 7 0 19
7 14 2 11 0 28
7 14 3 7 0 12
7 14 3 11 0 21
7 14 5 7 0 3
7 10 18 7 0 23
7 14 0 7 0 13
7 14 6 7 0 15
7 14 8 7 0 11
7 14 8 11 0 3
7 14 10 7 0 5
7 14 5 11 0 7
7 14 10 11 0 6
7 14 12 11 0 6
7 14 13 7 0 7
7 14 13 11 0 1
7 14 15 7 0 19
7 14 12 7 0 4
7 14 15 11 0 19
7 14 16 11 0 20
7 14 17 7 0 21
7 14 17 11 0 11
7 14 18 7 0 13
7 14 16 7 0 14
7 14 18 11 0 37
7 15 0 11 0 24
7 15 1 7 0 47
7 15 1 11 0 55
7 15 2 7 0 16
7 15 2 11 0 32
7 15 4 7 0 21
7 15 4 11 0 21
7 15 5 7 0 24
7 15 5 11 0 11
7 15 6 7 0 5
7 15 6 11 0 9
7 15 8 7 0 8
7 15 8 11 0 3
7 15 10 7 0 3
7 15 10 11 0 13
7 15 12 7 0 3
7 15 12 11 0 6
7 15 13 7 0 19
7 15 13 11 0 21
7 15 14 7 0 19
7 15 14 11 0 11
7 12 14 7 0 4
7 15 16 7 0 19
7 14 6 11 0 4
7 15 16 11 0 14
7 15 0 7 0 19
7 15 18 7 0 21
7 15 18 11 0 20
7 16 0 7 0 33
7 16 0 11 0 46
7 16 1 7 0 33
7 16 3 7 0 17
7 16 3 11 0 32
7 16 4 7 0 23
7 16 4 11 0 28
7 16 5 7 0 17
7 16 5 11 0 10
7 16 6 7 0 30
7 16 6 11 0 9
7 16 8 7 0 10
7 16 8 11 0 11
7 16 10 7 0 13
7 16 10 11 0 9
7 16 12 7 0 10
7 16 12 11 0 8
7 16 13 7 0 9
7 16 13 11 0 17
7 16 14 7 0 14
7 16 14 11 0 17
7 16 15 7 0 19
7 16 15 11 0 16
7 16 17 7 0 46
7 16 1 11 0 40
7 16 18 7 0 44
7 16 17 11 0 16
7 15 17 11 0 67
7 17 0 11 0 77
7 17 2 7 0 17
7 17 2 11 0 40
7 17 0 7 0 72
7 17 3 7 0 61
7 17 3 11 0 55
7 17 4 11 0 32
7 17 5 7 0 83
7 17 5 11 
7 17 6 7 0 33
7 17 6 11 0 13
7 17 8 7 0 8
7 17 8 11 0 10
7 17 10 7 0 11
7 17 10 11 0 6
7 17 12 7 0 6
7 17 12 11 0 17
7 17 13 7 0 63
7 17 13 11 
7 17 14 7 0 21
7 17 14 11 0 43
7 17 15 7 0 55
7 16 18 11 0 43
7 17 16 7 0 46
7 17 16 11 0 23
7 17 18 7 0 58
7 17 18 11 0 59
7 18 1 7 0 58
7 17 15 11 0 40
7 18 2 7 0 40
7 18 2 11 0 46
7 18 3 7 0 22
7 18 3 11 0 24
7 18 1 11 0 77
7 18 4 11 0 10
7 18 5 7 0 35
7 18 5 11 0 34
7 18 6 7 0 24
7 18 4 7 0 38
7 18 8 7 0 23
7 18 8 11 0 15
7 18 10 7 0 23
7 18 6 11 0 9
7 18 12 7 0 39
7 18 12 11 0 21
7 18 13 7 0 27
7 18 10 11 0 18
7 18 13 11 0 31
7 18 14 11 0 12
7 18 15 7 0 21
7 18 15 11 0 16
7 18 16 7 0 44
7 18 16 11 0 29
7 18 17 7 0 58
7 18 17 11 0 65
8 0 1 8 0 46
8 0 1 10 0 39
8 0 2 8 0 46
7 18 14 7 0 13
8 0 3 8 0 14
8 0 2 10 0 54
8 0 3 10 0 10
8 0 4 8 0 37
8 0 4 10 0 33
7 15 17 7 0 55
8 0 5 10 0 60
8 0 5 8 0 26
7 17 4 7 0 11
8 0 7 8 0 15
8 0 11 8 0 23
8 0 11 10 0 18
8 0 6 10 0 8
8 0 6 8 
8 0 12 8 
8 0 13 10 0 23
8 0 14 8 0 56
8 0 14 10 0 50
8 0 15 8 0 15
8 0 15 10 0 24
8 0 16 8 0 29
8 0 16 10 0 49
8 0 17 8 0 42
8 0 17 10 0 50
8 1 0 8 0 46
8 1 0 10 0 37
8 1 2 8 0 27
8 0 7 10 0 30
8 0 12 10 0 9
8 1 3 8 0 19
8 1 2 10 0 23
8 0 13 8 0 28
8 1 3 10 0 18
8 1 5 8 0 14
8 1 6 8 0 24
8 1 6 10 0 20
8 1 7 8 0 11
8 1 7 10 0 11
8 1 5 10 0 1
8 1 11 8 0 11
8 1 4 8 0 26
8 1 12 8 0 14
8 1 11 10 0 6
8 1 4 10 0 17
8 1 13 10 0 4
8 1 14 10 0 18
8 1 15 8 0 14
8 1 15 10 0 17
8 1 14 8 0 18
8 1 16 8 0 20
8 1 16 10 0 32
8 1 18 10 0 50
8 1 12 10 0 14
8 2 0 8 0 46
8 2 0 10 0 28
8 2 1 8 0 27
8 2 3 8 0 24
8 2 3 10 0 16
8 2 4 8 0 7
8 2 4 10 0 14
8 2 5 8 0 12
8 2 5 10 0 16
8 2 6 8 0 23
8 2 1 10 0 22
8 2 7 8 0 9
8 2 7 10 0 11
8 2 11 8 0 13
8 2 11 10 0 9
8 2 6 10 0 22
8 1 13 8 0 8
8 2 12 8 0 23
8 2 12 10 0 6
8 2 14 8 
8 2 14 10 0 13
8 1 18 8 0 41
8 2 15 8 0 23
8 2 13 8 0 33
8 2 17 10 0 32
8 2 18 8 0 63
8 2 18 10 0 49
8 3 0 8 0 14
8 3 0 10 0 15
8 3 1 8 0 19
8 2 17 8 0 25
8 3 1 10 0 12
8 3 2 10 0 27
8 3 4 8 0 26
8 3 4 10 0 23
8 3 5 8 0 7
8 3 5 10 0 19
8 3 6 8 0 6
8 3 6 10 0 10
8 3 7 8 0 3
8 3 7 10 0 9
8 3 2 8 0 24
8 3 11 10 0 13
8 3 12 8 0 6
8 3 12 10 0 12
8 3 11 8 0 3
8 3 13 10 0 7
8 3 14 8 0 13
8 3 14 10 0 16
8 3 13 8 0 3
8 3 16 8 0 17
8 3 16 10 0 18
8 3 17 10 0 17
8 3 17 8 0 21
8 2 13 10 0 12
8 3 18 10 0 24
8 3 18 8 0 10
8 4 1 8 0 26
8 4 0 10 0 46
8 4 1 10 0 16
8 4 2 10 
8 4 3 8 0 26
8 4 2 8 0 7
8 2 15 10 0 18
8 4 0 8 0 37
8 4 6 8 0 8
8 4 5 10 0 9
8 4 3 10 0 12
8 4 6 10 0 10
8 4 5 8 0 4
8 4 7 10 0 11
8 4 7 8 0 2
8 4 11 10 0 6
8 4 12 8 0 5
8 4 13 8 0 13
8 4 15 8 0 21
8 4 15 10 0 16
8 4 13 10 0 6
8 4 16 10 0 13
8 4 17 8 0 20
8 4 17 10 0 18
8 4 16 8 0 12
8 4 18 8 0 34
8 4 18 10 0 50
8 4 11 8 0 5
8 5 0 10 0 27
8 5 0 8 0 26
8 4 12 10 
8 5 1 8 0 14
8 5 1 10 0 9
8 5 3 10 0 3
8 5 3 8 0 7
8 5 4 8 0 4
8 5 2 10 0 38
8 5 4 10 0 13
8 5 6 8 0 6
8 5 2 8 0 12
8 5 11 8 
8 5 11 10 0 1
8 5 7 10 0 1
8 5 12 8 0 9
8 5 12 10 0 7
8 5 14 8 0 5
8 5 15 8 0 19
8 5 15 10 0 7
8 5 16 8 0 16
8 5 16 10 0 12
8 5 17 8 0 1
8 5 7 8 
8 5 17 10 0 4
8 5 14 10 0 6
8 5 18 8 0 49
8 5 6 10 0 10
8 6 0 8 
8 5 18 10 0 23
8 6 0 10 
8 6 1 8 0 24
8 6 2 8 0 23
8 6 1 10 0 20
8 6 3 10 0 6
8 6 4 10 0 6
8 6 4 8 0 8
8 6 5 10 0 7
8 6 7 8 0 5
8 6 7 10 0 11
8 6 11 8 0 7
8 6 11 10 0 5
8 6 13 8 0 13
8 6 13 10 0 7
8 6 5 8 0 6
8 6 14 10 
8 6 15 8 0 9
8 6 15 10 0 12
8 6 16 8 0 27
8 6 16 10 0 6
8 6 17 8 0 13
8 6 17 10 0 14
8 6 18 8 0 9
8 6 18 10 0 9
8 7 0 8 0 15
8 7 0 10 0 22
8 7 1 8 0 11
8 7 1 10 0 12
8 7 2 8 0 9
8 7 2 10 0 11
8 7 3 8 0 3
8 7 3 10 0 4
8 7 4 8 0 2
8 6 14 8 0 10
8 6 2 10 0 19
8 7 5 10 
8 7 6 8 0 5
8 7 6 10 0 7
8 7 12 8 0 14
8 7 12 10 0 5
8 7 13 8 0 1
8 7 13 10 0 1
8 7 14 8 0 11
8 7 14 10 0 6
8 7 15 8 0 8
8 7 4 10 0 5
8 7 15 10 0 13
8 7 16 8 0 10
8 7 17 8 0 8
8 7 16 10 0 9
8 7 5 8 
8 6 3 8 0 6
8 7 18 8 0 23
8 11 0 10 0 15
8 11 1 8 0 11
8 11 1 10 0 10
8 11 2 8 0 13
8 11 2 10 0 11
8 11 3 8 0 3
8 11 3 10 0 3
8 11 0 8 0 23
8 11 4 10 0 3
8 11 5 8 
8 11 5 10 
8 11 6 8 0 7
8 11 6 10 0 5
8 11 12 8 0 5
8 11 12 10 0 11
8 11 13 8 0 1
8 11 13 10 0 1
8 11 14 8 0 8
8 11 14 10 0 11
8 11 15 8 0 11
8 11 15 10 0 9
8 11 4 8 0 5
8 11 16 8 0 8
8 11 17 8 0 5
8 11 17 10 0 11
8 11 18 8 0 25
8 11 18 10 0 30
8 12 0 8 
8 12 0 10 
8 12 1 8 0 14
8 12 1 10 0 29
8 12 2 8 0 23
8 12 2 10 0 24
8 12 3 8 0 6
8 12 3 10 0 5
8 12 4 8 0 5
8 12 4 10 0 8
8 12 5 8 0 9
8 12 5 10 0 7
8 12 7 8 0 14
8 12 7 10 0 5
8 12 11 8 0 5
8 12 11 10 0 7
8 12 13 8 0 7
8 11 16 10 0 11
8 7 18 10 0 18
8 7 17 10 0 6
8 12 14 10 0 10
8 12 15 10 0 10
8 12 14 8 
8 12 16 8 0 8
8 12 17 8 0 14
8 12 17 10 0 20
8 12 18 8 0 8
8 12 18 10 0 8
8 13 0 8 0 28
8 12 15 8 0 15
8 13 0 10 0 28
8 13 1 10 0 18
8 13 2 8 0 33
8 13 2 10 0 11
8 13 3 8 0 3
8 13 3 10 0 9
8 13 4 8 0 13
8 13 4 10 0 5
8 13 6 8 0 13
8 13 6 10 0 7
8 13 7 8 0 1
8 13 7 10 
8 13 11 8 0 1
8 13 11 10 
8 13 12 8 0 7
8 13 12 10 0 7
8 13 14 8 0 6
8 13 14 10 0 9
8 13 15 8 0 6
8 13 15 10 0 19
8 13 16 8 0 12
8 13 16 10 0 16
8 13 17 8 0 4
8 13 17 10 0 1
8 13 18 8 0 35
8 12 13 10 0 10
8 13 18 10 0 60
8 14 0 10 0 36
8 14 1 8 0 18
8 14 1 10 0 25
8 14 2 8 
8 14 2 10 0 8
8 14 3 8 0 13
8 14 3 10 0 20
8 14 5 8 0 5
8 14 5 10 0 5
8 14 6 8 0 10
8 14 6 10 0 8
8 13 1 8 0 8
8 14 7 10 0 3
8 14 11 8 0 8
8 14 11 10 0 5
8 14 12 8 
8 14 7 8 0 11
8 14 13 8 0 6
8 14 12 10 0 6
8 14 13 10 0 13
8 14 15 8 0 17
8 14 16 8 0 12
8 14 16 10 0 14
8 14 0 8 0 56
8 14 15 10 0 23
8 14 18 8 0 53
8 14 17 10 0 17
8 14 18 10 0 33
8 15 0 8 0 15
8 12 16 10 0 22
8 15 1 10 0 15
8 15 2 8 0 23
8 15 0 10 0 17
8 15 2 10 0 24
8 15 4 8 0 21
8 15 4 10 0 20
8 15 5 8 0 19
8 15 5 10 0 9
8 15 6 8 0 9
8 15 1 8 0 14
8 15 6 10 0 5
8 15 7 8 0 8
8 15 11 8 0 11
8 15 12 8 0 15
8 15 11 10 0 4
8 15 12 10 0 6
8 15 13 10 0 3
8 15 14 8 0 17
8 15 14 10 0 12
8 15 13 8 0 6
8 15 16 10 0 16
8 15 17 8 0 17
8 15 16 8 0 15
8 15 17 10 0 18
8 15 18 8 0 19
8 15 18 10 0 10
8 16 0 8 0 29
8 16 0 10 0 45
8 16 1 8 0 20
8 16 3 8 0 17
8 16 3 10 0 24
8 16 4 8 0 12
8 16 4 10 0 8
8 16 5 8 0 16
8 16 5 10 0 11
8 16 6 8 0 27
8 16 1 10 0 25
8 16 7 8 0 10
8 16 6 10 0 24
8 16 11 8 0 8
8 16 7 10 0 11
8 16 12 8 0 8
8 16 11 10 0 11
8 16 12 10 0 19
8 16 13 8 0 12
8 16 13 10 0 38
8 16 14 10 
8 16 14 8 0 12
8 16 15 10 0 27
8 16 15 8 0 15
8 16 17 8 0 30
8 16 17 10 0 23
8 15 7 10 0 3
8 16 18 8 0 47
8 16 18 10 0 54
8 14 17 8 0 19
8 17 0 8 0 42
8 17 2 8 0 25
8 17 3 10 0 15
8 17 4 8 0 20
8 17 4 10 0 25
8 17 5 8 0 1
8 17 5 10 0 18
8 17 6 8 0 13
8 17 6 10 0 29
8 17 7 8 0 8
8 17 7 10 0 10
8 17 11 8 0 5
8 17 11 10 0 12
8 17 12 8 0 14
8 17 3 8 0 21
8 17 2 10 0 25
8 17 13 10 0 9
8 17 14 8 0 19
8 17 12 10 0 20
8 17 15 8 0 17
8 17 13 8 0 4
8 17 15 10 0 12
8 17 0 10 0 46
8 17 18 8 0 40
8 17 18 10 0 39
8 17 16 8 0 30
8 18 1 8 0 41
8 18 2 8 0 63
8 18 1 10 0 46
8 18 3 8 0 10
8 18 2 10 0 45
8 18 3 10 0 17
8 18 4 8 0 34
8 18 4 10 0 36
8 18 5 8 0 49
8 17 14 10 0 16
8 18 5 10 0 28
8 17 16 10 0 22
8 18 6 10 
8 18 7 10 0 15
8 18 11 8 0 25
8 18 6 8 0 9
8 18 11 10 0 22
8 18 12 8 0 8
8 18 13 8 0 35
8 18 14 8 0 53
8 18 13 10 0 27
8 18 15 8 0 19
8 18 15 10 0 15
8 18 14 10 0 46
8 18 16 10 0 28
8 18 17 8 0 40
8 18 16 8 0 47
8 18 17 10 0 37
8 18 7 8 0 23
8 18 12 10 
