0 1 3 20 0 127
0 1 2 0 0 563
0 1 4 0 0 154
0 1 2 20 0 249
0 1 4 20 0 128
0 1 6 0 0 217
0 1 5 20 0 154
0 1 5 0 0 187
0 1 6 20 0 172
0 1 7 20 0 194
0 1 8 0 0 204
0 1 8 20 0 170
0 1 9 0 0 92
0 1 9 20 0 81
0 1 11 0 0 86
0 1 12 0 0 185
0 1 11 20 0 142
0 1 12 20 0 170
0 1 13 0 0 193
0 1 13 20 0 182
0 1 14 0 0 249
0 1 15 0 0 247
0 1 15 20 0 173
0 1 16 0 0 212
0 1 14 20 0 213
0 1 17 0 0 245
0 1 16 20 0 158
0 1 18 0 0 160
0 1 18 20 0 273
0 2 1 0 0 563
0 2 1 20 0 147
0 2 3 0 0 86
0 2 3 20 0 70
0 1 17 20 0 252
0 1 7 0 0 242
0 2 5 0 0 66
0 2 5 20 0 75
0 2 6 0 0 113
0 2 4 0 0 201
0 2 7 0 0 161
0 2 6 20 0 100
0 2 8 0 0 116
0 2 8 20 0 106
0 2 9 0 0 40
0 2 9 20 0 30
0 2 7 20 0 103
0 1 3 0 0 129
0 2 4 20 0 259
0 2 11 0 0 98
0 2 11 20 0 85
0 2 12 0 0 128
0 2 12 20 0 163
0 2 13 0 0 176
0 2 13 20 0 76
0 2 14 0 0 84
0 2 14 20 0 143
0 2 15 0 0 111
0 2 15 20 0 71
0 2 16 0 0 143
0 2 16 20 0 190
0 2 17 0 0 117
0 2 17 20 0 193
0 2 19 0 0 254
0 2 19 20 0 273
0 3 1 0 0 129
0 3 2 20 0 116
0 3 4 20 0 136
0 3 5 0 0 107
0 3 4 0 0 151
0 3 5 20 0 108
0 3 6 0 0 165
0 3 7 0 0 141
0 3 7 20 0 115
0 3 6 20 0 194
0 3 8 0 0 111
0 3 8 20 0 113
0 3 9 0 0 106
0 3 9 20 0 85
0 3 11 0 0 73
0 3 12 0 0 94
0 3 12 20 0 79
0 3 13 0 0 137
0 3 11 20 0 84
0 3 14 0 0 84
0 3 13 20 0 123
0 3 14 20 0 111
0 3 15 20 0 220
0 3 16 0 0 399
0 3 16 20 0 188
0 3 18 0 0 71
0 3 18 20 0 193
0 3 15 0 0 126
0 3 19 0 0 119
0 4 1 0 0 154
0 4 1 20 0 227
0 4 2 0 0 201
0 4 2 20 0 145
0 4 3 0 0 151
0 4 3 20 0 354
0 3 1 20 0 235
0 4 5 20 0 80
0 4 6 0 0 76
0 4 6 20 0 66
0 4 7 0 0 57
0 4 7 20 0 56
0 4 8 0 0 53
0 4 8 20 0 32
0 4 5 0 0 143
0 4 9 0 0 53
0 4 9 20 0 126
0 4 11 0 0 60
0 4 11 20 0 119
0 4 12 0 
0 4 12 20 0 72
0 4 13 0 0 56
0 4 14 0 0 95
0 4 13 20 0 65
0 4 14 20 0 142
0 4 15 0 0 102
0 4 15 20 0 160
0 4 17 20 0 188
0 4 18 0 0 288
0 4 17 0 0 144
0 4 19 0 0 130
0 4 18 20 0 190
0 4 19 20 0 158
0 5 1 20 0 234
0 5 2 0 0 66
0 3 19 20 0 252
0 5 1 0 0 187
0 5 3 20 0 175
0 5 2 20 0 116
0 5 4 0 0 143
0 5 6 0 0 44
0 3 2 0 0 86
0 5 4 20 0 91
0 5 7 20 0 79
0 5 8 0 0 32
0 5 8 20 0 70
0 5 9 0 0 60
0 5 9 20 0 31
0 5 7 0 0 77
0 5 11 20 0 59
0 5 12 0 0 35
0 5 12 20 0 31
0 5 13 0 0 89
0 5 13 20 0 99
0 5 14 0 0 39
0 5 14 20 0 57
0 5 16 0 0 80
0 5 16 20 0 160
0 5 3 0 0 107
0 5 17 0 0 93
0 5 11 0 0 70
0 5 17 20 0 220
0 5 18 20 0 71
0 5 18 0 0 81
0 5 19 20 0 173
0 6 1 0 0 217
0 5 6 20 0 41
0 6 2 0 0 113
0 6 3 0 0 165
0 6 3 20 0 80
0 6 4 0 0 76
0 6 2 20 0 91
0 6 5 0 0 44
0 6 4 20 0 95
0 6 5 20 0 40
0 6 7 20 0 23
0 6 8 0 0 113
0 6 8 20 0 103
0 6 9 0 0 17
0 5 19 0 0 166
0 6 9 20 0 18
0 6 11 20 0 40
0 6 12 0 0 50
0 6 12 20 0 173
0 6 13 0 0 39
0 6 13 20 0 73
0 6 15 0 0 39
0 6 15 20 0 57
0 6 16 0 0 71
0 6 16 20 0 142
0 6 17 0 0 204
0 6 17 20 0 111
0 6 11 0 0 33
0 6 18 20 0 143
0 6 1 20 0 263
0 6 19 20 0 213
0 7 1 0 0 242
0 7 1 20 0 198
0 7 2 0 0 161
0 7 2 20 0 212
0 7 3 0 0 141
0 7 3 20 0 142
0 7 4 0 0 57
0 7 4 20 0 55
0 6 18 0 0 93
0 7 5 20 0 86
0 7 6 0 0 33
0 7 5 0 0 77
0 7 8 0 0 80
0 7 6 20 0 41
0 7 9 0 0 103
0 7 8 20 0 83
0 7 11 0 0 115
0 7 11 20 0 83
0 7 9 20 0 142
0 7 12 0 0 89
0 7 12 20 0 93
0 7 14 0 0 18
0 7 14 20 0 73
0 7 15 20 0 99
0 7 16 0 0 56
0 7 16 20 0 65
0 7 17 0 0 106
0 7 17 20 0 123
0 7 15 0 0 58
0 7 18 0 0 83
0 7 18 20 0 76
0 7 19 0 0 202
0 8 1 0 0 204
0 8 1 20 0 192
0 8 2 0 0 116
0 8 2 20 0 142
0 8 3 0 0 111
0 8 3 20 0 102
0 8 4 0 0 53
0 8 4 20 
0 8 5 0 0 32
0 8 5 20 0 33
0 8 6 0 0 113
0 8 6 20 0 59
0 8 7 0 0 80
0 8 7 20 0 81
0 8 9 0 0 50
0 8 9 20 0 40
0 8 11 0 0 58
0 8 11 20 0 57
0 8 13 0 0 72
0 8 13 20 0 93
0 8 14 0 0 108
0 8 14 20 0 173
0 8 15 0 0 67
0 8 15 20 0 31
0 8 16 0 0 33
0 8 16 20 0 72
0 8 17 0 0 103
0 8 17 20 0 79
0 8 18 0 0 96
0 8 18 20 0 163
0 8 19 0 0 180
0 8 19 20 0 170
0 9 1 0 0 92
0 9 1 20 0 84
0 6 7 0 0 33
0 9 2 0 0 40
0 7 19 20 0 182
0 9 2 20 0 91
0 9 3 0 0 106
0 9 3 20 0 84
0 6 19 0 0 151
0 9 4 0 0 53
0 9 4 20 0 55
0 9 5 0 0 60
0 9 5 20 0 71
0 9 6 0 0 17
0 9 6 20 0 33
0 9 7 0 0 103
0 9 7 20 0 122
0 9 8 0 0 50
0 9 8 20 0 63
0 9 12 0 0 39
0 9 12 20 0 57
0 9 13 0 0 130
0 9 13 20 0 83
0 9 14 0 0 21
0 9 14 20 0 40
0 9 15 0 0 30
0 9 15 20 0 59
0 9 16 0 0 113
0 9 16 20 0 119
0 9 17 0 0 90
0 9 17 20 0 84
0 9 18 20 0 85
0 9 19 20 0 142
0 11 1 20 0 95
0 11 1 0 0 86
0 11 2 0 0 98
0 11 3 0 0 73
0 11 3 20 0 115
0 11 4 0 0 60
0 11 4 20 0 56
0 11 5 0 0 70
0 11 5 20 0 72
0 11 6 0 0 33
0 11 6 20 0 20
0 11 7 0 0 115
0 11 2 20 0 36
0 11 7 20 0 110
0 11 8 20 0 48
0 11 8 0 0 58
0 11 12 20 0 40
0 11 13 0 0 87
0 11 12 0 0 55
0 11 14 0 0 43
0 11 13 20 0 142
0 11 14 20 0 18
0 11 15 0 0 78
0 11 16 0 0 107
0 11 15 20 0 31
0 11 17 0 0 83
0 11 16 20 0 126
0 11 17 20 0 85
0 11 18 0 0 83
0 11 19 0 0 134
0 11 18 20 0 30
0 12 1 0 0 185
0 12 1 20 0 221
0 11 19 20 0 81
0 9 19 0 0 89
0 9 18 0 0 28
0 12 2 20 0 108
0 12 2 0 0 128
0 12 3 0 0 94
0 12 5 0 0 35
0 12 5 20 0 33
0 12 6 0 0 50
0 12 4 20 0 55
0 12 3 20 0 103
0 12 7 20 0 72
0 12 9 0 0 39
0 12 9 20 0 48
0 12 11 0 0 55
0 12 11 20 0 63
0 12 13 0 0 94
0 12 13 20 0 83
0 12 14 0 0 141
0 12 14 20 0 103
0 12 15 0 0 32
0 12 6 20 0 131
0 12 16 0 0 67
0 12 16 20 0 32
0 12 15 20 0 70
0 12 17 0 0 90
0 12 17 20 0 113
0 12 18 0 0 148
0 12 19 0 0 177
0 12 19 20 0 170
0 13 1 0 0 193
0 13 1 20 0 224
0 13 2 0 0 176
0 13 2 20 0 185
0 13 3 0 0 137
0 12 18 20 0 106
0 13 4 0 0 56
0 13 3 20 0 166
0 12 4 0 
0 13 5 20 0 80
0 13 6 0 0 39
0 13 6 20 0 38
0 13 8 0 0 72
0 13 8 20 0 72
0 13 9 0 0 130
0 13 9 20 0 110
0 13 11 0 0 87
0 13 11 20 0 122
0 13 12 0 0 94
0 13 12 20 0 81
0 13 14 0 0 73
0 12 7 0 0 89
0 13 15 0 0 95
0 13 15 20 0 79
0 13 16 0 0 71
0 13 16 20 0 56
0 13 17 0 0 117
0 13 17 20 0 115
0 13 18 0 0 75
0 13 18 20 0 103
0 13 19 0 0 191
0 13 19 20 0 194
0 14 1 0 0 249
0 14 1 20 0 183
0 14 2 0 0 84
0 14 2 20 0 105
0 14 3 0 0 84
0 14 3 20 0 155
0 13 14 20 0 23
0 14 4 0 0 95
0 14 5 0 0 39
0 14 5 20 0 45
0 14 7 0 0 18
0 14 7 20 0 38
0 14 8 0 0 108
0 14 4 20 0 75
0 14 8 20 0 131
0 14 9 0 0 21
0 14 11 0 0 43
0 14 11 20 0 33
0 14 12 0 0 141
0 14 12 20 0 59
0 14 13 0 0 73
0 14 13 20 0 41
0 14 15 0 0 52
0 14 9 20 0 20
0 13 4 20 0 50
0 13 5 0 0 89
0 14 15 20 0 41
0 14 16 0 0 144
0 14 16 20 0 66
0 14 17 0 0 119
0 14 17 20 0 194
0 14 18 0 0 138
0 14 18 20 0 100
0 14 19 0 0 237
0 15 1 0 0 247
0 15 2 20 0 66
0 15 3 0 0 126
0 15 1 20 0 177
0 15 3 20 0 95
0 15 4 20 0 121
0 15 6 0 0 39
0 15 6 20 0 45
0 15 7 0 0 58
0 15 4 0 0 102
0 15 8 0 0 67
0 15 8 20 0 33
0 15 9 0 0 30
0 15 9 20 0 72
0 15 7 20 0 80
0 15 11 0 0 78
0 15 12 0 0 32
0 15 12 20 0 33
0 15 13 0 0 95
0 15 13 20 0 86
0 15 14 0 0 52
0 15 14 20 0 40
0 15 2 0 0 111
0 15 16 0 0 157
0 15 16 20 0 80
0 15 17 0 0 154
0 14 19 20 0 172
0 15 17 20 0 108
0 15 11 20 0 71
0 15 18 0 0 62
0 15 18 20 0 75
0 16 1 20 0 152
0 16 1 0 0 212
0 15 19 0 0 183
0 16 2 0 0 143
0 16 3 20 0 143
0 16 5 0 0 80
0 16 3 0 0 399
0 16 6 0 0 71
0 16 6 20 0 75
0 16 7 0 0 56
0 16 7 20 0 50
0 16 8 0 0 33
0 16 8 20 0 55
0 16 2 20 0 208
0 16 9 20 0 56
0 16 9 0 0 113
0 16 11 0 0 107
0 16 12 0 0 67
0 16 12 20 
0 16 13 0 0 71
0 16 13 20 0 55
0 16 5 20 0 121
0 16 14 0 0 144
0 16 14 20 0 95
0 16 15 0 0 157
0 16 15 20 0 91
0 16 17 0 0 194
0 16 18 0 0 207
0 16 17 20 0 136
0 16 18 20 0 259
0 16 19 0 0 163
0 16 19 20 0 128
0 17 1 20 0 173
0 15 19 20 0 154
0 17 2 0 0 117
0 17 1 0 0 245
0 16 11 20 0 55
0 17 2 20 0 98
0 17 4 20 0 143
0 17 5 0 0 93
0 17 6 0 0 204
0 17 7 0 0 106
0 17 4 0 0 144
0 17 7 20 0 166
0 17 6 20 0 155
0 17 5 20 0 95
0 17 8 0 0 103
0 17 8 20 0 103
0 17 11 0 0 83
0 17 9 0 0 90
0 17 12 20 0 102
0 17 12 0 0 90
0 17 13 0 0 117
0 17 14 0 0 119
0 17 14 20 0 80
0 17 15 0 0 154
0 17 15 20 0 175
0 17 16 0 0 194
0 17 16 20 0 354
0 17 18 0 0 186
0 17 18 20 0 70
0 17 19 0 0 204
0 17 19 20 0 127
0 18 1 0 0 160
0 17 13 20 0 142
0 17 11 20 0 84
0 18 1 20 0 462
0 18 3 20 0 98
0 18 4 20 0 208
0 18 5 0 0 81
0 18 5 20 0 66
0 18 6 0 0 93
0 18 6 20 0 105
0 18 7 0 0 83
0 18 7 20 0 185
0 18 8 0 0 96
0 18 8 20 0 108
0 18 9 0 0 28
0 18 9 20 0 36
0 18 11 0 0 83
0 18 11 20 0 91
0 18 12 0 0 148
0 18 12 20 0 142
0 18 4 0 0 288
0 18 13 20 0 212
0 18 13 0 0 75
0 18 14 20 0 91
0 18 15 0 0 62
0 18 14 0 0 138
0 18 16 0 0 207
0 18 16 20 0 145
0 18 17 0 0 186
0 18 3 0 0 71
0 18 19 0 0 283
0 18 15 20 0 116
0 18 19 20 0 249
0 19 2 20 0 462
0 19 3 0 0 119
0 19 2 0 0 254
0 19 4 0 0 130
0 19 4 20 0 152
0 19 5 0 0 166
0 19 3 20 0 173
0 19 6 0 0 151
0 19 6 20 0 183
0 19 7 0 0 202
0 19 7 20 0 224
0 19 8 0 0 180
0 19 5 20 0 177
0 19 8 20 0 221
0 19 9 20 0 95
0 19 11 0 0 134
0 19 11 20 0 84
0 19 12 0 0 177
0 19 12 20 0 192
0 18 17 20 0 116
0 19 9 0 0 89
0 19 13 20 0 198
0 19 14 20 0 263
0 19 15 0 0 183
0 19 15 20 0 234
0 19 14 0 0 237
0 19 16 0 0 163
0 19 16 20 0 227
0 19 17 0 0 204
0 19 17 20 0 235
0 19 18 0 0 283
0 19 18 20 0 147
1 0 2 19 0 273
1 0 3 1 0 129
1 0 3 19 0 252
1 0 4 1 0 154
1 0 2 1 0 563
1 0 4 19 0 158
1 0 5 19 0 173
1 0 5 1 0 187
1 0 6 19 0 213
1 0 6 1 0 217
1 0 7 19 0 182
0 19 13 0 0 191
1 0 7 1 0 242
1 0 9 1 0 92
1 0 9 19 0 142
1 0 11 1 0 86
1 0 8 19 0 170
1 0 12 1 0 185
0 17 9 20 0 115
1 0 12 19 0 170
1 0 11 19 0 81
1 0 8 1 0 204
1 0 14 1 0 249
1 0 15 1 0 247
1 0 15 19 0 154
1 0 14 19 0 172
1 0 16 1 0 212
1 0 17 1 0 245
1 0 16 19 0 128
1 0 18 1 0 160
1 0 18 19 0 249
1 2 0 1 0 563
1 0 17 19 0 127
1 2 3 1 0 858
1 2 0 19 0 147
1 2 3 19 0 400
1 2 4 19 0 72
1 2 5 1 0 143
1 2 4 1 0 74
1 2 6 1 0 191
1 0 13 1 0 193
1 2 5 19 0 97
1 2 7 19 0 117
1 2 8 1 0 111
1 2 8 19 0 134
1 2 7 1 0 172
1 2 9 19 0 68
1 2 11 1 0 91
1 2 11 19 0 69
1 2 12 1 0 120
1 2 12 19 0 96
1 2 9 1 0 88
1 2 13 19 0 126
1 2 14 1 0 156
1 2 14 19 0 113
1 2 15 1 0 203
1 2 15 19 0 165
1 2 16 1 0 187
1 2 16 19 0 172
1 2 17 1 0 207
1 2 17 19 0 211
1 2 20 1 0 283
1 2 20 19 0 249
1 3 0 1 0 129
1 3 0 19 0 235
1 3 2 1 0 858
1 3 2 19 0 232
1 2 6 19 0 158
1 2 13 1 0 133
1 0 13 19 0 194
1 3 5 1 0 202
1 3 5 19 0 352
1 3 6 19 0 90
1 3 6 1 0 116
1 3 7 19 0 119
1 3 8 1 0 83
1 3 8 19 0 73
1 3 9 1 0 76
1 3 9 19 0 42
1 3 11 1 0 81
1 3 11 19 0 133
1 3 12 1 0 87
1 3 12 19 0 83
1 3 13 1 0 89
1 3 13 19 0 78
1 3 14 1 0 121
1 3 14 19 0 105
1 3 15 1 0 225
1 3 15 19 0 150
1 3 16 1 0 93
1 3 16 19 0 145
1 3 18 1 0 392
1 3 18 19 0 211
1 3 20 1 0 204
1 3 20 19 0 127
1 4 0 1 0 154
1 4 0 19 0 227
1 4 2 1 0 74
1 4 2 19 0 171
1 4 3 1 0 86
1 3 7 1 0 102
1 4 5 1 0 112
1 4 5 19 0 156
1 4 3 19 0 90
1 4 6 19 
1 4 7 1 0 67
1 4 6 1 
1 4 8 1 0 70
1 4 8 19 0 38
1 4 9 1 0 23
1 4 7 19 0 106
1 4 9 19 0 23
1 4 11 19 0 15
1 4 12 1 0 61
1 4 11 1 0 21
1 4 12 19 0 34
1 4 13 19 0 61
1 4 13 1 0 38
1 4 14 19 0 47
1 4 15 1 0 118
1 4 15 19 0 108
1 4 17 1 0 132
1 4 17 19 0 145
1 4 18 1 0 75
1 4 14 1 0 44
1 3 4 19 0 131
1 4 20 19 0 128
1 5 0 1 0 187
1 5 0 19 0 234
1 3 4 1 0 86
1 5 2 1 0 143
1 5 3 1 0 202
1 5 3 19 0 220
1 5 4 1 0 112
1 5 4 19 0 94
1 5 6 1 0 85
1 5 6 19 0 74
1 5 7 1 0 70
1 5 7 19 0 85
1 5 8 1 0 16
1 5 2 19 0 201
1 5 9 1 0 87
1 5 9 19 0 90
1 5 11 1 0 118
1 5 11 19 0 79
1 4 18 19 0 172
1 5 8 19 0 18
1 5 12 19 0 58
1 5 13 1 0 102
1 5 14 1 0 83
1 5 13 19 0 125
1 5 14 19 0 111
1 5 16 19 0 108
1 5 17 1 0 319
1 5 17 19 0 150
1 5 18 1 0 104
1 5 18 19 0 165
1 5 20 1 0 183
1 5 20 19 0 154
1 6 0 1 0 217
1 6 0 19 0 263
1 6 2 1 0 191
1 6 2 19 0 190
1 6 3 1 0 116
1 6 3 19 0 129
1 6 4 1 
1 6 4 19 0 44
1 6 5 1 0 85
1 6 5 19 0 69
1 5 16 1 0 183
1 6 7 19 0 73
1 6 8 1 0 59
1 6 8 19 0 62
1 6 9 1 0 37
1 6 9 19 0 42
1 6 11 1 0 28
1 6 11 19 0 57
1 5 12 1 0 25
1 6 7 1 0 100
1 4 20 1 0 163
1 6 12 1 0 63
1 6 12 19 0 95
1 6 13 1 0 66
1 6 13 19 0 83
1 6 15 19 0 111
1 6 17 1 0 81
1 6 17 19 0 105
1 6 18 1 0 158
1 6 18 19 0 113
1 6 20 1 0 237
1 6 20 19 0 172
1 7 0 1 0 242
1 6 16 19 0 47
1 6 16 1 
1 7 0 19 0 198
1 7 2 1 0 172
1 6 15 1 0 71
1 7 2 19 0 146
1 7 3 19 0 108
1 7 5 1 0 70
1 7 5 19 0 97
1 7 6 1 0 100
1 7 6 19 0 59
1 7 8 1 0 51
1 7 8 19 0 67
1 7 9 1 
1 7 4 19 0 36
1 7 11 1 0 19
1 7 11 19 0 30
1 7 9 19 
1 7 12 19 0 54
1 7 12 1 0 59
1 7 14 1 0 72
1 7 15 1 0 83
1 7 14 19 0 83
1 7 3 1 0 102
1 7 16 1 0 104
1 7 15 19 0 125
1 7 16 19 0 61
1 7 17 1 0 126
1 7 17 19 0 78
1 7 18 19 0 126
1 7 20 1 0 191
1 8 0 1 0 204
1 8 0 19 0 192
1 8 2 1 0 111
1 8 2 19 0 135
1 8 3 1 0 83
1 8 3 19 0 94
1 8 4 1 0 70
1 8 4 19 0 62
1 8 5 1 0 16
1 8 5 19 0 29
1 8 6 1 0 59
1 8 6 19 0 59
1 8 7 1 0 51
1 8 7 19 0 78
1 7 4 1 0 67
1 8 9 19 0 28
1 7 20 19 0 194
1 8 11 1 0 42
1 8 9 1 0 22
1 8 13 19 0 54
1 8 14 1 0 62
1 8 13 1 0 61
1 8 14 19 0 95
1 7 18 1 0 121
1 8 15 19 0 58
1 8 16 1 0 34
1 8 17 1 0 70
1 8 17 19 0 83
1 8 18 1 0 125
1 8 18 19 0 96
1 8 20 1 0 177
1 8 20 19 0 170
1 9 0 1 0 92
1 9 0 19 0 84
1 9 2 1 0 88
1 9 2 19 0 79
1 9 3 1 0 76
1 9 3 19 0 84
1 9 4 1 0 23
1 9 4 19 0 20
1 9 5 1 0 87
1 8 11 19 0 39
1 9 5 19 0 120
1 9 6 19 0 26
1 9 7 1 
1 9 7 19 0 17
1 9 8 1 0 22
1 9 8 19 0 45
1 9 12 1 0 30
1 9 12 19 0 39
1 9 13 1 
1 9 13 19 0 30
1 9 14 1 0 41
1 9 14 19 0 57
1 9 15 1 0 88
1 9 15 19 0 79
1 9 16 1 0 18
1 9 16 19 0 15
1 8 15 1 0 16
1 9 17 19 0 133
1 9 17 1 0 55
1 9 18 19 0 69
1 8 16 19 0 34
1 9 20 1 0 134
1 9 18 1 0 66
1 9 6 1 0 37
1 9 20 19 0 81
1 11 0 1 0 86
1 11 0 19 0 95
1 11 2 1 0 91
1 11 2 19 0 84
1 11 3 1 0 81
1 11 3 19 0 79
1 11 4 1 0 21
1 11 4 19 0 25
1 11 5 1 0 118
1 11 5 19 0 95
1 11 7 1 0 19
1 11 7 19 
1 11 8 19 0 24
1 11 12 1 0 40
1 11 12 19 0 28
1 11 6 19 0 35
1 11 13 1 0 29
1 11 8 1 0 42
1 11 14 1 0 53
1 11 14 19 0 42
1 11 15 19 0 90
1 11 16 1 0 14
1 11 15 1 0 76
1 11 17 1 0 88
1 11 17 19 0 42
1 11 16 19 0 23
1 11 18 1 0 72
1 11 20 1 0 89
1 11 20 19 0 142
1 12 0 1 0 185
1 11 13 19 
1 12 0 19 0 221
1 12 2 19 0 118
1 12 3 1 0 87
1 12 3 19 0 95
1 12 4 1 0 61
1 12 2 1 0 120
1 12 5 1 0 25
1 12 5 19 0 15
1 12 6 1 0 63
1 12 6 19 0 56
1 12 7 1 0 59
1 12 7 19 0 53
1 12 9 1 0 30
1 12 9 19 0 24
1 12 4 19 0 67
1 12 11 19 0 45
1 12 13 1 0 56
1 12 13 19 0 67
1 11 18 19 0 68
1 12 14 1 0 107
1 12 14 19 0 62
1 12 15 19 0 18
1 12 16 1 0 40
1 12 15 1 0 66
1 12 16 19 0 38
1 12 17 19 0 73
1 12 18 1 0 105
1 12 18 19 0 134
1 12 11 1 0 40
1 12 17 1 0 87
1 12 20 1 0 180
1 13 0 1 0 193
1 13 0 19 0 224
1 13 2 1 0 133
1 13 3 1 0 89
1 13 3 19 0 105
1 13 4 1 0 38
1 13 4 19 0 71
1 13 2 19 0 152
1 13 5 1 0 102
1 13 6 1 0 66
1 13 6 19 0 96
1 13 8 1 0 61
1 13 8 19 0 53
1 13 9 1 
1 13 9 19 
1 13 11 1 0 29
1 13 11 19 0 17
1 12 20 19 0 170
1 13 12 1 0 56
1 13 14 1 0 84
1 13 14 19 0 73
1 13 15 1 0 141
1 13 15 19 0 85
1 13 16 1 0 75
1 13 16 19 0 106
1 13 17 1 0 90
1 13 17 19 0 119
1 13 18 1 0 135
1 13 18 19 0 117
1 13 20 1 0 202
1 13 20 19 0 182
1 14 0 1 0 249
1 14 0 19 0 183
1 14 2 1 0 156
1 14 2 19 0 210
1 13 5 19 0 78
1 13 12 19 0 78
1 14 3 19 0 119
1 14 4 19 
1 14 5 1 0 83
1 14 5 19 0 87
1 14 7 1 0 72
1 14 7 19 0 96
1 14 8 1 0 62
1 14 8 19 0 56
1 14 9 1 0 41
1 14 9 19 0 35
1 11 6 1 0 28
1 14 11 1 0 53
1 14 4 1 0 44
1 14 3 1 0 121
1 14 11 19 0 26
1 14 12 1 0 107
1 14 12 19 0 59
1 14 13 1 0 84
1 14 13 19 0 59
1 14 15 1 0 112
1 14 17 1 0 96
1 14 16 19 
1 14 17 19 0 90
1 14 16 1 0 45
1 14 20 1 0 151
1 14 18 19 0 158
1 14 20 19 0 213
1 15 0 19 0 177
1 15 2 1 0 203
1 15 2 19 0 138
1 15 3 1 0 225
1 15 3 19 0 212
1 15 4 1 0 118
1 15 4 19 0 128
1 15 6 1 0 71
1 14 15 19 0 74
1 15 6 19 0 87
1 15 0 1 0 247
1 15 8 1 0 16
1 15 8 19 0 15
1 15 7 1 0 83
1 15 9 1 0 88
1 15 9 19 0 95
1 15 11 19 0 120
1 15 12 1 0 66
1 15 11 1 0 76
1 15 13 1 0 141
1 15 13 19 0 97
1 15 14 1 0 112
1 15 12 19 0 29
1 15 14 19 0 69
1 15 16 1 0 129
1 15 17 1 0 149
1 15 17 19 0 352
1 15 7 19 0 78
1 15 18 1 0 126
1 15 16 19 0 156
1 14 18 1 0 117
1 15 18 19 0 97
1 16 0 1 0 212
1 16 0 19 0 152
1 16 2 1 0 187
1 15 20 19 0 173
1 16 3 1 0 93
1 16 5 1 0 183
1 16 3 19 0 91
1 16 5 19 0 128
1 16 6 19 
1 16 7 1 0 104
1 16 7 19 0 71
1 16 8 1 0 34
1 16 8 19 0 67
1 16 9 1 0 18
1 16 9 19 0 25
1 16 11 1 0 14
1 16 2 19 0 64
1 16 11 19 0 20
1 16 12 1 0 40
1 16 6 1 
1 15 20 1 0 166
1 16 12 19 0 62
1 16 14 1 0 45
1 16 14 19 0 44
1 16 15 19 0 94
1 16 15 1 0 129
1 16 17 19 0 131
1 16 18 1 0 185
1 16 18 19 0 72
1 16 17 1 0 174
1 16 20 1 0 130
1 17 0 1 0 245
1 16 20 19 0 158
1 17 0 19 0 173
1 17 2 1 0 207
1 17 2 19 0 938
1 17 4 1 0 132
1 17 4 19 0 91
1 17 5 1 0 319
1 17 5 19 0 212
1 17 6 19 0 119
1 17 6 1 0 81
1 16 13 19 0 36
1 17 7 1 0 126
1 16 13 1 0 75
1 17 8 1 0 70
1 17 8 19 0 95
1 17 9 1 0 55
1 17 11 19 0 84
1 17 12 1 0 87
1 17 9 19 0 79
1 17 12 19 0 94
1 17 11 1 0 88
1 17 14 1 0 96
1 17 14 19 0 129
1 17 13 1 0 90
1 17 7 19 0 105
1 17 15 1 0 149
1 17 16 1 0 174
1 17 16 19 0 90
1 17 18 1 0 189
1 17 18 19 0 400
1 17 20 1 0 119
1 18 0 1 0 160
1 17 20 19 0 252
1 18 0 19 0 462
1 18 3 19 0 938
1 18 4 1 0 75
1 18 4 19 0 64
1 18 5 1 0 104
1 18 5 19 0 138
1 18 6 1 0 158
1 17 15 19 0 220
1 18 7 1 0 121
1 18 7 19 0 152
1 18 8 1 0 125
1 18 8 19 0 118
1 18 9 1 0 66
1 18 9 19 0 84
1 18 11 1 0 72
1 18 11 19 0 79
1 18 12 1 0 105
1 18 12 19 0 135
1 18 13 1 0 135
1 18 6 19 0 210
1 18 14 1 0 117
1 18 14 19 0 190
1 18 15 1 0 126
1 18 15 19 0 201
1 18 16 1 0 185
1 18 13 19 0 146
1 18 16 19 0 171
1 18 17 1 0 189
1 18 17 19 0 232
1 18 20 19 0 273
1 20 2 1 0 283
1 18 20 1 0 254
1 20 3 1 0 204
1 20 3 19 0 173
1 20 4 1 0 163
1 20 2 19 0 462
1 18 3 1 0 392
1 17 13 19 0 108
1 20 5 19 0 177
1 20 6 19 0 183
1 20 7 1 0 191
1 20 7 19 0 224
1 20 8 1 0 177
1 20 8 19 0 221
1 20 9 1 0 134
1 20 9 19 0 95
1 20 11 1 0 89
1 20 11 19 0 84
1 20 12 1 0 180
1 20 12 19 0 192
1 20 13 1 0 202
1 20 13 19 0 198
1 20 14 1 0 151
1 20 14 19 0 263
1 20 15 1 0 166
1 20 15 19 0 234
1 20 16 1 0 130
1 20 6 1 0 237
1 20 17 1 0 119
1 20 16 19 0 227
1 20 18 1 0 254
1 20 4 19 0 152
1 20 18 19 0 147
2 0 1 2 0 563
2 0 1 18 0 273
2 0 3 2 0 86
2 0 4 2 0 201
2 0 3 18 0 193
2 0 4 18 0 190
2 0 5 18 0 71
2 0 6 2 0 113
2 0 6 18 0 143
2 0 7 2 0 161
2 0 7 18 0 76
2 0 8 2 0 116
2 0 8 18 0 163
2 0 9 2 0 40
2 0 5 2 0 66
2 0 9 18 0 85
1 20 17 19 0 235
2 0 11 2 0 98
1 20 5 1 0 183
2 0 11 18 0 30
2 0 12 2 0 128
2 0 12 18 0 106
2 0 13 2 0 176
2 0 13 18 0 103
2 0 14 2 0 84
2 0 14 18 0 100
2 0 15 18 0 75
2 0 16 18 0 259
2 0 17 2 0 117
2 0 19 2 0 254
2 0 17 18 0 70
2 0 19 18 0 147
2 1 0 18 0 249
2 1 3 2 0 858
2 1 0 2 0 563
2 1 4 2 0 74
2 1 4 18 0 172
2 1 5 2 0 143
2 1 5 18 0 165
2 1 6 2 0 191
2 1 6 18 0 113
2 1 7 2 0 172
2 1 7 18 0 126
2 1 8 2 0 111
2 1 8 18 0 96
2 1 9 2 0 88
2 1 9 18 0 69
2 1 11 2 0 91
2 1 11 18 0 68
2 1 12 2 0 120
2 1 12 18 0 134
2 1 13 2 0 133
2 1 13 18 0 117
2 1 14 2 0 156
2 1 3 18 0 211
2 1 15 2 0 203
2 1 15 18 0 97
2 1 16 2 0 187
2 0 15 2 0 111
2 1 14 18 0 158
2 0 16 2 0 143
2 1 17 2 0 207
2 1 17 18 0 400
2 3 0 2 0 86
2 3 0 18 0 116
2 3 1 2 0 858
2 3 1 18 0 232
2 3 4 2 0 345
2 3 4 18 0 176
2 1 20 2 0 283
2 3 5 18 0 90
2 3 5 2 0 121
2 3 6 2 0 70
2 3 7 2 0 60
2 3 7 18 0 15
2 3 6 18 0 100
2 3 8 2 0 62
2 3 9 2 0 62
2 3 8 18 0 50
2 3 11 2 0 60
2 3 9 18 0 58
2 3 11 18 0 84
2 3 12 2 0 62
2 3 13 2 0 107
2 3 12 18 0 24
2 3 14 2 0 91
2 3 14 18 0 77
2 3 15 2 0 238
2 3 15 18 0 111
2 3 16 2 0 108
2 3 16 18 0 187
2 3 19 2 0 189
2 3 19 18 0 400
2 3 13 18 0 49
2 3 20 18 0 70
2 3 20 2 0 186
2 4 0 18 0 145
2 4 1 2 0 74
2 4 1 18 0 171
2 4 3 2 0 345
2 4 3 18 0 110
2 4 5 2 0 66
2 4 5 18 0 57
2 4 6 2 0 93
2 1 20 18 0 147
2 4 7 2 0 36
2 4 6 18 0 110
2 4 7 18 0 18
2 4 0 2 0 201
2 4 8 2 0 76
2 1 16 18 0 72
2 4 8 18 0 56
2 4 9 2 0 23
2 4 11 2 0 20
2 4 12 18 0 77
2 4 9 18 0 13
2 4 13 2 0 39
2 4 14 2 0 100
2 4 14 18 0 62
2 4 15 2 0 60
2 4 12 2 0 65
2 4 15 18 0 63
2 4 17 18 0 187
2 4 19 2 0 185
2 4 19 18 0 72
2 4 20 2 0 207
2 4 20 18 0 259
2 5 0 2 0 66
2 4 11 18 0 49
2 5 1 2 0 143
2 5 1 18 0 201
2 4 17 2 0 199
2 5 3 18 0 243
2 5 4 2 0 66
2 5 3 2 0 121
2 5 4 18 0 67
2 5 6 2 0 67
2 5 7 2 0 85
2 5 7 18 0 56
2 5 8 2 0 46
2 5 8 18 0 51
2 5 9 2 0 57
2 5 9 18 0 32
2 5 11 2 0 31
2 5 11 18 0 37
2 5 6 18 0 73
2 5 0 18 0 116
2 5 12 2 0 24
2 4 13 18 0 34
2 5 13 18 0 128
2 5 14 2 0 35
2 5 12 18 0 13
2 5 16 2 0 54
2 5 16 18 0 63
2 5 17 2 0 75
2 5 17 18 0 111
2 5 19 18 0 97
2 5 19 2 0 126
2 5 20 2 0 62
2 5 20 18 0 75
2 5 14 18 0 80
2 6 0 2 0 113
2 6 1 18 0 190
2 6 3 2 0 70
2 6 3 18 0 105
2 6 4 2 0 93
2 6 4 18 0 97
2 6 5 2 0 67
2 6 5 18 0 43
2 6 0 18 0 91
2 6 7 18 0 53
2 6 8 2 
2 6 7 2 0 52
2 6 8 18 
2 6 9 18 0 18
2 6 9 2 0 24
2 6 11 18 0 9
2 6 11 2 0 7
2 6 12 2 0 74
2 6 13 2 0 43
2 6 12 18 0 128
2 6 13 18 0 50
2 6 15 18 0 80
2 6 16 2 0 112
2 6 16 18 0 62
2 6 17 2 0 102
2 6 17 18 0 77
2 6 19 2 0 117
2 5 13 2 0 53
2 6 1 2 0 191
2 6 15 2 0 74
2 6 19 18 0 158
2 6 20 2 0 138
2 6 20 18 0 100
2 7 0 2 0 161
2 7 0 18 0 212
2 7 1 2 0 172
2 7 4 2 0 36
2 7 3 2 0 60
2 7 5 2 0 85
2 7 5 18 0 52
2 7 6 2 0 52
2 7 6 18 0 45
2 7 8 2 0 20
2 7 8 18 0 20
2 7 9 2 0 57
2 7 9 18 0 24
2 7 11 2 0 32
2 7 11 18 0 59
2 7 12 2 0 5
2 7 12 18 0 39
2 7 14 2 0 56
2 7 14 18 0 50
2 7 15 2 0 58
2 7 15 18 0 128
2 7 16 2 0 17
2 7 16 18 0 34
2 7 17 2 0 15
2 7 17 18 0 49
2 7 19 2 0 135
2 7 19 18 0 117
2 7 20 2 0 75
2 7 20 18 0 103
2 8 0 2 0 116
2 8 0 18 0 142
2 8 1 2 0 111
2 8 1 18 0 135
2 8 3 2 0 62
2 8 3 18 0 66
2 8 4 2 0 76
2 8 4 18 0 56
2 8 5 2 0 46
2 8 5 18 0 23
2 8 6 2 
2 8 6 18 0 86
2 8 7 2 0 20
2 8 7 18 0 6
2 8 9 2 0 15
2 8 9 18 0 22
2 8 11 2 0 7
2 7 4 18 0 31
2 7 1 18 0 146
2 8 11 18 0 13
2 7 3 18 0 104
2 8 13 2 0 20
2 8 13 18 0 39
2 8 14 2 
2 8 14 18 0 128
2 8 16 18 0 77
2 8 17 2 0 44
2 8 17 18 0 24
2 8 16 2 0 59
2 8 15 18 0 13
2 8 20 2 0 148
2 8 20 18 0 106
2 8 19 18 0 134
2 9 0 18 0 91
2 9 1 2 0 88
2 9 0 2 0 40
2 9 1 18 0 79
2 9 3 18 0 59
2 9 4 2 0 23
2 8 19 2 0 105
2 8 15 2 0 53
2 9 5 2 0 57
2 9 5 18 0 30
2 9 6 18 0 7
2 9 6 2 0 24
2 9 7 18 0 31
2 9 4 18 0 22
2 9 8 2 0 15
2 9 8 18 0 8
2 9 12 2 0 22
2 9 3 2 0 62
2 9 12 18 0 13
2 9 7 2 0 57
2 9 13 2 0 27
2 9 13 18 0 59
2 9 14 2 0 16
2 9 16 2 0 11
2 9 16 18 0 49
2 9 17 2 0 54
2 9 17 18 0 84
2 9 19 2 0 72
2 9 19 18 0 68
2 9 20 2 0 83
2 9 20 18 0 30
2 11 0 2 0 98
2 11 0 18 0 36
2 11 1 2 0 91
2 9 14 18 0 9
2 11 3 2 0 60
2 11 3 18 0 45
2 11 4 2 0 20
2 11 4 18 0 25
2 11 5 2 0 31
2 11 5 18 0 57
2 11 6 2 0 7
2 11 6 18 0 23
2 11 7 2 0 32
2 11 7 18 0 60
2 11 8 2 0 7
2 11 8 18 0 14
2 11 12 2 0 13
2 11 12 18 0 22
2 11 13 2 0 57
2 11 13 18 0 24
2 11 14 2 0 9
2 11 14 18 0 18
2 11 15 2 0 40
2 11 15 18 0 32
2 11 16 2 0 58
2 9 15 18 0 37
2 11 16 18 0 13
2 11 17 18 0 58
2 11 17 2 0 59
2 11 19 18 0 69
2 11 20 2 0 28
2 11 20 18 0 85
2 11 1 18 0 84
2 11 19 2 0 66
2 12 0 2 0 128
2 12 1 18 0 118
2 12 3 2 0 62
2 12 3 18 0 59
2 12 4 2 0 65
2 12 4 18 0 66
2 12 5 2 0 24
2 12 5 18 0 44
2 12 1 2 0 120
2 12 6 18 
2 12 6 2 0 74
2 12 0 18 0 108
2 12 7 2 0 5
2 12 9 2 0 22
2 12 9 18 0 14
2 12 11 18 0 8
2 12 13 2 0 36
2 12 13 18 0 20
2 12 14 2 0 122
2 12 14 18 
2 12 15 2 0 14
2 12 15 18 0 51
2 12 16 2 0 76
2 12 16 18 0 56
2 12 17 2 0 26
2 12 17 18 0 50
2 12 19 2 0 125
2 12 19 18 0 96
2 12 20 2 0 96
2 12 20 18 0 163
2 13 0 2 0 176
2 13 0 18 0 185
2 13 1 2 0 133
2 13 1 18 0 152
2 13 3 2 0 107
2 13 3 18 0 54
2 13 4 2 0 39
2 13 4 18 0 33
2 13 5 2 0 53
2 13 5 18 0 71
2 13 6 2 0 43
2 12 7 18 0 17
2 9 15 2 0 36
2 12 11 2 0 13
2 13 8 2 0 20
2 13 9 2 0 27
2 13 9 18 0 60
2 13 11 18 0 31
2 13 12 2 0 36
2 13 12 18 0 6
2 13 14 2 0 52
2 13 14 18 0 53
2 13 15 2 0 116
2 13 15 18 0 56
2 13 16 2 0 37
2 13 16 18 0 18
2 13 11 2 0 57
2 13 8 18 0 17
2 13 19 2 0 121
2 13 19 18 0 126
2 13 17 2 0 48
2 13 6 18 0 47
2 13 17 18 0 15
2 13 20 2 0 83
2 14 1 2 0 156
2 14 0 18 0 105
2 14 3 2 0 91
2 14 3 18 0 75
2 14 4 2 0 100
2 14 4 18 0 83
2 14 5 2 0 35
2 14 5 18 0 50
2 14 7 2 0 56
2 14 7 18 0 47
2 14 8 2 
2 14 8 18 
2 14 9 2 0 16
2 14 9 18 0 23
2 14 11 2 0 9
2 14 11 18 0 7
2 14 12 2 0 122
2 14 12 18 0 86
2 14 13 2 0 52
2 14 13 18 0 45
2 14 15 2 0 83
2 14 15 18 0 73
2 14 16 2 0 77
2 14 16 18 0 110
2 14 17 2 0 70
2 14 17 18 0 100
2 14 19 2 0 158
2 14 19 18 0 113
2 14 20 2 0 93
2 13 20 18 0 76
2 15 0 2 0 111
2 15 0 18 0 66
2 14 20 18 0 143
2 15 1 2 0 203
2 15 3 2 0 238
2 15 3 18 0 126
2 15 4 2 0 60
2 15 4 18 0 66
2 15 6 2 0 74
2 15 6 18 0 50
2 15 7 2 0 58
2 15 7 18 0 71
2 15 8 2 0 53
2 15 1 18 0 138
2 15 9 2 0 36
2 15 9 18 0 57
2 15 11 2 0 40
2 15 11 18 0 30
2 15 12 2 0 14
2 15 12 18 0 23
2 15 13 2 0 116
2 15 13 18 0 52
2 15 14 2 0 83
2 15 14 18 0 43
2 15 8 18 0 44
2 14 0 2 0 84
2 15 16 2 0 60
2 15 17 18 0 90
2 15 19 2 0 104
2 15 17 2 0 108
2 15 16 18 0 57
2 14 1 18 0 210
2 15 19 18 0 165
2 15 20 18 0 71
2 16 0 2 0 143
2 16 1 18 0 64
2 16 3 2 0 108
2 16 3 18 0 418
2 15 20 2 0 81
2 16 5 18 0 66
2 16 6 2 0 112
2 16 6 18 0 83
2 16 7 2 0 17
2 16 5 2 0 54
2 16 7 18 0 33
2 16 8 18 0 66
2 16 9 2 0 11
2 16 9 18 0 25
2 16 11 2 0 58
2 16 11 18 0 22
2 16 12 2 0 76
2 16 12 18 0 56
2 16 13 2 0 37
2 16 13 18 0 31
2 16 14 2 0 77
2 16 14 18 0 97
2 16 15 2 0 60
2 16 15 18 0 67
2 16 17 2 0 176
2 16 17 18 0 176
2 16 19 2 0 75
2 16 19 18 0 172
2 16 20 2 0 288
2 16 20 18 0 190
2 17 0 2 0 117
2 17 0 18 0 98
2 17 1 2 0 207
2 17 1 18 0 938
2 17 4 2 0 199
2 16 0 18 0 208
2 17 5 2 0 75
2 17 5 18 0 126
2 17 6 2 0 102
2 17 6 18 0 75
2 17 4 18 0 418
2 17 7 2 0 15
2 17 8 2 0 44
2 17 8 18 0 59
2 17 7 18 0 54
2 17 9 18 0 45
2 17 11 2 0 59
2 16 8 2 0 59
2 17 11 18 0 59
2 17 12 18 0 66
2 17 12 2 0 26
2 17 13 2 0 48
2 17 14 2 0 70
2 17 14 18 0 105
2 17 15 2 0 108
2 17 15 18 0 243
2 17 16 2 0 176
2 17 16 18 0 110
2 17 19 2 0 392
2 17 9 2 0 54
2 17 13 18 0 104
2 17 20 18 0 193
2 19 0 2 0 254
2 16 1 2 0 187
2 19 0 18 0 462
2 19 3 18 0 938
2 19 4 2 0 185
2 19 4 18 0 64
2 19 5 2 0 126
2 19 5 18 0 138
2 19 6 2 0 117
2 19 6 18 0 210
2 19 7 2 0 135
2 19 7 18 0 152
2 19 8 2 0 105
2 19 8 18 0 118
2 19 9 2 0 72
2 19 9 18 0 84
2 19 11 2 0 66
2 19 11 18 0 79
2 19 12 2 0 125
2 19 12 18 0 135
2 19 13 2 0 121
2 19 13 18 0 146
2 19 14 2 0 158
2 17 20 2 0 71
2 19 15 2 0 104
2 19 15 18 0 201
2 19 16 2 0 75
2 19 16 18 0 171
2 19 17 2 0 392
2 19 17 18 0 232
2 19 20 2 0 160
2 19 20 18 0 273
2 20 1 2 0 283
2 20 1 18 0 462
2 20 3 2 0 186
2 20 3 18 0 98
2 20 4 2 0 207
2 20 4 18 0 208
2 17 19 18 0 211
2 20 5 2 0 62
2 20 5 18 0 66
2 20 6 2 0 138
2 20 7 2 0 75
2 20 7 18 0 185
2 20 8 2 0 148
2 20 8 18 0 108
2 20 9 2 0 83
2 20 9 18 0 36
2 20 11 2 0 28
2 20 11 18 0 91
2 20 12 2 0 96
2 19 14 18 0 190
2 20 13 2 0 83
2 20 13 18 0 212
2 20 14 2 0 93
2 20 14 18 0 91
2 20 15 2 0 81
2 19 3 2 0 189
2 20 16 2 0 288
2 20 16 18 0 145
2 20 12 18 0 142
2 20 17 2 0 71
2 20 17 18 0 116
2 20 15 18 0 116
2 20 19 2 0 160
2 20 19 18 0 249
3 0 2 3 0 86
3 0 1 3 0 129
3 0 4 3 0 151
3 0 4 17 0 188
3 0 5 3 0 107
3 0 5 17 0 220
3 0 6 3 0 165
3 0 6 17 0 111
3 0 7 3 0 141
3 0 7 17 0 123
3 0 8 3 0 111
3 0 8 17 0 79
3 0 9 3 0 106
3 0 9 17 0 84
3 0 11 3 0 73
3 0 11 17 0 85
3 0 12 3 0 94
3 0 12 17 0 113
3 0 13 3 0 137
3 0 13 17 0 115
3 0 2 17 0 193
3 0 14 3 0 84
3 0 15 3 0 126
3 0 15 17 0 108
3 0 16 3 0 399
3 0 16 17 0 136
3 0 18 3 0 71
3 0 18 17 0 116
3 0 19 3 0 119
3 0 19 17 0 235
3 1 0 3 0 129
3 1 0 17 0 127
3 1 2 3 0 858
3 1 2 17 0 211
3 1 4 3 0 86
3 1 4 17 0 145
3 1 5 3 0 202
3 1 5 17 0 150
3 1 6 3 0 116
3 0 1 17 0 252
3 1 7 3 0 102
3 1 7 17 0 78
3 1 8 3 0 83
3 1 8 17 0 83
3 1 9 3 0 76
3 1 9 17 0 133
3 1 11 3 0 81
3 1 11 17 0 42
3 1 12 3 0 87
3 1 12 17 0 73
3 1 13 3 0 89
3 0 14 17 0 194
2 20 6 18 0 105
3 1 13 17 0 119
3 1 15 3 0 225
3 1 15 17 0 352
3 1 16 3 0 93
3 1 16 17 0 131
3 1 18 3 0 392
3 1 18 17 0 232
3 1 14 17 0 90
3 1 20 17 0 235
3 2 0 3 0 86
3 2 0 17 0 70
3 2 1 3 0 858
3 2 1 17 0 400
3 2 4 3 0 345
3 1 6 17 0 105
3 2 5 3 0 121
3 2 4 17 0 187
3 2 5 17 0 111
3 2 6 3 0 70
3 2 7 3 0 60
3 2 6 17 0 77
3 2 8 3 0 62
3 2 8 17 0 24
3 2 7 17 0 49
3 2 9 3 0 62
3 2 11 3 0 60
3 2 9 17 0 84
3 2 12 3 0 62
3 2 12 17 0 50
3 2 13 3 0 107
3 2 13 17 0 15
3 2 14 3 0 91
3 2 14 17 0 100
3 1 20 3 0 204
3 2 15 17 0 90
3 2 16 3 0 108
3 2 16 17 0 176
3 2 19 3 0 189
3 2 19 17 0 232
3 2 20 3 0 186
3 2 20 17 0 116
3 4 0 3 0 151
3 4 0 17 0 354
3 4 1 3 0 86
3 4 1 17 0 90
3 4 2 3 0 345
3 4 2 17 0 110
3 4 5 3 0 89
3 4 5 17 0 244
3 4 6 3 0 28
3 4 6 17 0 23
3 4 7 3 0 28
3 4 7 17 0 25
3 2 15 3 0 238
3 2 11 17 0 58
3 4 8 3 0 43
3 4 9 17 0 44
3 4 9 3 0 41
3 4 11 3 0 35
3 1 14 3 0 121
3 4 11 17 0 43
3 4 12 17 0 30
3 4 13 17 0 47
3 4 13 3 0 39
3 4 8 17 0 37
3 4 12 3 0 42
3 4 14 17 0 43
3 4 18 3 0 176
3 4 18 17 0 176
3 4 19 3 0 174
3 4 19 17 0 131
3 4 20 3 0 194
3 4 20 17 0 136
3 5 0 3 0 107
3 5 0 17 0 175
3 5 1 3 0 202
3 5 1 17 0 220
3 5 2 3 0 121
3 5 2 17 0 243
3 5 4 3 0 89
3 5 4 17 0 65
3 5 6 3 0 18
3 5 6 17 0 52
3 5 7 3 0 42
3 5 7 17 0 93
3 5 8 3 0 46
3 5 8 17 0 26
3 5 9 3 0 28
3 5 9 17 
3 5 11 3 0 32
3 4 15 17 0 69
3 5 11 17 0 47
3 5 12 17 0 30
3 5 13 3 0 48
3 5 13 17 0 58
3 5 14 3 0 55
3 5 14 17 0 41
3 5 16 3 0 170
3 5 16 17 0 69
3 5 18 3 0 108
3 5 18 17 0 90
3 5 12 3 0 23
3 5 19 3 0 149
3 5 20 3 0 154
3 5 19 17 0 352
3 6 0 3 0 165
3 6 0 17 0 80
3 6 1 3 0 116
3 6 1 17 0 129
3 5 20 17 0 108
3 6 2 17 0 105
3 6 2 3 0 70
3 6 4 17 0 58
3 6 4 3 0 28
3 6 5 3 0 18
3 6 7 3 0 38
3 6 5 17 0 61
3 6 7 17 0 34
3 4 14 3 0 57
3 6 8 3 0 17
3 6 9 3 0 24
3 6 11 3 0 31
3 6 9 17 0 52
3 6 11 17 0 29
3 6 12 3 0 14
3 4 15 3 0 59
3 6 13 17 0 45
3 6 13 3 0 33
3 6 15 17 0 41
3 6 15 3 0 69
3 6 12 17 0 19
3 6 16 3 0 23
3 6 16 17 0 43
3 6 18 17 0 100
3 6 18 3 0 70
3 6 8 17 0 27
3 6 19 17 0 90
3 7 0 3 0 141
3 7 0 17 0 142
3 7 1 3 0 102
3 7 1 17 0 108
3 7 2 3 0 60
3 7 2 17 0 104
3 7 4 3 0 28
3 7 4 17 0 37
3 7 5 3 0 42
3 7 5 17 0 52
3 7 6 3 0 38
3 7 6 17 0 29
3 7 8 3 0 11
3 7 8 17 0 15
3 7 9 3 0 18
3 7 9 17 0 53
3 7 11 3 0 13
3 7 11 17 0 65
3 7 12 3 0 22
3 6 20 3 0 119
3 6 20 17 0 194
3 6 19 3 0 96
3 7 14 3 0 31
3 7 15 17 0 58
3 7 15 3 0 88
3 7 16 3 0 25
3 7 16 17 0 47
3 7 18 17 0 15
3 7 19 3 0 90
3 7 19 17 0 119
3 7 20 3 0 117
3 7 20 17 0 115
3 8 0 3 0 111
3 8 0 17 0 102
3 8 1 3 0 83
3 8 1 17 0 94
3 8 2 3 0 62
3 8 2 17 0 66
3 8 4 3 0 43
3 8 4 17 0 57
3 8 5 3 0 46
3 8 5 17 0 23
3 8 6 3 0 17
3 8 6 17 0 12
3 8 7 3 0 11
3 7 18 3 0 48
3 8 9 3 0 28
3 8 9 17 0 22
3 8 7 17 0 16
3 8 11 17 0 19
3 8 13 3 0 12
3 8 11 3 0 16
3 8 14 3 0 26
3 8 14 17 0 19
3 8 13 17 0 28
3 8 15 17 0 30
3 8 16 3 0 41
3 8 15 3 0 23
3 8 18 3 0 26
3 8 18 17 0 50
3 8 19 3 0 87
3 8 19 17 0 73
3 8 20 3 0 90
3 8 20 17 0 113
3 9 0 3 0 106
3 9 0 17 0 84
3 9 1 3 0 76
3 9 1 17 0 84
3 9 2 3 0 62
3 9 2 17 0 59
3 9 4 3 0 41
3 9 4 17 0 38
3 9 5 3 0 28
3 9 5 17 0 29
3 8 16 17 0 30
3 9 6 3 0 24
3 9 7 3 0 18
3 9 7 17 0 15
3 9 8 3 0 28
3 7 14 17 0 45
3 9 6 17 0 29
3 9 12 3 0 22
3 9 12 17 0 19
3 7 12 17 0 28
3 9 8 17 0 19
3 9 13 3 0 53
3 9 13 17 0 65
3 9 15 3 
3 9 15 17 0 47
3 9 14 3 0 51
3 9 14 17 0 29
3 9 18 3 0 59
3 9 18 17 0 58
3 9 19 17 0 42
3 9 19 3 0 88
3 9 20 3 0 83
3 11 0 3 0 73
3 11 0 17 0 115
3 11 1 3 0 81
3 9 20 17 0 85
3 11 2 3 0 60
3 11 1 17 0 79
3 11 2 17 0 45
3 11 4 17 0 47
3 11 5 3 0 32
3 11 5 17 0 31
3 11 4 3 0 35
3 11 6 3 0 31
3 11 7 3 0 13
3 11 7 17 0 20
3 11 8 3 0 16
3 11 8 17 0 32
3 11 12 3 0 19
3 11 6 17 0 23
3 11 12 17 0 22
3 11 13 3 0 62
3 9 16 17 0 43
3 11 14 17 0 52
3 11 14 3 0 24
3 11 15 17 
3 11 15 3 0 47
3 11 16 3 0 47
3 11 18 3 0 54
3 11 18 17 0 84
3 11 19 3 0 55
3 11 19 17 0 133
3 11 20 3 0 90
3 11 20 17 0 84
3 12 0 3 0 94
3 12 0 17 0 103
3 12 1 3 0 87
3 12 1 17 0 95
3 12 2 3 0 62
3 12 2 17 0 59
3 12 4 3 0 42
3 12 4 17 0 46
3 12 5 3 0 23
3 12 5 17 0 42
3 12 6 3 0 14
3 12 6 17 0 18
3 12 7 3 0 22
3 12 7 17 0 14
3 12 9 3 0 22
3 12 9 17 0 32
3 12 11 3 0 19
3 12 11 17 0 19
3 11 13 17 0 53
3 12 13 3 0 38
3 12 13 17 0 15
3 12 14 3 0 19
3 12 15 3 0 27
3 12 14 17 0 27
3 12 16 3 0 28
3 12 16 17 0 37
3 12 18 3 0 44
3 12 18 17 0 24
3 12 19 3 0 70
3 12 19 17 0 83
3 11 16 17 0 44
3 12 20 3 0 103
3 13 0 3 0 137
3 12 15 17 0 26
3 9 16 3 0 41
3 12 20 17 0 79
3 13 0 17 0 166
3 13 1 3 0 89
3 13 1 17 0 105
3 13 2 3 0 107
3 13 2 17 0 54
3 13 4 3 0 39
3 13 4 17 0 33
3 13 5 3 0 48
3 13 5 17 0 41
3 13 6 3 0 33
3 13 6 17 0 43
3 13 9 3 0 53
3 13 9 17 0 20
3 13 11 3 0 62
3 13 12 3 0 38
3 13 12 17 0 16
3 13 8 3 0 12
3 13 14 17 0 34
3 13 15 3 0 54
3 13 14 3 0 49
3 13 15 17 0 93
3 13 16 17 0 25
3 13 16 3 0 57
3 13 18 3 0 15
3 13 8 17 0 14
3 13 19 3 0 126
3 13 11 17 0 15
3 13 18 17 0 49
3 13 20 17 0 123
3 14 0 17 0 155
3 14 1 3 0 121
3 14 1 17 0 119
3 14 2 3 0 91
3 14 2 17 0 75
3 14 4 3 0 57
3 14 0 3 0 84
3 14 4 17 0 31
3 14 5 17 0 19
3 14 7 3 0 31
3 14 7 17 0 43
3 14 8 3 0 26
3 14 8 17 0 18
3 14 9 3 0 51
3 14 9 17 0 23
3 14 11 3 0 24
3 14 5 3 0 55
3 14 11 17 0 29
3 14 12 17 0 12
3 14 13 3 0 49
3 14 13 17 0 29
3 14 15 3 0 43
3 14 15 17 0 52
3 14 16 3 0 48
3 14 16 17 0 23
3 14 18 3 0 102
3 14 18 17 0 77
3 14 19 3 0 81
3 14 19 17 0 105
3 14 20 3 0 204
3 14 20 17 0 111
3 15 0 3 0 126
3 15 0 17 0 95
3 15 1 3 0 225
3 15 1 17 0 212
3 15 2 3 0 238
3 15 2 17 0 126
3 15 4 3 0 59
3 15 4 17 0 88
3 15 6 3 0 69
3 15 6 17 0 19
3 15 7 3 0 88
3 15 7 17 0 41
3 15 8 3 0 23
3 15 8 17 0 42
3 15 9 3 
3 15 9 17 0 31
3 15 11 3 0 47
3 15 11 17 0 29
3 15 12 3 0 27
3 15 12 17 0 23
3 15 13 3 0 54
3 15 13 17 0 52
3 15 14 3 0 43
3 14 12 3 0 19
3 15 14 17 0 61
3 15 16 17 0 244
3 13 20 3 0 106
3 15 16 3 0 74
3 15 19 3 0 319
3 15 18 17 0 111
3 15 20 3 0 93
3 15 20 17 0 220
3 16 0 3 0 399
3 16 0 17 0 143
3 16 1 3 0 93
3 16 1 17 0 91
3 16 2 3 0 108
3 16 2 17 0 418
3 16 5 3 0 170
3 16 5 17 0 88
3 16 6 3 0 23
3 16 6 17 0 31
3 16 7 3 0 25
3 16 7 17 0 33
3 16 8 3 0 41
3 16 8 17 0 46
3 16 9 3 0 41
3 16 9 17 0 47
3 13 19 17 0 78
3 16 11 3 0 47
3 15 18 3 0 75
3 16 12 3 0 28
3 16 11 17 0 38
3 15 19 17 0 150
3 16 13 17 0 37
3 16 14 3 0 48
3 16 14 17 0 58
3 16 12 17 0 57
3 16 15 17 0 65
3 16 18 3 0 199
3 16 18 17 0 187
3 16 19 3 0 132
3 16 20 3 0 144
3 16 19 17 0 145
3 16 20 17 0 188
3 18 0 3 0 71
3 18 1 3 0 392
3 18 1 17 0 938
3 18 4 3 0 176
3 18 4 17 0 418
3 16 15 3 0 74
3 18 5 17 0 126
3 18 6 3 0 70
3 18 6 17 0 75
3 18 5 3 0 108
3 18 7 17 0 54
3 18 8 3 0 26
3 18 8 17 0 59
3 18 9 3 0 59
3 18 9 17 0 45
3 18 11 3 0 54
3 18 11 17 0 59
3 18 12 3 0 44
3 18 12 17 0 66
3 18 13 3 0 15
3 18 13 17 0 104
3 18 14 3 0 102
3 18 14 17 0 105
3 18 15 3 0 75
3 18 15 17 0 243
3 18 16 3 0 199
3 18 16 17 0 110
3 18 19 3 0 207
3 18 19 17 0 211
3 18 20 3 0 117
3 18 20 17 0 193
3 19 0 3 0 119
3 19 0 17 0 173
3 19 2 3 0 189
3 16 13 3 0 57
3 19 4 3 0 174
3 19 4 17 0 91
3 19 5 3 0 149
3 19 5 17 0 212
3 19 6 3 0 96
3 19 6 17 0 119
3 19 7 3 0 90
3 19 7 17 0 105
3 19 8 3 0 87
3 19 8 17 0 95
3 19 9 3 0 88
3 19 9 17 0 79
3 19 11 3 0 55
3 19 11 17 0 84
3 19 2 17 0 938
3 19 12 17 0 94
3 19 13 3 0 126
3 19 13 17 0 108
3 19 14 3 0 81
3 19 14 17 0 129
3 19 15 3 0 319
3 19 15 17 0 220
3 19 16 3 0 132
3 19 16 17 0 90
3 19 18 3 0 207
3 19 18 17 0 400
3 19 20 3 0 245
3 19 20 17 0 252
3 20 1 3 0 204
3 20 1 17 0 173
3 20 2 3 0 186
3 20 2 17 0 98
3 20 4 3 0 194
3 20 4 17 0 143
3 20 5 3 0 154
3 20 5 17 0 95
3 18 7 3 0 48
3 19 12 3 0 70
3 20 6 17 0 155
3 20 6 3 0 119
3 20 8 3 0 90
3 20 7 17 0 166
3 20 9 3 0 83
3 20 9 17 0 115
3 20 8 17 0 103
3 20 11 17 0 84
3 20 11 3 0 90
3 20 12 3 0 103
3 20 12 17 0 102
3 20 7 3 0 117
3 20 13 17 0 142
3 20 14 3 0 204
3 20 15 3 0 93
3 20 15 17 0 175
3 20 16 3 0 144
3 20 14 17 0 80
3 20 18 3 0 117
3 20 18 17 0 70
3 20 19 3 0 245
3 20 16 17 0 354
4 0 1 4 0 154
3 20 19 17 0 127
4 0 1 16 0 158
4 0 2 16 0 190
3 20 13 3 0 106
4 0 3 16 0 188
4 0 5 4 0 143
4 0 5 16 0 160
4 0 6 4 0 76
4 0 6 16 0 142
4 0 7 4 0 57
4 0 7 16 0 65
4 0 8 4 0 53
4 0 8 16 0 72
4 0 9 4 0 53
4 0 9 16 0 119
4 0 11 4 0 60
4 0 11 16 0 126
4 0 12 4 
4 0 2 4 0 201
4 0 13 4 0 56
3 18 0 17 0 98
4 0 14 4 0 95
4 0 3 4 0 151
4 0 14 16 0 66
4 0 15 4 0 102
4 0 15 16 0 80
4 0 17 16 0 354
4 0 18 4 0 288
4 0 18 16 0 145
4 0 19 4 0 130
4 0 19 16 0 227
4 1 0 4 0 154
4 1 0 16 0 128
4 1 2 4 0 74
4 1 2 16 0 172
4 1 3 4 0 86
4 1 3 16 0 145
4 1 5 4 0 112
4 1 5 16 0 108
4 1 6 4 
4 1 6 16 0 47
4 1 7 4 0 67
4 1 7 16 0 61
4 0 12 16 0 32
4 1 8 16 0 34
4 0 17 4 0 144
4 1 9 4 0 23
4 1 9 16 0 15
4 1 11 4 0 21
4 1 12 4 0 61
4 1 12 16 0 38
4 1 11 16 0 23
4 1 8 4 0 70
4 0 13 16 0 56
4 1 13 4 0 38
4 1 13 16 0 106
4 1 14 16 
4 1 17 4 0 132
4 1 17 16 0 90
4 1 18 4 0 75
4 1 18 16 0 171
4 1 15 16 0 156
4 1 20 16 0 227
4 1 20 4 0 163
4 1 15 4 0 118
4 2 1 4 0 74
4 2 0 16 0 259
4 2 3 4 0 345
4 2 0 4 0 201
4 2 3 16 0 187
4 2 5 16 0 63
4 2 6 4 0 93
4 2 5 4 0 66
4 2 6 16 0 62
4 2 7 16 0 34
4 2 7 4 0 36
4 2 8 16 0 77
4 2 8 4 0 76
4 2 9 16 0 49
4 2 11 4 0 20
4 2 9 4 0 23
4 2 11 16 0 13
4 2 12 4 0 65
4 2 13 4 0 39
4 2 12 16 0 56
4 2 14 4 0 100
4 2 14 16 0 110
4 2 15 4 0 60
4 2 15 16 0 57
4 2 17 4 0 199
4 2 17 16 0 110
4 2 19 4 0 185
4 2 19 16 0 171
4 2 20 4 0 207
4 2 1 16 0 72
4 2 13 16 0 18
4 2 20 16 0 145
4 3 1 4 0 86
4 3 0 4 0 151
4 3 2 4 0 345
4 3 2 16 0 176
4 3 5 4 0 89
4 3 5 16 0 69
4 3 6 4 0 28
4 3 6 16 0 43
4 3 7 4 0 28
4 3 7 16 0 47
4 3 8 4 0 43
4 3 8 16 0 30
4 3 9 4 0 41
4 3 9 16 0 43
4 3 11 4 0 35
4 3 11 16 0 44
4 3 12 4 0 42
4 3 12 16 0 37
4 3 13 4 0 39
4 3 13 16 0 25
4 3 14 4 0 57
4 3 14 16 0 23
4 3 15 4 0 59
4 3 15 16 0 244
4 3 18 4 0 176
4 1 14 4 0 44
4 3 19 4 0 174
4 3 19 16 0 90
4 3 20 4 0 194
4 3 20 16 0 354
4 5 0 4 0 143
4 5 0 16 0 91
4 3 18 16 0 110
4 5 1 4 0 112
4 5 2 4 0 66
4 5 2 16 0 67
4 5 3 4 0 89
4 5 3 16 0 65
4 5 6 4 0 20
4 5 6 16 0 45
4 5 7 4 0 30
4 5 7 16 0 21
4 5 8 4 0 34
4 5 8 16 0 17
4 5 9 4 0 40
4 5 9 16 0 28
4 5 11 4 0 33
4 5 11 16 0 46
4 5 12 4 0 38
4 5 12 16 0 27
4 5 13 4 0 33
4 5 13 16 0 19
4 5 14 4 0 25
4 5 14 16 0 38
4 3 0 16 0 136
4 5 17 16 0 244
4 5 18 4 0 60
4 5 18 16 0 57
4 5 19 4 0 129
4 5 17 4 0 74
4 5 1 16 0 94
4 5 20 16 0 80
4 5 20 4 0 157
4 6 0 4 0 76
4 6 1 4 
4 6 1 16 0 44
4 6 2 4 0 93
4 6 2 16 0 97
4 6 3 4 0 28
4 6 3 16 0 58
4 6 5 4 0 20
4 6 5 16 0 32
4 6 7 4 0 11
4 6 7 16 0 13
4 6 0 16 0 95
4 6 8 4 0 19
4 5 19 16 0 156
4 6 9 4 0 19
4 6 9 16 0 7
4 6 8 16 0 27
4 3 1 16 0 131
4 6 11 4 0 7
4 6 11 16 0 33
4 6 12 4 0 24
4 6 15 4 0 44
4 6 15 16 0 38
4 6 13 16 0 10
4 6 17 4 0 48
4 6 18 4 0 77
4 6 18 16 0 110
4 6 19 4 0 45
4 6 19 16 
4 6 17 16 0 23
4 6 20 4 0 144
4 6 13 4 0 11
4 6 12 16 0 34
4 6 20 16 0 66
4 7 0 4 0 57
4 7 2 4 0 36
4 7 2 16 0 31
4 7 3 4 0 28
4 7 3 16 0 37
4 7 5 4 0 30
4 7 5 16 0 32
4 7 6 4 0 11
4 7 6 16 0 10
4 7 8 4 0 12
4 7 8 16 0 20
4 7 9 4 0 11
4 7 9 16 0 16
4 7 11 4 0 31
4 7 11 16 0 28
4 7 12 4 0 12
4 7 12 16 0 5
4 7 14 4 0 11
4 7 1 4 0 67
4 7 14 16 0 10
4 7 15 4 0 22
4 7 17 4 0 57
4 7 15 16 0 19
4 7 18 4 0 37
4 7 17 16 0 25
4 7 18 16 0 18
4 7 19 16 0 106
4 7 1 16 0 36
4 7 20 4 0 71
4 7 20 16 0 56
4 8 0 16 
4 7 0 16 0 55
4 8 0 4 0 53
4 8 2 4 0 76
4 8 1 4 0 70
4 8 3 4 0 43
4 8 2 16 0 56
4 8 3 16 0 57
4 8 5 4 0 34
4 8 5 16 0 41
4 8 6 4 0 19
4 8 6 16 0 23
4 8 7 4 0 12
4 8 9 4 0 10
4 8 9 16 0 12
4 8 7 16 0 12
4 8 11 16 0 11
4 8 11 4 0 12
4 8 13 4 0 29
4 8 14 4 0 25
4 8 1 16 0 62
4 8 13 16 0 5
4 8 14 16 0 34
4 7 19 4 0 75
4 8 17 4 0 28
4 8 17 16 0 37
4 8 18 16 0 56
4 8 19 4 0 40
4 8 19 16 0 38
4 8 15 16 0 27
4 8 20 4 0 67
4 8 18 4 0 76
4 8 15 4 0 16
4 8 20 16 0 32
4 9 0 4 0 53
4 9 0 16 0 55
4 9 1 4 0 23
4 9 1 16 0 20
4 9 3 16 0 38
4 9 5 4 0 40
4 9 5 16 0 25
4 9 3 4 0 41
4 9 6 4 0 19
4 9 6 16 0 6
4 9 7 4 0 11
4 9 8 4 0 10
4 9 7 16 0 28
4 9 8 16 0 17
4 9 12 4 0 11
4 9 12 16 0 11
4 9 13 16 0 28
4 9 2 16 0 22
4 9 13 4 0 15
4 9 15 4 0 31
4 9 15 16 0 46
4 9 14 16 0 33
4 9 17 4 0 47
4 9 17 16 0 44
4 9 18 16 0 13
4 9 18 4 0 58
4 9 19 4 0 14
4 9 19 16 0 23
4 9 20 16 0 126
4 9 20 4 0 107
4 11 0 4 0 60
4 11 1 4 0 21
4 11 1 16 0 25
4 11 2 4 0 20
4 11 2 16 0 25
4 11 3 4 0 35
4 9 14 4 0 10
4 11 5 4 0 33
4 11 5 16 0 31
4 11 6 4 0 7
4 11 6 16 0 17
4 11 7 4 0 31
4 11 7 16 0 13
4 11 8 4 0 12
4 11 3 16 0 47
4 11 12 4 0 10
4 11 12 16 0 12
4 11 8 16 0 8
4 11 13 16 0 16
4 11 14 4 0 32
4 11 14 16 0 7
4 11 13 4 0 31
4 11 0 16 0 56
4 11 17 4 0 41
4 11 17 16 0 43
4 11 15 16 0 28
4 11 18 16 0 49
4 11 18 4 0 11
4 11 19 16 0 15
4 11 20 4 0 113
4 11 20 16 0 119
4 11 19 4 0 18
4 12 0 4 
4 11 15 4 0 37
4 12 1 16 0 67
4 12 0 16 0 55
4 12 2 4 0 65
4 12 2 16 0 66
4 12 1 4 0 61
4 12 3 16 0 46
4 12 5 4 0 38
4 12 6 4 0 24
4 12 6 16 0 19
4 12 7 4 0 12
4 12 7 16 0 12
4 12 9 4 0 11
4 12 9 16 0 8
4 12 5 16 0 29
4 12 11 16 0 17
4 12 13 4 0 5
4 12 13 16 0 20
4 12 14 4 0 32
4 12 14 16 0 27
4 12 15 4 0 38
4 12 15 16 0 17
4 12 17 4 0 41
4 12 17 16 0 30
4 12 18 4 0 59
4 12 18 16 0 77
4 12 3 4 0 42
4 12 11 4 0 10
4 12 20 4 0 33
4 12 20 16 0 72
4 13 0 4 0 56
4 13 0 16 0 50
4 9 2 4 0 23
4 13 1 16 0 71
4 13 2 4 0 39
4 13 2 16 0 33
4 13 3 4 0 39
4 13 3 16 0 33
4 13 5 4 0 33
4 13 5 16 0 41
4 13 6 4 0 11
4 13 6 16 0 12
4 13 8 4 0 29
4 13 8 16 0 12
4 13 9 4 0 15
4 13 9 16 0 13
4 13 11 4 0 31
4 13 11 16 0 28
4 13 12 4 0 5
4 13 1 4 0 38
4 12 19 4 0 34
4 13 14 16 0 13
4 13 15 4 0 19
4 13 15 16 0 21
4 13 17 4 0 25
4 13 17 16 0 47
4 13 14 4 0 7
4 12 19 16 0 34
4 13 12 16 0 12
4 13 18 16 0 34
4 13 20 4 0 56
4 13 20 16 0 65
4 14 0 4 0 95
4 14 0 16 0 75
4 13 19 16 0 61
4 13 19 4 0 104
4 14 1 4 0 44
4 13 18 4 0 17
4 14 1 16 
4 14 2 4 0 100
4 14 5 4 0 25
4 14 3 16 0 31
4 14 5 16 0 19
4 14 7 4 0 11
4 14 7 16 0 12
4 14 8 16 0 19
4 14 9 4 0 10
4 14 9 16 0 17
4 14 3 4 0 57
4 14 11 16 0 6
4 14 12 4 0 32
4 14 12 16 0 23
4 14 13 4 0 7
4 14 13 16 0 10
4 14 15 4 0 35
4 14 15 16 0 45
4 14 17 4 0 23
4 14 17 16 0 43
4 14 18 4 0 112
4 14 18 16 0 62
4 14 11 4 0 32
4 14 19 16 0 47
4 14 20 4 0 71
4 14 8 4 0 25
4 15 0 4 0 102
4 15 0 16 0 121
4 15 1 4 0 118
4 15 1 16 0 128
4 15 2 4 0 60
4 15 2 16 0 66
4 15 3 4 0 59
4 15 3 16 0 88
4 15 6 4 0 44
4 15 6 16 0 19
4 15 7 4 0 22
4 14 20 16 0 142
4 15 7 16 0 41
4 15 8 4 0 16
4 15 8 16 0 29
4 15 9 16 0 31
4 15 11 4 0 37
4 15 11 16 0 25
4 15 12 4 0 38
4 15 9 4 0 31
4 15 13 4 0 19
4 15 12 16 0 41
4 14 2 16 0 83
4 15 13 16 0 32
4 15 14 4 0 35
4 14 19 4 
4 15 17 4 0 170
4 15 17 16 0 69
4 15 18 4 0 54
4 15 19 4 0 183
4 15 19 16 0 108
4 15 20 16 0 160
4 15 20 4 0 80
4 17 0 4 0 144
4 17 1 4 0 132
4 17 0 16 0 143
4 17 2 4 0 199
4 17 1 16 0 91
4 17 5 4 0 74
4 17 5 16 0 88
4 17 6 4 0 48
4 17 2 16 0 418
4 17 6 16 0 31
4 17 7 16 0 33
4 17 8 4 0 28
4 17 8 16 0 46
4 17 9 4 0 47
4 17 7 4 0 57
4 17 11 4 0 41
4 17 9 16 0 47
4 17 12 4 0 41
4 17 12 16 0 57
4 17 13 4 0 25
4 17 11 16 0 38
4 15 18 16 0 63
4 15 14 16 0 32
4 17 13 16 0 37
4 17 14 4 0 23
4 17 14 16 0 58
4 17 18 4 0 108
4 17 15 4 0 170
4 17 19 16 0 145
4 17 20 4 0 399
4 17 20 16 0 188
4 18 0 4 0 288
4 18 0 16 0 208
4 18 1 4 0 75
4 18 1 16 0 64
4 18 3 4 0 176
4 18 3 16 0 418
4 18 5 4 0 60
4 18 5 16 0 66
4 18 6 4 0 77
4 18 6 16 0 83
4 18 7 4 0 37
4 18 7 16 0 33
4 18 8 4 0 76
4 18 8 16 0 66
4 18 9 4 0 58
4 18 9 16 0 25
4 18 11 4 0 11
4 18 11 16 0 22
4 18 12 4 0 59
4 18 12 16 0 56
4 18 13 4 0 17
4 18 13 16 0 31
4 18 14 4 0 112
4 18 14 16 0 97
4 18 15 4 0 54
4 18 15 16 0 67
4 18 17 4 0 108
4 18 17 16 0 176
4 18 19 4 0 187
4 18 19 16 0 172
4 18 20 4 0 143
4 18 20 16 0 190
4 19 0 4 0 130
4 19 0 16 0 152
4 19 2 4 0 185
4 19 2 16 0 64
4 19 3 4 0 174
4 19 3 16 0 91
4 19 5 4 0 129
4 19 5 16 0 128
4 19 6 4 0 45
4 17 15 16 0 65
4 19 7 4 0 75
4 19 7 16 0 71
4 19 6 16 
4 19 8 16 0 67
4 19 9 4 0 14
4 19 8 4 0 40
4 19 9 16 0 25
4 19 11 4 0 18
4 19 11 16 0 20
4 19 12 16 0 62
4 19 13 4 0 104
4 17 18 16 0 187
4 19 14 4 
4 17 19 4 0 93
4 19 14 16 0 44
4 19 12 4 0 34
4 19 15 4 0 183
4 19 13 16 0 36
4 19 15 16 0 94
4 19 17 4 0 93
4 19 17 16 0 131
4 19 18 4 0 187
4 19 18 16 0 72
4 20 1 16 0 152
4 20 2 4 0 207
4 20 2 16 0 208
4 20 1 4 0 163
4 20 3 4 0 194
4 20 3 16 0 143
4 19 20 4 0 212
4 20 5 4 0 157
4 20 6 16 0 75
4 20 7 4 0 71
4 20 7 16 0 50
4 20 8 4 0 67
4 20 8 16 0 55
4 20 9 4 0 107
4 20 9 16 0 56
4 20 6 4 0 144
4 20 11 16 0 55
4 20 12 4 0 33
4 20 11 4 0 113
4 20 12 16 
4 20 13 4 0 56
4 20 13 16 0 55
4 20 14 16 0 95
4 20 15 4 0 80
4 20 15 16 0 91
4 20 17 4 0 399
4 20 17 16 0 136
4 20 18 4 0 143
4 20 18 16 0 259
4 20 19 4 0 212
4 20 19 16 0 128
5 0 1 5 0 187
5 0 1 15 0 173
5 0 2 5 0 66
5 0 2 15 0 71
5 0 3 5 0 107
5 0 3 15 0 220
5 0 4 5 0 143
5 0 4 15 0 160
5 0 6 5 0 44
5 0 6 15 0 57
5 0 7 5 0 77
5 0 7 15 0 99
5 0 8 5 0 32
5 0 8 15 0 31
5 0 9 5 0 60
5 0 9 15 0 59
5 0 11 5 0 70
5 0 11 15 0 31
5 0 12 5 0 35
5 0 12 15 0 70
5 0 13 5 0 89
5 0 13 15 0 79
5 0 14 5 0 39
5 0 14 15 0 41
5 0 16 5 0 80
5 0 16 15 0 91
5 0 17 5 0 93
5 0 17 15 0 175
5 0 18 5 0 81
5 0 18 15 0 116
5 0 19 5 0 166
5 0 19 15 0 234
5 1 0 5 0 187
5 1 0 15 0 154
5 1 2 5 0 143
5 1 2 15 0 165
5 1 3 5 0 202
5 1 3 15 0 150
4 20 14 4 0 71
5 1 4 15 0 108
5 1 4 5 0 112
5 1 6 5 0 85
5 1 7 5 0 70
5 1 6 15 0 111
5 1 7 15 0 125
4 20 5 16 0 121
5 1 9 5 0 87
5 1 9 15 0 79
5 1 11 5 0 118
5 1 11 15 0 90
5 1 12 5 0 25
5 1 12 15 0 18
4 19 20 16 0 158
5 1 13 15 0 85
5 1 13 5 0 102
5 1 14 5 0 83
5 1 14 15 0 74
5 1 16 15 0 94
5 1 16 5 0 183
5 1 17 15 0 220
5 1 18 5 0 104
5 1 17 5 0 319
5 1 18 15 0 201
5 1 20 5 0 183
5 1 8 15 0 58
5 1 8 5 0 16
5 2 1 5 0 143
5 2 1 15 0 97
5 2 3 5 0 121
5 2 3 15 0 111
5 2 4 5 0 66
5 2 0 15 0 75
5 2 4 15 0 63
5 2 6 5 0 67
5 2 6 15 0 80
5 2 7 5 0 85
5 2 8 5 0 46
5 2 7 15 0 128
5 2 9 5 0 57
5 2 8 15 0 13
5 2 9 15 0 37
5 2 11 5 0 31
5 2 11 15 0 32
5 2 12 5 0 24
5 2 13 5 0 53
5 2 12 15 0 51
5 2 13 15 0 56
5 2 14 15 0 73
5 2 16 5 0 54
5 2 16 15 0 67
5 2 17 5 0 75
5 2 17 15 0 243
5 2 14 5 0 35
5 2 19 15 0 201
5 1 20 15 0 234
5 2 20 5 0 62
5 3 0 5 0 107
5 3 0 15 0 108
5 3 1 5 0 202
5 3 1 15 0 352
5 3 2 5 0 121
5 3 2 15 0 90
5 2 20 15 0 116
5 3 4 15 0 69
5 3 4 5 0 89
5 2 0 5 0 66
5 3 6 5 0 18
5 2 19 5 0 126
5 3 7 15 0 58
5 3 8 5 0 46
5 3 8 15 0 30
5 3 9 15 0 47
5 3 9 5 0 28
5 3 11 15 
5 3 11 5 0 32
5 3 12 5 0 23
5 3 13 5 0 48
5 3 13 15 0 93
5 3 14 5 0 55
5 3 14 15 0 52
5 3 16 5 0 170
5 3 16 15 0 65
5 3 18 5 0 108
5 3 18 15 0 243
5 3 19 5 0 149
5 3 19 15 0 220
5 3 20 5 0 154
5 3 20 15 0 175
5 4 0 5 0 143
5 4 0 15 0 80
5 4 1 5 0 112
5 4 1 15 0 156
5 4 2 5 0 66
5 4 2 15 0 57
5 4 3 5 0 89
5 4 3 15 0 244
5 4 6 5 0 20
5 4 6 15 0 38
5 4 7 5 0 30
5 4 7 15 0 19
5 4 8 5 0 34
5 4 8 15 0 27
5 3 6 15 0 41
5 4 9 15 0 46
5 4 11 5 0 33
5 3 12 15 0 26
5 4 11 15 0 28
5 4 12 15 0 17
5 4 13 5 0 33
5 4 12 5 0 38
5 4 14 5 0 25
5 4 13 15 0 21
5 4 14 15 0 45
5 4 17 15 0 65
5 4 18 5 0 60
5 4 18 15 0 67
5 4 19 5 0 129
5 4 19 15 0 94
5 4 20 5 0 157
5 4 20 15 0 91
5 6 0 5 0 44
5 6 0 15 0 40
5 6 1 5 0 85
5 6 1 15 0 69
5 6 2 5 0 67
5 6 2 15 0 43
5 6 3 5 0 18
5 6 3 15 0 61
5 6 4 5 0 20
5 6 4 15 0 32
5 6 7 5 0 17
5 6 7 15 0 34
5 6 8 5 0 13
5 6 8 15 0 7
5 6 9 5 0 16
5 6 9 15 0 27
5 6 11 5 0 12
5 4 17 5 0 74
5 4 9 5 0 40
5 6 12 5 0 9
5 6 13 5 0 32
5 6 13 15 0 20
5 6 16 5 0 35
5 6 16 15 0 45
5 6 17 5 0 43
5 6 17 15 0 52
5 6 18 5 0 83
5 6 18 15 0 73
5 6 19 5 0 112
5 6 19 15 0 74
5 6 20 5 0 52
5 6 20 15 0 41
5 7 0 5 0 77
5 7 0 15 0 86
5 7 1 5 0 70
5 7 1 15 0 97
5 3 7 5 0 42
5 7 2 5 0 85
5 7 3 5 0 42
5 7 2 15 0 52
5 7 4 5 0 30
5 7 3 15 0 52
5 7 6 5 0 17
5 7 6 15 0 32
5 7 8 5 0 15
5 7 8 15 0 25
5 7 9 5 0 29
5 7 9 15 0 18
5 7 11 5 
5 7 11 15 0 19
5 7 12 5 0 21
5 7 12 15 0 24
5 7 14 5 0 34
5 7 14 15 0 20
5 7 4 15 0 32
5 7 16 5 0 19
5 6 11 15 0 20
5 7 17 15 0 93
5 7 18 5 0 116
5 7 18 15 0 56
5 7 19 5 0 141
5 7 19 15 0 85
5 7 20 5 0 95
5 7 20 15 0 79
5 8 0 5 0 32
5 8 0 15 0 33
5 8 1 5 0 16
5 8 1 15 0 29
5 7 16 15 0 21
5 8 2 15 0 23
5 8 3 5 0 46
5 8 2 5 0 46
5 8 3 15 0 23
5 8 4 5 0 34
5 8 4 15 0 41
5 8 6 5 0 13
5 8 6 15 0 10
5 8 7 5 0 15
5 6 12 15 0 5
5 8 7 15 0 19
5 7 17 5 0 54
5 8 9 5 0 3
5 8 9 15 0 9
5 8 13 5 0 25
5 8 13 15 0 24
5 8 14 5 0 8
5 8 14 15 0 5
5 8 16 5 0 38
5 8 17 5 0 27
5 8 17 15 0 26
5 8 11 15 0 24
5 8 18 5 0 14
5 8 16 15 0 17
5 8 11 5 0 11
5 8 19 5 0 66
5 8 20 15 0 70
5 8 20 5 0 32
5 9 0 5 0 60
5 8 18 15 0 51
5 9 1 5 0 87
5 9 1 15 0 120
5 9 2 15 0 30
5 9 0 15 0 71
5 9 2 5 0 57
5 9 3 5 0 28
5 8 19 15 0 18
5 9 3 15 0 29
5 9 4 5 0 40
5 9 4 15 0 25
5 9 7 15 
5 9 8 5 0 3
5 9 7 5 0 29
5 9 12 5 0 10
5 9 8 15 0 11
5 9 13 5 0 20
5 9 13 15 0 19
5 9 6 5 0 16
5 9 14 5 0 23
5 9 14 15 0 20
5 9 16 5 0 37
5 9 12 15 0 24
5 9 6 15 0 15
5 9 18 5 0 40
5 9 18 15 0 32
5 9 19 5 0 76
5 9 16 15 0 28
5 9 17 5 0 47
5 9 19 15 0 90
5 11 0 5 0 70
5 11 0 15 0 72
5 11 1 5 0 118
5 11 1 15 0 95
5 11 2 5 0 31
5 9 20 5 0 78
5 11 3 5 0 32
5 11 3 15 0 31
5 11 4 5 0 33
5 11 4 15 0 31
5 11 6 5 0 12
5 11 6 15 0 11
5 11 7 5 
5 11 7 15 0 30
5 11 8 5 0 11
5 11 8 15 0 3
5 11 12 5 0 19
5 11 12 15 0 9
5 11 13 5 0 20
5 9 17 15 
5 11 14 5 0 17
5 11 13 15 0 18
5 11 2 15 0 57
5 11 14 15 0 27
5 9 20 15 0 31
5 11 16 5 0 31
5 11 16 15 0 46
5 11 17 5 
5 11 17 15 0 47
5 11 18 5 0 36
5 11 18 15 0 37
5 11 19 5 0 88
5 11 19 15 0 79
5 12 0 15 0 33
5 12 1 5 0 25
5 12 1 15 0 15
5 12 0 5 0 35
5 11 20 5 0 30
5 11 20 15 0 59
5 12 3 15 0 42
5 12 4 5 0 38
5 12 4 15 0 29
5 12 6 5 0 9
5 12 6 15 0 11
5 12 7 5 0 21
5 12 7 15 0 14
5 12 9 5 0 10
5 12 9 15 0 3
5 12 11 5 0 19
5 12 11 15 0 11
5 12 13 5 0 18
5 12 13 15 0 25
5 12 14 5 0 5
5 12 14 15 0 7
5 12 16 5 0 16
5 12 16 15 0 27
5 12 17 5 0 23
5 12 17 15 0 30
5 12 18 5 0 53
5 12 18 15 0 13
5 12 19 5 0 16
5 12 19 15 0 58
5 12 20 5 0 67
5 12 20 15 0 31
5 13 0 5 0 89
5 13 0 15 0 80
5 13 1 5 0 102
5 13 1 15 0 78
5 13 2 5 0 53
5 13 2 15 0 71
5 13 3 5 0 48
5 13 3 15 0 41
5 12 3 5 0 23
5 13 4 5 0 33
5 13 6 5 0 32
5 13 6 15 0 18
5 13 8 5 0 25
5 13 8 15 0 14
5 12 2 5 0 24
5 13 4 15 0 41
5 12 2 15 0 44
5 13 9 5 0 20
5 13 9 15 0 30
5 13 12 15 0 19
5 13 14 5 0 19
5 13 14 15 0 34
5 13 16 5 0 22
5 13 16 15 0 19
5 13 17 5 0 88
5 13 17 15 0 58
5 13 18 5 0 58
5 13 18 15 0 128
5 13 19 5 0 83
5 13 19 15 0 125
5 13 20 5 0 58
5 13 20 15 0 99
5 14 0 5 0 39
5 14 0 15 0 45
5 14 1 5 0 83
5 14 1 15 0 87
5 14 2 5 0 35
5 14 2 15 0 50
5 13 11 15 
5 13 11 5 0 20
5 14 4 5 0 25
5 14 4 15 0 19
5 14 7 5 0 34
5 14 7 15 0 18
5 14 8 5 0 8
5 14 8 15 0 11
5 14 9 5 0 23
5 14 9 15 0 11
5 14 11 5 0 17
5 14 11 15 0 15
5 14 12 5 0 5
5 14 12 15 0 10
5 14 13 5 0 19
5 14 13 15 0 32
5 14 16 5 0 44
5 14 16 15 0 38
5 14 17 5 0 69
5 14 17 15 0 41
5 13 12 5 0 18
5 14 18 15 0 80
5 14 19 5 0 71
5 14 19 15 0 111
5 14 20 5 0 39
5 14 20 15 0 57
5 16 0 5 0 80
5 16 0 15 0 121
5 16 1 5 0 183
5 16 1 15 0 128
5 16 2 5 0 54
5 16 2 15 0 66
5 16 3 5 0 170
5 16 3 15 0 88
5 16 6 5 0 35
5 16 6 15 0 19
5 16 7 5 0 19
5 16 7 15 0 41
5 16 8 5 0 38
5 16 8 15 0 29
5 16 9 5 0 37
5 16 9 15 0 31
5 16 11 5 0 31
5 16 11 15 0 25
5 16 12 5 0 16
5 16 12 15 0 41
5 16 13 5 0 22
5 16 13 15 0 32
5 14 3 5 0 55
5 16 14 15 0 32
5 16 17 5 0 59
5 16 14 5 0 44
5 16 17 15 0 69
5 16 18 15 0 63
5 16 19 5 0 118
5 16 18 5 0 60
5 16 19 15 0 108
5 16 20 5 0 102
5 16 20 15 0 160
5 17 0 15 0 95
5 17 1 5 0 319
5 17 1 15 0 212
5 17 2 5 0 75
5 17 2 15 0 126
5 17 4 5 0 74
5 17 4 15 0 88
5 17 6 5 0 43
5 17 6 15 0 19
5 17 7 5 0 54
5 17 7 15 0 41
5 17 8 5 0 27
5 17 8 15 0 42
5 17 9 5 0 47
5 17 9 15 0 31
5 17 11 5 
5 17 11 15 0 29
5 17 0 5 0 93
5 14 18 5 0 74
5 14 3 15 0 19
5 17 13 5 0 88
5 17 12 15 0 23
5 17 12 5 0 23
5 17 13 15 0 52
5 17 14 5 0 69
5 17 14 15 0 61
5 17 16 15 0 244
5 17 16 5 0 59
5 17 19 15 0 150
5 17 20 5 0 126
5 17 20 15 0 220
5 18 0 5 0 81
5 18 0 15 0 66
5 17 18 5 0 238
5 18 1 15 0 138
5 18 3 5 0 108
5 18 3 15 0 126
5 18 4 5 0 60
5 18 4 15 0 66
5 18 6 5 0 83
5 18 6 15 0 50
5 18 7 5 0 116
5 18 7 15 0 71
5 18 1 5 0 104
5 17 18 15 0 111
5 18 9 5 0 40
5 18 9 15 0 57
5 18 11 5 0 36
5 18 8 15 0 44
5 18 11 15 0 30
5 18 12 15 0 23
5 18 13 5 0 58
5 18 13 15 0 52
5 18 14 5 0 74
5 18 14 15 0 43
5 18 16 5 0 60
5 18 8 5 0 14
5 18 17 5 0 238
5 18 17 15 0 90
5 18 19 5 0 203
5 18 19 15 0 165
5 18 20 5 0 111
5 18 20 15 0 71
5 19 0 5 0 166
5 18 16 15 0 57
5 19 2 5 0 126
5 19 0 15 0 177
5 19 3 5 0 149
5 19 2 15 0 138
5 19 3 15 0 212
5 19 4 15 0 128
5 19 6 5 0 112
5 19 6 15 0 87
5 19 4 5 0 129
5 19 7 5 0 141
5 19 8 5 0 66
5 19 8 15 0 15
5 19 7 15 0 78
5 19 9 5 0 76
5 19 9 15 0 95
5 19 11 5 0 88
5 17 19 5 0 225
5 18 12 5 0 53
5 19 11 15 0 120
5 19 12 15 0 29
5 19 13 15 0 97
5 19 14 15 0 69
5 19 16 5 0 118
5 19 14 5 0 71
5 19 17 5 0 225
5 19 17 15 0 352
5 19 16 15 0 156
5 19 18 5 0 203
5 19 18 15 0 97
5 19 20 15 0 173
5 19 20 5 0 247
5 20 1 15 0 177
5 20 1 5 0 183
5 20 2 15 0 66
5 20 3 5 0 154
5 20 3 15 0 95
5 20 4 5 0 157
5 20 4 15 0 121
5 20 6 5 0 52
5 20 6 15 0 45
5 20 7 5 0 95
5 19 13 5 0 83
5 20 2 5 0 62
5 20 8 15 0 33
5 20 9 5 0 78
5 20 7 15 0 80
5 20 9 15 0 72
5 20 11 15 0 71
5 20 12 5 0 67
5 20 12 15 0 33
5 20 13 5 0 58
5 20 8 5 0 32
5 19 12 5 0 16
5 20 11 5 0 30
5 20 14 15 0 40
5 20 14 5 0 39
5 20 17 5 0 126
5 20 16 15 0 80
5 20 17 15 0 108
5 20 18 15 0 75
5 20 19 5 0 247
5 20 19 15 0 154
5 20 13 15 0 86
6 0 1 6 0 217
5 20 18 5 0 111
5 20 16 5 0 102
6 0 3 6 0 165
6 0 3 14 0 111
6 0 4 6 0 76
6 0 4 14 0 142
6 0 5 6 0 44
6 0 5 14 0 57
6 0 7 6 0 33
6 0 7 14 0 73
6 0 8 6 0 113
6 0 8 14 0 173
6 0 2 14 0 143
6 0 9 6 0 17
6 0 11 6 0 33
6 0 9 14 0 40
6 0 12 6 0 50
6 0 11 14 0 18
6 0 12 14 0 103
6 0 13 6 0 39
6 0 2 6 0 113
6 0 15 14 0 40
6 0 16 6 0 71
6 0 13 14 0 23
6 0 17 6 0 204
6 0 17 14 0 80
6 0 18 6 0 93
6 0 18 14 0 91
6 0 19 6 0 151
6 0 19 14 0 263
6 0 1 14 0 213
6 0 15 6 0 39
6 0 16 14 0 95
6 1 0 6 0 217
6 1 0 14 0 172
6 1 2 6 0 191
6 1 2 14 0 113
6 1 3 6 0 116
6 1 3 14 0 105
6 1 4 6 
6 1 5 6 0 85
6 1 7 6 0 100
6 1 7 14 0 83
6 1 5 14 0 111
6 1 9 6 0 37
6 1 8 6 0 59
6 1 11 6 0 28
6 1 11 14 0 42
6 1 9 14 0 57
6 1 12 6 0 63
6 1 13 6 0 66
6 1 13 14 0 73
6 1 15 6 0 71
6 1 4 14 0 47
6 1 15 14 0 69
6 1 16 14 0 44
6 1 17 6 0 81
6 1 16 6 
6 1 12 14 0 62
6 1 18 14 0 190
6 1 20 6 0 237
6 1 18 6 0 158
6 1 17 14 0 129
6 1 8 14 0 95
6 2 0 6 0 113
6 2 0 14 0 100
6 2 1 14 0 158
6 2 1 6 0 191
6 1 20 14 0 263
6 2 3 6 0 70
6 2 3 14 0 77
6 2 4 14 0 62
6 2 4 6 0 93
6 2 7 6 0 52
6 2 5 6 0 67
6 2 8 14 0 128
6 2 8 6 
6 2 9 14 0 9
6 2 9 6 0 24
6 2 7 14 0 50
6 2 11 6 0 7
6 2 11 14 0 18
6 2 5 14 0 80
6 2 13 6 0 43
6 2 15 6 0 74
6 2 13 14 0 53
6 2 16 6 0 112
6 2 12 6 0 74
6 2 16 14 0 97
6 2 17 14 0 105
6 2 19 6 0 117
6 2 19 14 0 190
6 2 20 6 0 138
6 2 20 14 0 91
6 3 0 6 0 165
6 3 0 14 0 194
6 2 12 14 
6 3 1 14 0 90
6 3 2 6 0 70
6 3 2 14 0 100
6 3 4 6 0 28
6 3 4 14 0 43
6 3 5 6 0 18
6 3 5 14 0 41
6 3 7 6 0 38
6 3 1 6 0 116
6 2 17 6 0 102
6 3 8 14 0 19
6 3 8 6 0 17
6 3 7 14 0 45
6 3 9 6 0 24
6 3 11 6 0 31
6 2 15 14 0 43
6 3 11 14 0 52
6 3 9 14 0 29
6 3 12 6 0 14
6 3 12 14 0 27
6 3 15 6 0 69
6 3 15 14 0 61
6 3 16 14 0 58
6 3 16 6 0 23
6 3 13 6 0 33
6 3 18 14 0 105
6 3 18 6 0 70
6 3 13 14 0 34
6 3 19 6 0 96
6 3 19 14 0 129
6 3 20 6 0 119
6 3 20 14 0 80
6 4 0 14 0 66
6 4 2 6 0 93
6 4 2 14 0 110
6 4 3 6 0 28
6 4 1 14 
6 4 3 14 0 23
6 4 5 14 0 38
6 4 7 6 0 11
6 4 7 14 0 10
6 4 8 6 0 19
6 4 8 14 0 34
6 4 5 6 0 20
6 4 9 6 0 19
6 4 11 6 0 7
6 4 9 14 0 33
6 4 12 6 0 24
6 4 11 14 0 7
6 4 12 14 0 27
6 4 13 14 0 13
6 4 13 6 0 11
6 4 15 14 0 32
6 4 15 6 0 44
6 4 17 14 0 58
6 4 1 6 
6 4 17 6 0 48
6 4 18 6 0 77
6 4 0 6 0 76
6 4 18 14 0 97
6 4 19 6 0 45
6 4 19 14 0 44
6 5 0 14 0 41
6 4 20 14 0 95
6 5 1 14 0 74
6 5 1 6 0 85
6 5 2 14 0 73
6 5 2 6 0 67
6 5 3 6 0 18
6 5 3 14 0 52
6 5 4 14 0 45
6 5 7 6 0 17
6 5 7 14 0 20
6 5 8 6 0 13
6 5 8 14 0 5
6 5 9 6 0 16
6 5 9 14 0 20
6 5 11 6 0 12
6 5 11 14 0 27
6 5 12 6 0 9
6 5 12 14 0 7
6 5 13 6 0 32
6 5 13 14 0 34
6 5 16 6 0 35
6 5 16 14 0 32
6 5 17 6 0 43
6 5 17 14 0 61
6 5 0 6 0 44
6 4 20 6 0 144
6 5 18 14 0 43
6 5 19 6 0 112
6 5 19 14 0 69
6 5 20 14 0 40
6 5 20 6 0 52
6 7 0 14 0 41
6 7 1 6 0 100
6 7 0 6 0 33
6 7 2 6 0 52
6 7 1 14 0 59
6 7 2 14 0 45
6 7 3 14 0 29
6 7 3 6 0 38
6 7 4 14 0 10
6 7 5 6 0 17
6 7 4 6 0 11
6 7 5 14 0 32
6 7 8 6 0 5
6 7 9 6 0 5
6 7 9 14 0 17
6 7 11 6 0 16
6 7 8 14 0 21
6 5 18 6 0 83
6 5 4 6 0 20
6 7 11 14 0 23
6 7 12 6 0 6
6 7 16 6 0 7
6 7 16 14 0 13
6 7 17 6 0 49
6 7 17 14 0 34
6 7 18 6 0 52
6 7 18 14 0 53
6 7 19 6 0 84
6 7 19 14 0 73
6 7 20 6 0 73
6 7 20 14 0 23
6 8 0 6 0 113
6 8 0 14 0 59
6 8 1 6 0 59
6 8 1 14 0 59
6 8 2 6 
6 8 2 14 0 86
6 8 3 6 0 17
6 8 3 14 0 12
6 7 15 14 0 34
6 7 15 6 0 19
6 8 4 6 0 19
6 7 12 14 0 15
6 8 5 6 0 13
6 8 4 14 0 23
6 8 5 14 0 10
6 8 7 6 0 5
6 8 7 14 0 8
6 8 9 6 
6 8 9 14 
6 8 11 14 0 5
6 8 13 6 0 21
6 8 15 14 0 7
6 8 15 6 0 5
6 8 13 14 0 15
6 8 16 14 0 27
6 8 17 14 0 27
6 8 18 6 0 122
6 8 18 14 
6 8 17 6 0 19
6 8 19 14 0 62
6 8 19 6 0 107
6 8 20 14 0 103
6 9 0 6 0 17
6 9 0 14 0 33
6 9 1 6 0 37
6 8 16 6 0 32
6 9 2 6 0 24
6 9 1 14 0 26
6 9 3 6 0 24
6 9 3 14 0 29
6 9 4 6 0 19
6 9 4 14 0 6
6 9 5 6 0 16
6 9 5 14 0 15
6 9 7 6 0 5
6 9 7 14 0 18
6 9 8 6 
6 9 8 14 0 8
6 9 12 6 
6 9 2 14 0 7
6 9 12 14 0 5
6 8 20 6 0 141
6 9 15 6 0 17
6 9 15 14 0 27
6 9 16 6 0 32
6 9 16 14 0 7
6 9 17 6 0 24
6 9 17 14 0 52
6 9 18 6 0 9
6 9 18 14 0 18
6 9 13 14 0 23
6 9 19 14 0 42
6 9 20 6 0 43
6 9 20 14 0 18
6 9 19 6 0 53
6 11 0 14 0 20
6 11 0 6 0 33
6 11 1 14 0 35
6 11 2 6 0 7
6 11 2 14 0 23
6 11 3 6 0 31
6 11 3 14 0 23
6 11 1 6 0 28
6 11 4 14 0 17
6 11 5 6 0 12
6 11 5 14 0 11
6 11 7 6 0 16
6 11 7 14 0 4
6 8 11 6 0 7
6 11 4 6 0 7
6 9 13 6 0 15
6 11 8 6 0 7
6 11 8 14 
6 11 12 6 0 6
6 11 12 14 
6 11 13 14 0 17
6 11 15 14 0 20
6 11 16 6 0 10
6 11 17 6 0 51
6 11 16 14 0 33
6 11 18 6 0 16
6 11 18 14 0 9
6 11 19 6 0 41
6 11 19 14 0 57
6 11 20 6 0 21
6 11 17 14 0 29
6 11 20 14 0 40
6 12 0 6 0 50
6 12 1 6 0 63
6 11 15 6 0 23
6 12 0 14 0 131
6 12 1 14 0 56
6 11 13 6 0 25
6 12 2 6 0 74
6 12 2 14 
6 12 3 6 0 14
6 12 3 14 0 18
6 12 4 6 0 24
6 12 4 14 0 19
6 12 5 6 0 9
6 12 5 14 0 11
6 12 7 6 0 6
6 12 9 6 
6 12 9 14 
6 12 7 14 0 5
6 12 11 6 0 6
6 12 15 6 0 8
6 12 13 14 0 21
6 12 15 14 0 5
6 12 16 14 0 34
6 12 17 6 0 26
6 12 16 6 0 25
6 12 18 6 
6 12 17 14 0 19
6 12 11 14 0 8
6 12 19 14 0 95
6 12 18 14 0 128
6 12 20 14 0 173
6 13 0 6 0 39
6 12 20 6 0 108
6 13 0 14 0 38
6 13 1 14 0 96
6 13 1 6 0 66
6 13 2 14 0 47
6 13 2 6 0 43
6 13 3 6 0 33
6 13 4 6 0 11
6 13 4 14 0 12
6 13 5 6 0 32
6 13 5 14 0 18
6 13 8 6 0 21
6 13 8 14 0 5
6 13 9 6 0 15
6 13 9 14 0 4
6 13 11 6 0 25
6 13 11 14 0 18
6 13 12 6 0 14
6 13 12 14 0 8
6 13 15 6 0 34
6 13 15 14 0 20
6 13 16 6 0 11
6 13 16 14 0 10
6 13 17 6 0 31
6 13 17 14 0 45
6 13 18 6 0 56
6 13 18 14 0 50
6 13 19 6 0 72
6 13 19 14 0 83
6 13 20 6 0 18
6 13 20 14 0 73
6 15 0 6 0 39
6 15 0 14 0 45
6 13 3 14 0 43
6 15 1 14 0 87
6 15 2 6 0 74
6 15 2 14 0 50
6 15 3 6 0 69
6 15 3 14 0 19
6 15 4 6 0 44
6 15 4 14 0 19
6 15 7 6 0 19
6 15 7 14 0 18
6 15 8 6 0 5
6 12 19 6 0 62
6 15 8 14 0 11
6 15 9 6 0 17
6 15 11 6 0 23
6 15 11 14 0 15
6 15 12 6 0 8
6 15 12 14 0 10
6 15 13 6 0 34
6 15 13 14 0 32
6 15 16 6 0 25
6 15 16 14 0 38
6 15 9 14 0 11
6 15 17 14 0 41
6 15 18 6 0 35
6 15 18 14 0 80
6 15 19 6 0 83
6 15 19 14 0 111
6 15 20 6 0 39
6 15 20 14 0 57
6 16 0 6 0 71
6 16 0 14 0 75
6 15 17 6 0 55
6 16 1 14 
6 16 2 6 0 112
6 16 2 14 0 83
6 16 3 6 0 23
6 16 3 14 0 31
6 16 5 6 0 35
6 16 5 14 0 19
6 16 7 6 0 7
6 15 1 6 0 71
6 16 8 6 0 32
6 16 8 14 0 19
6 16 7 14 0 12
6 16 9 14 0 17
6 16 11 6 0 10
6 16 11 14 0 6
6 16 12 6 0 25
6 16 12 14 0 23
6 16 13 6 0 11
6 16 13 14 0 10
6 16 15 6 0 25
6 16 15 14 0 45
6 16 17 6 0 57
6 16 17 14 0 43
6 16 18 6 0 100
6 16 18 14 0 62
6 16 19 6 0 44
6 16 19 14 0 47
6 16 20 6 0 95
6 16 20 14 0 142
6 17 0 6 0 204
6 17 0 14 0 155
6 17 1 6 0 81
6 17 1 14 0 119
6 17 2 6 0 102
6 17 2 14 0 75
6 17 4 6 0 48
6 17 4 14 0 31
6 17 5 6 0 43
6 17 5 14 0 19
6 17 7 6 0 49
6 16 9 6 0 32
6 17 8 6 0 19
6 17 8 14 0 18
6 17 9 6 0 24
6 17 9 14 0 23
6 17 11 6 0 51
6 17 7 14 0 43
6 17 12 6 0 26
6 17 11 14 0 29
6 17 13 6 0 31
6 17 13 14 0 29
6 17 15 6 0 55
6 17 15 14 0 52
6 17 16 6 0 57
6 17 16 14 0 23
6 17 18 6 0 91
6 12 13 6 0 14
6 17 19 6 0 121
6 17 19 14 0 105
6 17 20 6 0 84
6 17 18 14 0 77
6 18 0 6 0 93
6 17 20 14 0 111
6 18 0 14 0 105
6 18 1 6 0 158
6 17 12 14 0 12
6 18 1 14 0 210
6 18 3 6 0 70
6 16 1 6 
6 18 4 6 0 77
6 18 5 6 0 83
6 18 4 14 0 83
6 18 7 6 0 52
6 18 8 6 0 122
6 18 8 14 
6 18 9 6 0 9
6 18 9 14 0 23
6 18 11 6 0 16
6 18 11 14 0 7
6 18 12 6 
6 18 12 14 0 86
6 18 13 6 0 56
6 18 7 14 0 47
6 18 13 14 0 45
6 18 15 6 0 35
6 18 3 14 0 75
6 18 5 14 0 50
6 18 16 6 0 100
6 18 17 14 0 100
6 18 15 14 0 73
6 18 19 6 0 156
6 18 19 14 0 113
6 18 20 14 0 143
6 19 0 6 0 151
6 19 0 14 0 183
6 19 2 6 0 117
6 18 20 6 0 84
6 19 3 6 0 96
6 19 3 14 0 119
6 19 4 6 0 45
6 19 2 14 0 210
6 19 5 6 0 112
6 19 5 14 0 87
6 19 7 6 0 84
6 19 7 14 0 96
6 19 8 6 0 107
6 18 16 14 0 110
6 19 4 14 
6 18 17 6 0 91
6 19 8 14 0 56
6 19 9 6 0 53
6 19 9 14 0 35
6 19 11 14 0 26
6 19 12 14 0 59
6 19 13 6 0 72
6 19 13 14 0 59
6 19 15 6 0 83
6 19 15 14 0 74
6 19 11 6 0 41
6 19 16 14 
6 19 16 6 0 44
6 19 12 6 0 62
6 19 17 14 0 90
6 19 18 6 0 156
6 19 20 6 0 249
6 19 17 6 0 121
6 19 18 14 0 158
6 19 20 14 0 213
6 20 2 14 0 105
6 20 3 6 0 119
6 20 2 6 0 138
6 20 3 14 0 155
6 20 4 6 0 144
6 20 5 6 0 52
6 20 5 14 0 45
6 20 4 14 0 75
6 20 7 6 0 73
6 20 7 14 0 38
6 20 8 14 0 131
6 20 8 6 0 141
6 20 9 14 0 20
6 20 11 6 0 21
6 20 11 14 0 33
6 20 1 14 0 183
6 20 12 6 0 108
6 20 9 6 0 43
6 20 1 6 0 237
6 20 12 14 0 59
6 20 13 6 0 18
6 20 13 14 0 41
6 20 15 6 0 39
6 20 15 14 0 41
6 20 17 14 0 194
6 20 18 6 0 84
6 20 18 14 0 100
6 20 19 6 0 249
6 20 16 14 0 66
6 20 19 14 0 172
7 0 1 13 0 182
7 0 2 7 0 161
7 0 2 13 0 76
7 0 1 7 0 242
7 0 3 7 0 141
6 20 16 6 0 95
7 0 4 13 0 65
7 0 3 13 0 123
7 0 5 7 0 77
6 20 17 6 0 84
7 0 6 7 0 33
7 0 8 7 0 80
7 0 5 13 0 99
7 0 8 13 0 93
7 0 6 13 0 73
7 0 4 7 0 57
7 0 9 7 0 103
7 0 11 7 0 115
7 0 11 13 0 142
7 0 9 13 0 83
7 0 14 7 0 18
7 0 12 7 0 89
7 0 15 13 0 86
7 0 16 7 0 56
7 0 14 13 0 41
7 0 16 13 0 55
7 0 17 13 0 142
7 0 17 7 0 106
7 0 18 13 0 212
7 0 19 7 0 202
7 0 18 7 0 83
7 0 19 13 0 198
7 0 12 13 0 83
7 1 0 13 0 194
7 0 15 7 0 58
7 1 0 7 0 242
7 1 3 13 0 78
7 1 4 7 0 67
7 1 4 13 0 61
7 1 3 7 0 102
7 1 5 13 0 125
7 1 6 7 0 100
7 1 6 13 0 83
7 1 8 7 0 51
7 1 5 7 0 70
7 1 9 7 
7 1 2 13 0 126
7 1 9 13 0 30
7 1 2 7 0 172
7 1 11 13 
7 1 12 13 0 67
7 1 14 7 0 72
7 1 14 13 0 59
7 1 15 7 0 83
7 1 11 7 0 19
7 1 8 13 0 54
7 1 16 7 0 104
7 1 17 7 0 126
7 1 16 13 0 36
7 1 17 13 0 108
7 1 18 7 0 121
7 1 18 13 0 146
7 1 20 13 0 198
7 1 15 13 0 97
7 2 0 7 0 161
7 2 1 7 0 172
7 2 1 13 0 117
7 2 3 7 0 60
7 2 3 13 0 49
7 2 4 7 0 36
7 2 0 13 0 103
7 2 4 13 0 34
7 1 12 7 0 59
7 2 5 7 0 85
7 2 5 13 0 128
7 1 20 7 0 191
7 2 6 7 0 52
7 2 8 7 0 20
7 2 6 13 0 50
7 2 8 13 0 39
7 2 9 7 0 57
7 2 11 7 0 32
7 2 11 13 0 24
7 2 12 7 0 5
7 2 14 7 0 56
7 2 9 13 0 59
7 2 15 7 0 58
7 2 15 13 0 52
7 2 14 13 0 45
7 2 17 7 0 15
7 2 16 7 0 17
7 2 16 13 0 31
7 2 17 13 0 104
7 2 20 7 0 75
7 2 20 13 0 212
7 3 0 7 0 141
7 3 0 13 0 115
7 3 1 7 0 102
7 3 1 13 0 119
7 3 2 7 0 60
7 3 2 13 0 15
7 2 12 13 0 20
7 3 4 7 0 28
7 3 5 7 0 42
7 3 5 13 0 58
7 3 6 7 0 38
7 2 19 13 0 146
7 3 8 7 0 11
7 3 8 13 0 28
7 3 9 7 0 18
7 3 9 13 0 65
7 3 11 7 0 13
7 3 11 13 0 53
7 3 6 13 0 45
7 3 12 13 0 15
7 3 12 7 0 22
7 3 14 13 0 29
7 3 15 7 0 88
7 3 15 13 0 52
7 3 4 13 0 47
7 3 16 7 0 25
7 3 18 7 0 48
7 3 18 13 0 104
7 3 16 13 0 37
7 3 14 7 0 31
7 2 19 7 0 135
7 3 19 7 0 90
7 3 19 13 0 108
7 3 20 13 0 142
7 3 20 7 0 117
7 4 0 7 0 57
7 4 0 13 0 56
7 4 1 7 0 67
7 4 1 13 0 106
7 4 2 7 0 36
7 4 2 13 0 18
7 4 3 7 0 28
7 4 3 13 0 25
7 4 5 7 0 30
7 4 6 7 0 11
7 4 8 7 0 12
7 4 8 13 0 5
7 4 9 7 0 11
7 4 9 13 0 28
7 4 11 7 0 31
7 4 12 7 0 12
7 4 12 13 0 20
7 4 14 7 0 11
7 4 14 13 0 10
7 4 15 7 0 22
7 4 11 13 0 16
7 4 15 13 0 32
7 4 17 13 0 37
7 4 18 7 0 37
7 4 18 13 0 31
7 4 19 7 0 75
7 4 19 13 0 36
7 4 20 7 0 71
7 4 20 13 0 55
7 5 0 7 0 77
7 5 0 13 0 79
7 5 1 7 0 70
7 5 1 13 0 85
7 5 2 7 0 85
7 5 2 13 0 56
7 5 3 7 0 42
7 5 3 13 0 93
7 5 4 7 0 30
7 5 4 13 0 21
7 5 6 7 0 17
7 5 6 13 0 20
7 5 8 7 0 15
7 4 6 13 0 10
7 5 9 7 0 29
7 5 8 13 0 24
7 5 11 7 
7 5 9 13 0 19
7 5 11 13 0 18
7 5 12 7 0 21
7 5 14 7 0 34
7 5 12 13 0 25
7 5 16 7 0 19
7 5 16 13 0 32
7 5 17 7 0 54
7 5 17 13 0 52
7 5 18 7 0 116
7 5 14 13 0 32
7 5 19 7 0 141
7 5 18 13 0 52
7 5 20 7 0 95
7 5 20 13 0 86
7 4 17 7 0 57
7 5 19 13 0 97
7 6 0 7 0 33
7 6 1 13 0 73
7 6 2 7 0 52
7 6 2 13 0 53
7 6 3 7 0 38
7 6 3 13 0 34
7 6 4 7 0 11
7 6 4 13 0 13
7 6 5 7 0 17
7 6 5 13 0 34
7 6 8 7 0 5
7 6 8 13 0 15
7 4 5 13 0 19
7 6 1 7 0 100
7 6 9 13 0 23
7 6 11 13 0 17
7 6 12 7 0 6
7 6 12 13 0 21
7 6 15 7 0 19
7 6 15 13 0 32
7 6 16 7 0 7
7 6 16 13 0 10
7 6 17 7 0 49
7 6 17 13 0 29
7 6 18 7 0 52
7 6 18 13 0 45
7 6 19 7 0 84
7 6 0 13 0 23
7 6 20 7 0 73
7 6 20 13 0 41
7 6 19 13 0 59
7 8 0 13 0 81
7 8 0 7 0 80
7 6 11 7 0 16
7 8 1 13 0 78
7 8 1 7 0 51
7 8 3 7 0 11
7 8 3 13 0 16
7 8 4 7 0 12
7 8 4 13 0 12
7 8 5 7 0 15
7 8 5 13 0 19
7 8 6 7 0 5
7 8 6 13 0 8
7 8 9 7 0 4
7 8 2 7 0 20
7 8 9 13 0 8
7 8 11 7 0 6
7 8 11 13 0 26
7 8 14 13 0 21
7 8 15 7 0 18
7 8 15 13 0 25
7 8 16 7 0 5
7 8 16 13 0 20
7 8 17 7 0 38
7 8 17 13 0 15
7 8 18 7 0 36
7 8 18 13 0 20
7 8 19 7 0 56
7 8 19 13 0 67
7 8 20 7 0 94
7 8 20 13 0 83
7 9 0 7 0 103
7 9 0 13 0 122
7 9 1 7 
7 8 2 13 0 6
7 9 2 7 0 57
7 9 2 13 0 31
7 9 1 13 0 17
7 9 3 7 0 18
7 9 4 7 0 11
7 9 4 13 0 28
7 6 9 7 0 5
7 9 5 7 0 29
7 9 3 13 0 15
7 8 14 7 0 14
7 9 5 13 
7 9 6 7 0 5
7 9 6 13 0 18
7 9 12 7 0 8
7 9 12 13 0 26
7 9 14 13 0 17
7 9 15 7 0 20
7 9 14 7 0 25
7 9 15 13 0 18
7 9 16 13 0 16
7 9 16 7 0 31
7 9 17 7 0 62
7 9 18 7 0 57
7 9 18 13 0 24
7 9 19 7 0 29
7 9 19 13 
7 9 20 7 0 87
7 9 20 13 0 142
7 11 0 7 0 115
7 11 0 13 0 110
7 11 1 7 0 19
7 11 1 13 
7 11 2 7 0 32
7 11 2 13 0 60
7 11 3 7 0 13
7 11 3 13 0 20
7 11 4 7 0 31
7 11 4 13 0 13
7 11 5 7 
7 11 5 13 0 30
7 11 6 7 0 16
7 11 6 13 0 4
7 11 8 7 0 6
7 11 8 13 0 5
7 11 12 7 0 25
7 11 12 13 0 8
7 11 14 7 0 15
7 11 14 13 0 23
7 11 15 7 0 20
7 11 15 13 0 19
7 11 16 7 0 15
7 11 16 13 0 28
7 11 17 7 0 53
7 11 17 13 0 65
7 11 18 7 0 27
7 9 17 13 0 53
7 9 8 13 0 8
7 11 18 13 0 59
7 11 19 7 
7 11 19 13 0 30
7 11 20 7 0 130
7 9 8 7 0 4
7 11 20 13 0 83
7 12 1 7 0 59
7 12 2 7 0 5
7 12 2 13 0 17
7 12 3 7 0 22
7 12 3 13 0 14
7 12 4 7 0 12
7 12 4 13 0 12
7 12 0 7 0 89
7 12 5 7 0 21
7 12 1 13 0 53
7 12 0 13 0 72
7 12 5 13 0 14
7 12 9 7 0 8
7 12 11 7 0 25
7 12 11 13 0 8
7 12 6 7 0 6
7 12 9 13 0 5
7 12 14 7 0 21
7 12 15 13 0 24
7 12 16 7 0 29
7 12 16 13 0 5
7 12 15 7 0 25
7 12 17 13 0 28
7 12 17 7 0 12
7 12 18 13 0 39
7 12 19 7 0 61
7 12 18 7 0 20
7 12 19 13 0 54
7 12 20 7 0 72
7 12 20 13 0 93
7 14 0 13 0 38
7 14 1 7 0 72
7 14 0 7 0 18
7 14 1 13 0 96
7 14 2 13 0 47
7 14 3 7 0 31
7 14 3 13 0 43
7 14 2 7 0 56
7 14 4 13 0 12
7 14 4 7 0 11
7 14 5 7 0 34
7 12 6 13 0 5
7 14 5 13 0 18
7 14 8 13 0 5
7 14 9 7 0 25
7 14 9 13 0 4
7 14 8 7 0 14
7 12 14 13 0 15
7 14 11 13 0 18
7 14 11 7 0 15
7 14 12 13 0 8
7 14 12 7 0 21
7 14 15 13 0 20
7 14 17 7 0 33
7 14 17 13 0 45
7 14 18 7 0 43
7 14 16 13 0 10
7 14 19 7 0 66
7 14 19 13 0 83
7 14 20 7 0 39
7 14 18 13 0 50
7 15 0 7 0 58
7 14 20 13 0 73
7 15 1 7 0 83
7 15 1 13 0 78
7 15 2 7 0 58
7 15 2 13 0 71
7 14 15 7 0 32
7 15 0 13 0 80
7 14 16 7 0 11
7 15 3 7 0 88
7 15 3 13 0 41
7 15 4 7 0 22
7 15 4 13 0 41
7 15 6 7 0 19
7 15 6 13 0 18
7 15 9 13 0 30
7 15 11 7 0 20
7 15 9 7 0 20
7 15 11 13 
7 15 12 13 0 19
7 15 8 7 0 18
7 15 14 7 0 32
7 15 16 7 0 33
7 15 16 13 0 19
7 15 12 7 0 25
7 15 17 7 0 48
7 15 18 7 0 53
7 15 18 13 0 128
7 15 19 7 0 102
7 15 19 13 0 125
7 15 20 7 0 89
7 15 20 13 0 99
7 16 0 7 0 56
7 16 0 13 0 50
7 15 14 13 0 34
7 16 1 13 0 71
7 16 2 7 0 17
7 16 2 13 0 33
7 16 1 7 0 104
7 15 8 13 0 14
7 16 3 7 0 25
7 15 17 13 0 58
7 16 3 13 0 33
7 16 5 7 0 19
7 16 8 7 0 5
7 16 8 13 0 12
7 16 9 7 0 31
7 16 9 13 0 13
7 16 11 7 0 15
7 16 11 13 0 28
7 16 6 13 0 12
7 16 12 13 0 12
7 16 14 7 0 11
7 16 14 13 0 13
7 16 12 7 0 29
7 16 6 7 0 7
7 16 17 7 0 39
7 16 15 7 0 33
7 16 17 13 0 47
7 16 18 13 0 34
7 16 19 7 0 38
7 16 19 13 0 61
7 16 20 7 0 56
7 16 20 13 0 65
7 17 0 7 0 106
7 17 0 13 0 166
7 17 1 7 0 126
7 17 1 13 0 105
7 17 2 7 0 15
7 17 2 13 0 54
7 17 4 7 0 57
7 17 4 13 0 33
7 17 5 7 0 54
7 17 5 13 0 41
7 16 18 7 0 39
7 17 6 13 0 43
7 17 8 7 0 38
7 17 8 13 0 14
7 17 9 7 0 62
7 17 9 13 0 20
7 17 11 7 0 53
7 17 11 13 0 15
7 17 12 7 0 12
7 17 12 13 0 16
7 17 14 7 0 33
7 17 14 13 0 34
7 17 15 7 0 48
7 17 15 13 0 93
7 17 16 7 0 39
7 17 16 13 0 25
7 17 18 7 0 107
7 17 18 13 0 49
7 16 5 13 0 41
7 17 19 7 0 89
7 17 19 13 0 78
7 17 20 13 0 123
7 18 0 7 0 83
7 17 20 7 0 137
7 18 0 13 0 185
7 18 1 7 0 121
7 18 3 7 0 48
7 18 3 13 0 54
7 18 4 7 0 37
7 18 4 13 0 33
7 18 5 7 0 116
7 18 5 13 0 71
7 18 6 7 0 52
7 18 6 13 0 47
7 18 8 7 0 36
7 18 8 13 0 17
7 18 1 13 0 152
7 18 9 13 0 60
7 16 15 13 0 21
7 18 11 7 0 27
7 18 9 7 0 57
7 17 6 7 0 49
7 18 11 13 0 31
7 18 12 7 0 20
7 18 14 7 0 43
7 18 15 7 0 53
7 18 15 13 0 56
7 18 16 13 0 18
7 18 17 7 0 107
7 18 16 7 0 39
7 18 19 7 0 133
7 18 19 13 0 126
7 18 20 7 0 176
7 18 20 13 0 76
7 19 0 7 0 202
7 19 0 13 0 224
7 19 2 7 0 135
7 19 2 13 0 152
7 19 3 7 0 90
7 19 3 13 0 105
7 19 4 7 0 75
7 18 12 13 0 6
7 19 4 13 0 71
7 18 17 13 0 15
7 18 14 13 0 53
7 19 5 13 0 78
7 19 6 13 0 96
7 19 6 7 0 84
7 19 8 13 0 53
7 19 9 7 0 29
7 19 11 7 
7 19 9 13 
7 19 11 13 0 17
7 19 12 13 0 78
7 19 14 7 0 66
7 19 14 13 0 73
7 19 12 7 0 61
7 19 15 7 0 102
7 19 16 7 0 38
7 19 16 13 0 106
7 19 17 7 0 89
7 19 17 13 0 119
7 19 18 7 0 133
7 19 15 13 0 85
7 19 18 13 0 117
7 19 20 13 0 182
7 20 1 7 0 191
7 20 1 13 0 224
7 20 2 7 0 75
7 20 2 13 0 185
7 20 3 7 0 117
7 20 3 13 0 166
7 20 4 7 0 71
7 20 4 13 0 50
7 20 5 7 0 95
7 20 5 13 0 80
7 20 6 7 0 73
7 20 6 13 0 38
7 20 8 7 0 94
7 20 8 13 0 72
7 19 8 7 0 56
7 20 9 7 0 87
7 19 20 7 0 193
7 19 5 7 0 141
7 20 9 13 0 110
7 20 11 7 0 130
7 20 11 13 0 122
7 20 12 7 0 72
7 20 12 13 0 81
7 20 14 7 0 39
7 20 14 13 0 23
7 20 15 7 0 89
7 20 17 7 0 137
7 20 17 13 0 115
7 20 18 7 0 176
7 20 18 13 0 103
7 20 19 7 0 193
7 20 19 13 0 194
7 20 16 7 0 56
8 0 1 8 0 204
7 20 16 13 0 56
7 20 15 13 0 79
8 0 1 12 0 170
8 0 3 12 0 79
8 0 4 8 0 53
8 0 3 8 0 111
8 0 5 8 0 32
8 0 5 12 0 31
8 0 6 8 0 113
8 0 6 12 0 173
8 0 7 8 0 80
8 0 7 12 0 93
8 0 9 8 0 50
8 0 9 12 0 57
8 0 11 8 0 58
8 0 11 12 0 40
8 0 13 8 0 72
8 0 13 12 0 81
8 0 4 12 0 72
8 0 14 12 0 59
8 0 15 8 0 67
8 0 2 8 0 116
8 0 15 12 0 33
8 0 16 12 
8 0 17 8 0 103
8 0 17 12 0 102
8 0 18 8 0 96
8 0 18 12 0 142
8 0 19 8 0 180
8 0 14 8 0 108
8 1 0 8 0 204
8 1 0 12 0 170
8 0 16 8 0 33
8 1 2 8 0 111
8 0 19 12 0 192
8 0 2 12 0 163
8 1 2 12 0 96
8 1 3 8 0 83
8 1 3 12 0 83
8 1 4 8 0 70
8 1 4 12 0 34
8 1 6 12 0 95
8 1 5 12 0 58
8 1 7 8 0 51
8 1 7 12 0 54
8 1 9 8 0 22
8 1 9 12 0 39
8 1 11 12 0 28
8 1 11 8 0 42
8 1 13 12 0 78
8 1 14 8 0 62
8 1 5 8 0 16
8 1 13 8 0 61
8 1 14 12 0 59
8 1 15 8 0 16
8 1 6 8 0 59
8 1 15 12 0 29
8 1 16 8 0 34
8 1 18 8 0 125
8 1 16 12 0 62
8 1 17 8 0 70
8 1 18 12 0 135
8 1 17 12 0 94
8 2 0 8 0 116
8 2 1 8 0 111
8 2 1 12 0 134
8 2 3 8 0 62
8 2 3 12 0 24
8 2 4 8 0 76
8 2 4 12 0 77
8 2 5 8 0 46
8 2 5 12 0 13
8 2 0 12 0 106
8 2 6 8 
8 2 7 8 0 20
8 2 7 12 0 39
8 2 9 8 0 15
8 2 6 12 0 128
8 1 20 12 0 192
8 2 11 8 0 7
8 2 9 12 0 13
8 2 13 12 0 6
8 2 14 8 
8 2 14 12 0 86
8 2 15 8 0 53
8 2 15 12 0 23
8 2 13 8 0 20
8 2 16 12 0 56
8 2 17 8 0 44
8 2 16 8 0 59
8 2 17 12 0 66
8 2 19 12 0 135
8 2 20 8 0 148
8 2 20 12 0 142
8 2 19 8 0 105
8 3 0 8 0 111
8 3 0 12 0 113
8 3 1 8 0 83
8 3 2 8 0 62
8 3 1 12 0 73
8 3 2 12 0 50
8 3 4 12 0 30
8 3 5 8 0 46
8 3 5 12 0 30
8 3 6 8 0 17
8 3 6 12 0 19
8 3 7 8 0 11
8 3 7 12 0 28
8 3 9 8 0 28
8 3 9 12 0 19
8 3 11 8 0 16
8 3 11 12 0 22
8 3 13 8 0 12
8 3 13 12 0 16
8 3 14 8 0 26
8 3 14 12 0 12
8 3 15 8 0 23
8 3 15 12 0 23
8 3 16 8 0 41
8 3 16 12 0 57
8 3 18 8 0 26
8 3 18 12 0 66
8 3 19 8 0 87
8 3 19 12 0 94
8 3 20 8 0 90
8 3 20 12 0 102
8 3 4 8 0 43
8 1 20 8 0 177
8 2 11 12 0 22
8 4 0 8 0 53
8 4 0 12 0 32
8 4 1 8 0 70
8 4 1 12 0 38
8 4 2 8 0 76
8 4 2 12 0 56
8 4 3 8 0 43
8 4 3 12 0 37
8 4 5 8 0 34
8 4 6 8 0 19
8 4 7 12 0 5
8 4 9 8 0 10
8 4 9 12 0 11
8 4 11 8 0 12
8 4 11 12 0 12
8 4 13 8 0 29
8 4 6 12 0 34
8 4 14 8 0 25
8 4 14 12 0 23
8 4 15 8 0 16
8 4 15 12 0 41
8 4 17 8 0 28
8 4 17 12 0 57
8 4 18 8 0 76
8 4 18 12 0 56
8 4 19 8 0 40
8 4 19 12 0 62
8 4 20 8 0 67
8 4 20 12 
8 5 0 8 0 32
8 5 0 12 0 70
8 4 7 8 0 12
8 5 1 8 0 16
8 5 2 8 0 46
8 5 2 12 0 51
8 5 3 8 0 46
8 5 3 12 0 26
8 5 4 8 0 34
8 5 4 12 0 17
8 5 6 8 0 13
8 5 6 12 0 5
8 5 7 8 0 15
8 5 7 12 0 24
8 5 9 8 0 3
8 5 9 12 0 24
8 5 11 8 0 11
8 5 11 12 0 9
8 5 13 8 0 25
8 5 13 12 0 19
8 5 14 8 0 8
8 5 14 12 0 10
8 5 16 8 0 38
8 5 16 12 0 41
8 5 17 8 0 27
8 5 1 12 0 18
8 5 18 8 0 14
8 5 18 12 0 23
8 5 19 8 0 66
8 5 19 12 0 29
8 4 13 12 0 12
8 5 20 8 0 32
8 5 17 12 0 23
8 4 5 12 0 27
8 5 20 12 0 33
8 6 0 8 0 113
8 6 1 8 0 59
8 6 2 8 
8 6 3 8 0 17
8 6 3 12 0 27
8 6 2 12 
8 6 4 8 0 19
8 6 1 12 0 62
8 6 5 8 0 13
8 6 5 12 0 7
8 6 7 12 0 15
8 6 9 8 
8 6 9 12 0 5
8 6 11 8 0 7
8 6 11 12 
8 6 13 8 0 21
8 6 13 12 0 8
8 6 15 8 0 5
8 6 15 12 0 10
8 6 16 8 0 32
8 6 16 12 0 23
8 6 7 8 0 5
8 6 17 12 0 12
8 6 18 8 0 122
8 6 17 8 0 19
8 6 19 8 0 107
8 6 19 12 0 59
8 6 20 8 0 141
8 6 20 12 0 59
8 7 0 8 0 80
8 7 0 12 0 83
8 7 1 8 0 51
8 6 18 12 0 86
8 6 4 12 0 27
8 7 2 12 0 20
8 7 3 8 0 11
8 7 3 12 0 15
8 7 1 12 0 67
8 7 4 8 0 12
8 7 5 8 0 15
8 7 5 12 0 25
8 7 6 8 0 5
8 7 4 12 0 20
8 7 9 8 0 4
8 6 0 12 0 103
8 7 11 8 0 6
8 7 9 12 0 26
8 7 6 12 0 21
8 7 2 8 0 20
8 7 11 12 0 8
8 7 14 8 0 14
8 7 16 8 0 5
8 7 16 12 0 12
8 7 17 8 0 38
8 7 15 12 0 19
8 7 18 8 0 36
8 7 18 12 0 6
8 7 19 8 0 56
8 7 17 12 0 16
8 7 19 12 0 78
8 7 14 12 0 8
8 7 20 8 0 94
8 7 20 12 0 81
8 7 15 8 0 18
8 9 1 12 0 45
8 9 1 8 0 22
8 9 2 8 0 15
8 9 3 8 0 28
8 9 3 12 0 19
8 9 2 12 0 8
8 9 4 12 0 17
8 9 4 8 0 10
8 9 5 12 0 11
8 9 6 8 
8 9 6 12 0 8
8 9 0 8 0 50
8 9 7 8 0 4
8 9 5 8 0 3
8 9 0 12 0 63
8 9 7 12 0 8
8 9 13 8 0 25
8 9 14 12 
8 9 15 8 0 19
8 9 15 12 0 9
8 9 16 12 0 12
8 9 17 8 0 19
8 9 17 12 0 22
8 9 14 8 0 6
8 9 18 8 0 13
8 9 18 12 0 22
8 9 16 8 0 10
8 9 13 12 0 8
8 9 19 8 0 40
8 11 0 8 0 58
8 9 20 12 0 40
8 11 0 12 0 48
8 11 1 12 0 24
8 11 2 8 0 7
8 11 1 8 0 42
8 11 2 12 0 14
8 9 19 12 0 28
8 11 3 12 0 32
8 11 3 8 0 16
8 11 4 8 0 12
8 9 20 8 0 55
8 11 4 12 0 8
8 11 5 8 0 11
8 11 6 8 0 7
8 11 7 8 0 6
8 11 13 8 0 8
8 11 7 12 0 5
8 11 13 12 0 26
8 11 14 8 
8 11 14 12 0 5
8 11 15 12 0 24
8 11 15 8 0 10
8 11 16 8 0 11
8 11 17 8 0 22
8 11 16 12 0 11
8 11 17 12 0 19
8 11 18 8 0 22
8 11 18 12 0 13
8 11 5 12 0 3
8 11 20 8 0 39
8 11 20 12 0 57
8 13 0 8 0 72
8 11 19 12 0 39
8 13 1 8 0 61
8 13 1 12 0 53
8 13 2 8 0 20
8 13 2 12 0 17
8 13 3 8 0 12
8 13 3 12 0 14
8 13 4 8 0 29
8 13 4 12 0 12
8 13 5 8 0 25
8 13 5 12 0 14
8 13 6 8 0 21
8 13 6 12 0 5
8 13 9 8 0 25
8 13 9 12 0 5
8 13 11 8 0 8
8 13 11 12 0 8
8 11 19 8 0 30
8 13 14 8 0 6
8 13 0 12 0 72
8 13 15 8 0 21
8 13 16 8 0 12
8 13 16 12 0 5
8 13 17 8 0 22
8 13 17 12 0 28
8 13 18 8 0 5
8 13 18 12 0 39
8 13 19 8 0 59
8 13 19 12 0 54
8 13 20 8 0 89
8 13 20 12 0 93
8 14 0 8 0 108
8 14 0 12 0 131
8 14 1 8 0 62
8 14 1 12 0 56
8 14 2 8 
8 14 2 12 
8 14 3 8 0 26
8 14 3 12 0 18
8 14 4 8 0 25
8 14 4 12 0 19
8 14 5 8 0 8
8 13 15 12 0 24
8 14 5 12 0 11
8 14 7 8 0 14
8 14 9 8 0 6
8 14 9 12 
8 14 11 8 
8 14 11 12 0 8
8 14 13 8 0 6
8 13 14 12 0 15
8 14 13 12 0 21
8 11 6 12 
8 14 7 12 0 5
8 14 15 8 0 9
8 14 15 12 0 5
8 14 16 8 0 24
8 14 16 12 0 34
8 14 17 8 0 14
8 14 18 12 0 128
8 14 19 12 0 95
8 14 20 8 0 50
8 14 20 12 0 173
8 15 0 8 0 67
8 15 0 12 0 33
8 15 1 8 0 16
8 14 18 8 0 74
8 15 2 8 0 53
8 15 2 12 0 44
8 15 3 8 0 23
8 15 3 12 0 42
8 14 19 8 0 63
8 15 4 12 0 29
8 15 6 8 0 5
8 15 4 8 0 16
8 15 7 8 0 18
8 15 7 12 0 14
8 15 9 8 0 19
8 15 6 12 0 11
8 15 1 12 0 15
8 15 11 12 0 11
8 15 11 8 0 10
8 15 13 8 0 21
8 15 14 8 0 9
8 15 14 12 0 7
8 15 13 12 0 25
8 15 16 12 0 27
8 15 17 8 0 23
8 15 17 12 0 30
8 15 18 8 0 24
8 15 18 12 0 13
8 15 19 8 0 25
8 15 19 12 0 58
8 15 20 8 0 35
8 15 20 12 0 31
8 15 16 8 0 38
8 16 0 8 0 33
8 16 1 8 0 34
8 16 1 12 0 67
8 16 2 8 0 59
8 16 2 12 0 66
8 16 3 8 0 41
8 16 0 12 0 55
8 16 5 8 0 38
8 16 5 12 0 29
8 16 3 12 0 46
8 16 6 12 0 19
8 16 7 8 0 5
8 16 6 8 0 32
8 16 7 12 0 12
8 16 9 8 0 10
8 16 11 8 0 11
8 15 9 12 0 3
8 16 9 12 0 8
8 16 13 12 0 20
8 16 14 8 0 24
8 16 13 8 0 12
8 16 15 8 0 38
8 16 15 12 0 17
8 16 17 8 0 42
8 16 14 12 0 27
8 16 18 8 0 65
8 16 18 12 0 77
8 16 11 12 0 17
8 16 17 12 0 30
8 16 19 12 0 34
8 16 20 8 
8 16 19 8 0 61
8 14 17 12 0 19
8 16 20 12 0 72
8 17 1 12 0 95
8 17 2 8 0 44
8 17 2 12 0 59
8 17 4 8 0 28
8 17 4 12 0 46
8 17 5 8 0 27
8 17 5 12 0 42
8 17 6 8 0 19
8 17 6 12 0 18
8 17 7 8 0 38
8 17 7 12 0 14
8 17 9 8 0 19
8 17 0 8 0 103
8 17 1 8 0 70
8 17 11 8 0 22
8 17 13 8 0 22
8 17 11 12 0 19
8 17 14 8 0 14
8 17 14 12 0 27
8 17 15 8 0 23
8 17 13 12 0 15
8 17 16 8 0 42
8 17 16 12 0 37
8 17 15 12 0 26
8 17 18 12 0 24
8 17 19 8 0 87
8 17 19 12 0 83
8 17 20 8 0 94
8 17 20 12 0 79
8 18 0 8 0 96
8 18 0 12 0 108
8 18 1 8 0 125
8 18 1 12 0 118
8 18 3 8 0 26
8 17 18 8 0 62
8 18 3 12 0 59
8 18 4 12 0 66
8 18 5 8 0 14
8 18 5 12 0 44
8 18 6 8 0 122
8 18 6 12 
8 18 7 8 0 36
8 18 7 12 0 17
8 17 9 12 0 32
8 18 9 8 0 13
8 18 11 8 0 22
8 18 4 8 0 76
8 18 13 8 0 5
8 18 13 12 0 20
8 18 14 8 0 74
8 18 14 12 
8 18 15 8 0 24
8 18 15 12 0 51
8 18 16 8 0 65
8 18 16 12 0 56
8 18 9 12 0 14
8 18 11 12 0 8
8 17 0 12 0 103
8 18 17 12 0 50
8 18 19 8 0 120
8 18 17 8 0 62
8 18 19 12 0 96
8 18 20 8 0 128
8 18 20 12 0 163
8 19 2 8 0 105
8 19 2 12 0 118
8 19 0 12 0 221
8 19 3 8 0 87
8 19 4 12 0 67
8 19 4 8 0 40
8 19 5 12 0 15
8 19 6 8 0 107
8 19 6 12 0 56
8 19 7 8 0 56
8 19 7 12 0 53
8 19 9 8 0 40
8 19 9 12 0 24
8 19 11 8 0 30
8 19 11 12 0 45
8 19 13 8 0 59
8 19 5 8 0 66
8 19 13 12 0 67
8 19 14 12 0 62
8 19 15 8 0 25
8 19 0 8 0 180
8 19 15 12 0 18
8 19 14 8 0 63
8 19 3 12 0 95
8 19 16 8 0 61
8 19 16 12 0 38
8 19 17 8 0 87
8 19 17 12 0 73
8 19 18 8 0 120
8 19 18 12 0 134
8 19 20 12 0 170
8 20 1 8 0 177
8 20 1 12 0 221
8 19 20 8 0 185
8 20 3 12 0 103
8 20 2 8 0 148
8 20 4 12 0 55
8 20 5 8 0 32
8 20 2 12 0 108
8 20 4 8 0 67
8 20 6 8 0 141
8 20 7 8 0 94
8 20 7 12 0 72
8 20 9 8 0 55
8 20 5 12 0 33
8 20 11 8 0 39
8 20 11 12 0 63
8 20 13 8 0 89
8 20 13 12 0 83
8 20 14 8 0 50
8 20 14 12 0 103
8 20 15 8 0 35
8 20 9 12 0 48
8 20 15 12 0 70
8 20 16 12 0 32
8 20 3 8 0 90
8 20 16 8 
8 20 17 12 0 113
8 20 18 12 0 106
8 20 19 8 0 185
8 20 19 12 0 170
9 0 1 9 0 92
9 0 1 11 0 142
8 20 6 12 0 131
9 0 2 9 0 40
9 0 3 9 0 106
9 0 3 11 0 84
9 0 4 9 0 53
9 0 4 11 0 119
9 0 5 9 0 60
9 0 5 11 0 59
9 0 6 9 0 17
9 0 6 11 0 40
9 0 7 9 0 103
9 0 7 11 0 83
9 0 8 9 0 50
9 0 8 11 0 57
9 0 2 11 0 85
9 0 12 11 0 63
9 0 13 9 0 130
9 0 13 11 0 122
9 0 12 9 0 39
9 0 14 9 0 21
9 0 15 9 0 30
9 0 15 11 0 71
9 0 16 9 0 113
9 0 16 11 0 55
9 0 17 9 0 90
9 0 17 11 0 84
9 0 18 9 0 28
9 0 18 11 0 91
9 0 19 9 0 89
9 0 19 11 0 84
9 1 0 9 0 92
9 1 0 11 0 81
8 20 17 8 0 94
9 1 2 11 0 69
9 1 3 9 0 76
9 1 3 11 0 133
9 1 2 9 0 88
9 1 4 9 0 23
9 1 5 9 0 87
9 1 5 11 0 79
9 1 6 9 0 37
9 1 6 11 0 57
9 1 7 9 
9 1 7 11 0 30
9 1 4 11 0 15
9 1 8 11 0 39
9 1 12 9 0 30
8 20 18 8 0 128
9 1 13 9 
9 1 13 11 0 17
9 1 12 11 0 45
9 1 14 9 0 41
9 1 8 9 0 22
9 1 15 9 0 88
9 1 16 9 0 18
9 1 16 11 0 20
9 1 17 9 0 55
9 1 17 11 0 84
9 1 18 9 0 66
9 1 18 11 0 79
9 1 20 9 0 134
9 1 15 11 0 120
9 1 14 11 0 26
9 0 14 11 0 33
9 1 20 11 0 84
9 2 0 9 0 40
9 2 3 9 0 62
9 2 3 11 0 84
9 2 4 9 0 23
9 2 4 11 0 49
9 2 5 9 0 57
9 2 5 11 0 37
9 2 6 9 0 24
9 2 6 11 0 9
9 2 7 9 0 57
9 2 7 11 0 59
9 2 8 9 0 15
9 2 8 11 0 13
9 2 1 11 0 68
9 2 12 9 0 22
9 2 12 11 0 8
9 2 13 11 0 31
9 2 14 9 0 16
9 2 1 9 0 88
9 2 14 11 0 7
9 2 15 11 0 30
9 2 0 11 0 30
9 2 16 9 0 11
9 2 17 9 0 54
9 2 16 11 0 22
9 2 17 11 0 59
9 2 19 9 0 72
9 2 20 9 0 83
9 2 20 11 0 91
9 2 13 9 0 27
9 3 0 9 0 106
9 3 0 11 0 85
9 3 1 11 0 42
9 3 2 9 0 62
9 3 1 9 0 76
9 3 4 9 0 41
9 3 2 11 0 58
9 2 15 9 0 36
9 2 19 11 0 79
9 3 6 9 0 24
9 3 6 11 0 29
9 3 5 11 0 47
9 3 7 9 0 18
9 3 8 9 0 28
9 3 7 11 0 65
9 3 4 11 0 43
9 3 12 9 0 22
9 3 13 9 0 53
9 3 13 11 0 15
9 3 14 9 0 51
9 3 12 11 0 19
9 3 5 9 0 28
9 3 8 11 0 19
9 3 14 11 0 29
9 3 16 9 0 41
9 3 18 9 0 59
9 3 15 11 0 29
9 3 19 9 0 88
9 3 19 11 0 84
9 3 20 9 0 83
9 3 20 11 0 84
9 4 0 9 0 53
9 4 0 11 0 126
9 4 1 9 0 23
9 4 1 11 0 23
9 3 16 11 0 38
9 4 2 11 0 13
9 3 18 11 0 59
9 4 3 9 0 41
9 4 5 9 0 40
9 4 3 11 0 44
9 4 6 9 0 19
9 4 6 11 0 33
9 4 5 11 0 46
9 3 15 9 
9 4 2 9 0 23
9 4 8 11 0 11
9 4 8 9 0 10
9 4 7 9 0 11
9 4 7 11 0 28
9 4 12 9 0 11
9 4 12 11 0 17
9 4 13 11 0 28
9 4 13 9 0 15
9 4 15 11 0 25
9 4 14 11 0 6
9 4 14 9 0 10
9 4 18 9 0 58
9 4 15 9 0 31
9 4 18 11 0 22
9 4 17 11 0 38
9 4 19 9 0 14
9 4 17 9 0 47
9 4 19 11 0 20
9 4 20 9 0 107
9 5 0 11 0 31
9 5 1 9 0 87
9 5 1 11 0 90
9 5 0 9 0 60
9 5 3 9 0 28
9 5 3 11 
9 5 4 9 0 40
9 5 4 11 0 28
9 5 6 9 0 16
9 5 6 11 0 20
9 5 2 11 0 32
9 4 20 11 0 55
9 5 2 9 0 57
9 5 7 9 0 29
9 5 7 11 0 19
9 5 8 9 0 3
9 5 8 11 0 24
9 5 12 9 0 10
9 5 12 11 0 11
9 5 13 9 0 20
9 5 13 11 
9 5 14 9 0 23
9 5 14 11 0 15
9 5 16 9 0 37
9 5 16 11 0 25
9 5 18 11 0 30
9 5 18 9 0 40
9 5 19 11 0 120
9 5 20 9 0 78
9 5 20 11 0 71
9 6 0 9 0 17
9 6 0 11 0 18
9 6 1 9 0 37
9 6 1 11 0 42
9 6 2 9 0 24
9 6 2 11 0 18
9 6 3 9 0 24
9 6 3 11 0 52
9 6 4 9 0 19
9 6 4 11 0 7
9 6 5 9 0 16
9 6 5 11 0 27
9 6 7 9 0 5
9 6 7 11 0 23
9 6 8 9 
9 6 8 11 0 5
9 6 12 9 
9 6 12 11 0 8
9 6 13 9 0 15
9 5 17 9 0 47
9 6 15 9 0 17
9 6 13 11 0 18
9 6 16 9 0 32
9 6 15 11 0 15
9 6 16 11 0 6
9 6 17 9 0 24
9 6 18 9 0 9
9 6 18 11 0 7
9 6 17 11 0 29
9 6 19 9 0 53
9 6 20 9 0 43
9 6 19 11 0 26
9 7 0 9 0 103
9 7 0 11 0 142
9 7 1 9 
9 7 1 11 
9 7 2 9 0 57
9 7 2 11 0 24
9 7 3 9 0 18
9 7 3 11 0 53
9 7 4 9 0 11
9 5 19 9 0 76
9 6 20 11 0 33
9 7 4 11 0 16
9 7 5 11 0 18
9 7 5 9 0 29
9 7 6 11 0 17
9 7 8 9 0 4
9 7 12 9 0 8
9 7 12 11 0 8
9 7 14 9 0 25
9 7 8 11 0 26
9 5 17 11 0 29
9 7 15 11 
9 7 6 9 0 5
9 7 16 9 0 31
9 7 17 9 0 62
9 7 14 11 0 18
9 7 17 11 0 15
9 7 18 11 0 31
9 7 19 9 0 29
9 7 19 11 0 17
9 7 20 9 0 87
9 7 20 11 0 122
9 7 18 9 0 57
9 8 0 11 0 40
9 8 0 9 0 50
9 8 1 9 0 22
9 8 1 11 0 28
9 8 2 11 0 22
9 8 3 9 0 28
9 8 2 9 0 15
9 7 16 11 0 28
9 7 15 9 0 20
9 8 3 11 0 22
9 8 4 9 0 10
9 8 5 9 0 3
9 8 6 9 
9 8 4 11 0 12
9 8 5 11 0 9
9 8 6 11 
9 8 13 11 0 8
9 8 14 9 0 6
9 8 14 11 0 8
9 8 15 9 0 19
9 8 15 11 0 11
9 8 16 9 0 10
9 8 16 11 0 17
9 8 17 9 0 19
9 8 17 11 0 19
9 8 18 9 0 13
9 8 18 11 0 8
9 8 19 9 0 40
9 8 19 11 0 45
9 8 20 9 0 55
9 8 20 11 0 63
9 12 0 9 0 39
9 12 0 11 0 48
9 12 1 9 0 30
9 12 1 11 0 24
9 12 2 9 0 22
9 12 2 11 0 14
9 12 3 9 0 22
9 12 3 11 0 32
9 12 4 9 0 11
9 12 4 11 0 8
9 12 5 9 0 10
9 8 7 9 0 4
9 12 5 11 0 3
9 12 6 11 
9 12 7 9 0 8
9 12 7 11 0 5
9 12 13 9 0 6
9 12 13 11 0 26
9 12 14 9 0 7
9 12 14 11 0 5
9 12 15 9 0 11
9 12 15 11 0 24
9 12 16 9 0 12
9 12 16 11 0 11
9 12 17 9 0 16
9 12 6 9 
9 12 18 9 0 7
9 12 18 11 0 13
9 12 19 9 0 42
9 8 13 9 0 25
9 12 19 11 0 39
9 12 17 11 0 19
9 8 7 11 0 8
9 12 20 9 0 58
9 12 20 11 0 57
9 13 0 9 0 130
9 13 2 9 0 27
9 13 2 11 0 60
9 13 3 9 0 53
9 13 3 11 0 20
9 13 4 9 0 15
9 13 4 11 0 13
9 13 5 9 0 20
9 13 5 11 0 30
9 13 6 9 0 15
9 13 6 11 0 4
9 13 8 9 0 25
9 13 8 11 0 5
9 13 12 9 0 6
9 13 12 11 0 8
9 13 14 9 0 16
9 13 14 11 0 23
9 13 15 9 
9 13 15 11 0 19
9 13 16 9 0 31
9 13 16 11 0 28
9 13 17 9 0 13
9 13 17 11 0 65
9 13 18 9 0 32
9 13 18 11 0 59
9 13 19 9 0 19
9 13 19 11 0 30
9 13 20 9 0 115
9 13 20 11 0 83
9 14 0 9 0 21
9 14 0 11 0 20
9 14 1 9 0 41
9 14 1 11 0 35
9 14 2 9 0 16
9 14 2 11 0 23
9 14 3 9 0 51
9 14 3 11 0 23
9 14 4 9 0 10
9 14 4 11 0 17
9 14 5 9 0 23
9 14 5 11 0 11
9 14 7 9 0 25
9 14 7 11 0 4
9 14 8 9 0 6
9 14 8 11 
9 14 12 9 0 7
9 14 12 11 
9 14 13 9 0 16
9 14 13 11 0 17
9 14 15 9 0 12
9 14 15 11 0 20
9 14 16 9 0 7
9 14 16 11 0 33
9 14 17 9 0 31
9 14 17 11 0 29
9 14 18 9 0 7
9 14 18 11 0 9
9 14 19 9 0 28
9 14 19 11 0 57
9 13 0 11 0 110
9 14 20 9 0 33
9 13 1 11 
9 13 1 9 
9 14 20 11 0 40
9 15 0 9 0 30
9 15 0 11 0 72
9 15 1 9 0 88
9 15 1 11 0 95
9 15 2 9 0 36
9 15 4 9 0 31
9 15 4 11 0 31
9 15 6 9 0 17
9 15 6 11 0 11
9 15 7 9 0 20
9 15 7 11 0 30
9 15 8 9 0 19
9 15 8 11 0 3
9 15 12 9 0 11
9 15 12 11 0 9
9 15 13 9 
9 15 13 11 0 18
9 15 14 9 0 12
9 15 14 11 0 27
9 15 16 9 0 33
9 15 16 11 0 46
9 15 17 9 0 32
9 15 17 11 0 47
9 15 18 9 0 31
9 15 18 11 0 37
9 15 19 9 0 118
9 15 19 11 0 79
9 15 20 9 0 70
9 15 2 11 0 57
9 15 3 9 
9 15 20 11 0 59
9 15 3 11 0 31
9 16 1 11 0 25
9 16 2 9 0 11
9 16 2 11 0 25
9 16 3 9 0 41
9 16 3 11 0 47
9 16 5 9 0 37
9 16 5 11 0 31
9 16 6 9 0 32
9 16 6 11 0 17
9 16 7 9 0 31
9 16 7 11 0 13
9 16 8 9 0 10
9 16 8 11 0 8
9 16 12 9 0 12
9 16 12 11 0 12
9 16 13 9 0 31
9 16 13 11 0 16
9 16 14 9 0 7
9 16 14 11 0 7
9 16 15 9 0 33
9 16 15 11 0 28
9 16 17 9 0 35
9 16 17 11 0 43
9 16 1 9 0 18
9 16 0 9 0 113
9 16 0 11 0 56
9 16 19 11 0 15
9 16 20 9 0 60
9 16 20 11 0 119
9 17 0 9 0 90
9 17 0 11 0 115
9 17 1 9 0 55
9 17 1 11 0 79
9 17 2 9 0 54
9 16 19 9 0 21
9 17 4 9 0 47
9 17 4 11 0 47
9 17 5 9 0 47
9 17 5 11 0 31
9 17 6 9 0 24
9 17 6 11 0 23
9 17 7 9 0 62
9 17 7 11 0 20
9 17 8 9 0 19
9 17 8 11 0 32
9 16 18 9 0 20
9 17 2 11 0 45
9 17 12 11 0 22
9 17 13 11 0 53
9 17 14 9 0 31
9 17 14 11 0 52
9 17 15 9 0 32
9 17 15 11 
9 17 16 9 0 35
9 17 16 11 0 44
9 17 18 9 0 60
9 17 18 11 0 84
9 17 19 9 0 81
9 17 19 11 0 133
9 17 20 9 0 73
9 17 20 11 0 84
9 18 0 9 0 28
9 18 0 11 0 36
9 18 1 9 0 66
9 18 1 11 0 84
9 18 3 9 0 59
9 18 3 11 0 45
9 18 4 9 0 58
9 18 4 11 0 25
9 16 18 11 0 49
9 17 13 9 0 13
9 17 12 9 0 16
9 18 5 9 0 40
9 18 7 9 0 57
9 18 7 11 0 60
9 18 8 9 0 13
9 18 8 11 0 14
9 18 12 9 0 7
9 18 12 11 0 22
9 18 13 9 0 32
9 18 13 11 0 24
9 18 14 9 0 7
9 18 6 11 0 23
9 18 5 11 0 57
9 18 15 11 0 32
9 18 14 11 0 18
9 18 15 9 0 31
9 18 16 9 0 20
9 18 6 9 0 9
9 18 17 11 0 58
9 18 17 9 0 60
9 18 16 11 0 13
9 18 19 9 0 91
9 18 19 11 0 69
9 18 20 9 0 98
9 18 20 11 0 85
9 19 0 9 0 89
9 19 0 11 0 95
9 19 2 9 0 72
9 19 2 11 0 84
9 19 3 9 0 88
9 19 3 11 0 79
9 19 4 9 0 14
9 19 6 9 0 53
9 19 6 11 0 35
9 19 7 9 0 29
9 19 7 11 
9 19 8 9 0 40
9 19 8 11 0 24
9 19 12 9 0 42
9 19 12 11 0 28
9 19 13 9 0 19
9 19 13 11 
9 19 14 9 0 28
9 19 14 11 0 42
9 19 15 9 0 118
9 19 15 11 0 90
9 19 16 9 0 21
9 19 16 11 0 23
9 19 17 9 0 81
9 19 17 11 0 42
9 19 18 9 0 91
9 19 18 11 0 68
9 19 20 9 0 86
9 19 20 11 0 142
9 19 5 11 0 95
9 20 1 11 0 95
9 20 2 9 0 83
9 20 2 11 0 36
9 20 3 9 0 83
9 20 3 11 0 115
9 20 1 9 0 134
9 20 4 11 0 56
9 20 5 9 0 78
9 20 5 11 0 72
9 20 6 9 0 43
9 20 6 11 0 20
9 20 7 9 0 87
9 20 7 11 0 110
9 20 8 9 0 55
9 20 4 9 0 107
9 20 12 9 0 58
9 20 12 11 0 40
9 20 13 9 0 115
9 20 13 11 0 142
9 20 14 9 0 33
9 20 14 11 0 18
9 20 15 9 0 70
9 20 15 11 0 31
9 20 16 9 0 60
9 20 16 11 0 126
9 20 17 9 0 73
9 20 8 11 0 48
9 20 17 11 0 85
9 19 5 9 0 76
9 20 18 9 0 98
9 20 18 11 0 30
9 20 19 9 0 86
9 19 4 11 0 25
9 20 19 11 0 81
