0,1;1,2;2,0
0,1;1,2;2,38
0,1;1,3;3,0
0,1;1,3;3,38
0,1;1,4;4,0
0,1;1,4;4,38
0,1;1,5;5,0
0,1;1,5;5,38
0,1;1,6;6,0
0,1;1,6;6,38
0,1;1,7;7,0
0,1;1,7;7,38
0,1;1,8;8,0
0,1;1,8;8,38
0,1;1,9;9,0
0,1;1,9;9,38
0,1;1,10;10,0
0,1;1,10;10,38
0,1;1,11;11,0
0,1;1,11;11,38
0,1;1,12;12,0
0,1;1,12;12,38
0,1;1,13;13,0
0,1;1,13;13,38
0,1;1,14;14,0
0,1;1,14;14,38
0,1;1,15;15,0
0,1;1,15;15,38
0,1;1,16;16,0
0,1;1,16;16,38
0,1;1,17;17,0
0,1;1,17;17,38
0,1;1,18;18,0
0,1;1,18;18,38
0,1;1,20;20,0
0,1;1,20;20,38
0,1;1,21;21,0
0,1;1,21;21,38
0,1;1,22;22,0
0,1;1,22;22,38
0,1;1,23;23,0
0,1;1,23;23,38
0,1;1,24;24,0
0,1;1,24;24,38
0,1;1,25;25,0
0,1;1,25;25,38
0,1;1,26;26,0
0,1;1,26;26,38
0,1;1,27;27,0
0,1;1,27;27,38
0,1;1,28;28,0
0,1;1,28;28,38
0,1;1,29;29,0
0,1;1,29;29,38
0,1;1,30;30,0
0,1;1,30;30,38
0,1;1,31;31,0
0,1;1,31;31,38
0,1;1,32;32,0
0,1;1,32;32,38
0,1;1,33;33,0
0,1;1,33;33,38
0,1;1,34;34,0
0,1;1,34;34,38
0,1;1,35;35,0
0,1;1,35;35,38
0,1;1,36;36,0
0,1;1,36;36,38
0,2;2,3;3,0
0,2;2,3;3,38
0,2;2,4;4,0
0,2;2,4;4,38
0,2;2,5;5,0
0,2;2,5;5,38
0,2;2,6;6,0
0,2;2,6;6,38
0,2;2,7;7,0
0,2;2,7;7,38
0,2;2,8;8,0
0,2;2,8;8,38
0,2;2,9;9,0
0,2;2,9;9,38
0,2;2,10;10,0
0,2;2,10;10,38
0,2;2,11;11,0
0,2;2,11;11,38
0,2;2,12;12,0
0,2;2,12;12,38
0,2;2,13;13,0
0,2;2,13;13,38
0,2;2,14;14,0
0,2;2,14;14,38
0,2;2,15;15,0
0,2;2,15;15,38
0,2;2,16;16,0
0,2;2,16;16,38
0,2;2,17;17,0
0,2;2,17;17,38
0,2;2,18;18,0
0,2;2,18;18,38
0,2;2,20;20,0
0,2;2,20;20,38
0,2;2,21;21,0
0,2;2,21;21,38
0,2;2,22;22,0
0,2;2,22;22,38
0,2;2,23;23,0
0,2;2,23;23,38
0,2;2,24;24,0
0,2;2,24;24,38
0,2;2,25;25,0
0,2;2,25;25,38
0,2;2,26;26,0
0,2;2,26;26,38
0,2;2,27;27,0
0,2;2,27;27,38
0,2;2,28;28,0
0,2;2,28;28,38
0,2;2,29;29,0
0,2;2,29;29,38
0,2;2,30;30,0
0,2;2,30;30,38
0,2;2,31;31,0
0,2;2,31;31,38
0,2;2,32;32,0
0,2;2,32;32,38
0,2;2,33;33,0
0,2;2,33;33,38
0,2;2,34;34,0
0,2;2,34;34,38
0,2;2,35;35,0
0,2;2,35;35,38
0,3;3,4;4,0
0,3;3,4;4,38
0,3;3,5;5,0
0,3;3,5;5,38
0,3;3,6;6,0
0,3;3,6;6,38
0,3;3,7;7,0
0,3;3,7;7,38
0,3;3,8;8,0
0,3;3,8;8,38
0,3;3,9;9,0
0,3;3,9;9,38
0,3;3,10;10,0
0,3;3,10;10,38
0,3;3,11;11,0
0,3;3,11;11,38
0,3;3,12;12,0
0,3;3,12;12,38
0,3;3,13;13,0
0,3;3,13;13,38
0,3;3,14;14,0
0,3;3,14;14,38
0,3;3,15;15,0
0,3;3,15;15,38
0,3;3,16;16,0
0,3;3,16;16,38
0,3;3,17;17,0
0,3;3,17;17,38
0,3;3,18;18,0
0,3;3,18;18,38
0,3;3,20;20,0
0,3;3,20;20,38
0,3;3,21;21,0
0,3;3,21;21,38
0,3;3,22;22,0
0,3;3,22;22,38
0,3;3,23;23,0
0,3;3,23;23,38
0,3;3,24;24,0
0,3;3,24;24,38
0,3;3,25;25,0
0,3;3,25;25,38
0,3;3,26;26,0
0,3;3,26;26,38
0,3;3,27;27,0
0,3;3,27;27,38
0,3;3,28;28,0
0,3;3,28;28,38
0,3;3,29;29,0
0,3;3,29;29,38
0,3;3,30;30,0
0,3;3,30;30,38
0,3;3,31;31,0
0,3;3,31;31,38
0,3;3,32;32,0
0,3;3,32;32,38
0,3;3,33;33,0
0,3;3,33;33,38
0,3;3,34;34,0
0,3;3,34;34,38
0,4;4,5;5,0
0,4;4,5;5,38
0,4;4,6;6,0
0,4;4,6;6,38
0,4;4,7;7,0
0,4;4,7;7,38
0,4;4,8;8,0
0,4;4,8;8,38
0,4;4,9;9,0
0,4;4,9;9,38
0,4;4,10;10,0
0,4;4,10;10,38
0,4;4,11;11,0
0,4;4,11;11,38
0,4;4,12;12,0
0,4;4,12;12,38
0,4;4,13;13,0
0,4;4,13;13,38
0,4;4,14;14,0
0,4;4,14;14,38
0,4;4,15;15,0
0,4;4,15;15,38
0,4;4,16;16,0
0,4;4,16;16,38
0,4;4,17;17,0
0,4;4,17;17,38
0,4;4,18;18,0
0,4;4,18;18,38
0,4;4,20;20,0
0,4;4,20;20,38
0,4;4,21;21,0
0,4;4,21;21,38
0,4;4,22;22,0
0,4;4,22;22,38
0,4;4,23;23,0
0,4;4,23;23,38
0,4;4,24;24,0
0,4;4,24;24,38
0,4;4,25;25,0
0,4;4,25;25,38
0,4;4,26;26,0
0,4;4,26;26,38
0,4;4,27;27,0
0,4;4,27;27,38
0,4;4,28;28,0
0,4;4,28;28,38
0,4;4,29;29,0
0,4;4,29;29,38
0,4;4,30;30,0
0,4;4,30;30,38
0,4;4,31;31,0
0,4;4,31;31,38
0,4;4,32;32,0
0,4;4,32;32,38
0,4;4,33;33,0
0,4;4,33;33,38
0,5;5,6;6,0
0,5;5,6;6,38
0,5;5,7;7,0
0,5;5,7;7,38
0,5;5,8;8,0
0,5;5,8;8,38
0,5;5,9;9,0
0,5;5,9;9,38
0,5;5,10;10,0
0,5;5,10;10,38
0,5;5,11;11,0
0,5;5,11;11,38
0,5;5,12;12,0
0,5;5,12;12,38
0,5;5,13;13,0
0,5;5,13;13,38
0,5;5,14;14,0
0,5;5,14;14,38
0,5;5,15;15,0
0,5;5,15;15,38
0,5;5,16;16,0
0,5;5,16;16,38
0,5;5,17;17,0
0,5;5,17;17,38
0,5;5,18;18,0
0,5;5,18;18,38
0,5;5,20;20,0
0,5;5,20;20,38
0,5;5,21;21,0
0,5;5,21;21,38
0,5;5,22;22,0
0,5;5,22;22,38
0,5;5,23;23,0
0,5;5,23;23,38
0,5;5,24;24,0
0,5;5,24;24,38
0,5;5,25;25,0
0,5;5,25;25,38
0,5;5,26;26,0
0,5;5,26;26,38
0,5;5,27;27,0
0,5;5,27;27,38
0,5;5,28;28,0
0,5;5,28;28,38
0,5;5,29;29,0
0,5;5,29;29,38
0,5;5,30;30,0
0,5;5,30;30,38
0,5;5,31;31,0
0,5;5,31;31,38
0,5;5,32;32,0
0,5;5,32;32,38
0,6;6,7;7,0
0,6;6,7;7,38
0,6;6,8;8,0
0,6;6,8;8,38
0,6;6,9;9,0
0,6;6,9;9,38
0,6;6,10;10,0
0,6;6,10;10,38
0,6;6,11;11,0
0,6;6,11;11,38
0,6;6,12;12,0
0,6;6,12;12,38
0,6;6,13;13,0
0,6;6,13;13,38
0,6;6,14;14,0
0,6;6,14;14,38
0,6;6,15;15,0
0,6;6,15;15,38
0,6;6,16;16,0
0,6;6,16;16,38
0,6;6,17;17,0
0,6;6,17;17,38
0,6;6,18;18,0
0,6;6,18;18,38
0,6;6,20;20,0
0,6;6,20;20,38
0,6;6,21;21,0
0,6;6,21;21,38
0,6;6,22;22,0
0,6;6,22;22,38
0,6;6,23;23,0
0,6;6,23;23,38
0,6;6,24;24,0
0,6;6,24;24,38
0,6;6,25;25,0
0,6;6,25;25,38
0,6;6,26;26,0
0,6;6,26;26,38
0,6;6,27;27,0
0,6;6,27;27,38
0,6;6,28;28,0
0,6;6,28;28,38
0,6;6,29;29,0
0,6;6,29;29,38
0,6;6,30;30,0
0,6;6,30;30,38
0,6;6,31;31,0
0,6;6,31;31,38
0,7;7,8;8,0
0,7;7,8;8,38
0,7;7,9;9,0
0,7;7,9;9,38
0,7;7,10;10,0
0,7;7,10;10,38
0,7;7,11;11,0
0,7;7,11;11,38
0,7;7,12;12,0
0,7;7,12;12,38
0,7;7,13;13,0
0,7;7,13;13,38
0,7;7,14;14,0
0,7;7,14;14,38
0,7;7,15;15,0
0,7;7,15;15,38
0,7;7,16;16,0
0,7;7,16;16,38
0,7;7,17;17,0
0,7;7,17;17,38
0,7;7,18;18,0
0,7;7,18;18,38
0,7;7,20;20,0
0,7;7,20;20,38
0,7;7,21;21,0
0,7;7,21;21,38
0,7;7,22;22,0
0,7;7,22;22,38
0,7;7,23;23,0
0,7;7,23;23,38
0,7;7,24;24,0
0,7;7,24;24,38
0,7;7,25;25,0
0,7;7,25;25,38
0,7;7,26;26,0
0,7;7,26;26,38
0,7;7,27;27,0
0,7;7,27;27,38
0,7;7,28;28,0
0,7;7,28;28,38
0,7;7,29;29,0
0,7;7,29;29,38
0,7;7,30;30,0
0,7;7,30;30,38
0,8;8,9;9,0
0,8;8,9;9,38
0,8;8,10;10,0
0,8;8,10;10,38
0,8;8,11;11,0
0,8;8,11;11,38
0,8;8,12;12,0
0,8;8,12;12,38
0,8;8,13;13,0
0,8;8,13;13,38
0,8;8,14;14,0
0,8;8,14;14,38
0,8;8,15;15,0
0,8;8,15;15,38
0,8;8,16;16,0
0,8;8,16;16,38
0,8;8,17;17,0
0,8;8,17;17,38
0,8;8,18;18,0
0,8;8,18;18,38
0,8;8,20;20,0
0,8;8,20;20,38
0,8;8,21;21,0
0,8;8,21;21,38
0,8;8,22;22,0
0,8;8,22;22,38
0,8;8,23;23,0
0,8;8,23;23,38
0,8;8,24;24,0
0,8;8,24;24,38
0,8;8,25;25,0
0,8;8,25;25,38
0,8;8,26;26,0
0,8;8,26;26,38
0,8;8,27;27,0
0,8;8,27;27,38
0,8;8,28;28,0
0,8;8,28;28,38
0,8;8,29;29,0
0,8;8,29;29,38
0,9;9,10;10,0
0,9;9,10;10,38
0,9;9,11;11,0
0,9;9,11;11,38
0,9;9,12;12,0
0,9;9,12;12,38
0,9;9,13;13,0
0,9;9,13;13,38
0,9;9,14;14,0
0,9;9,14;14,38
0,9;9,15;15,0
0,9;9,15;15,38
0,9;9,16;16,0
0,9;9,16;16,38
0,9;9,17;17,0
0,9;9,17;17,38
0,9;9,18;18,0
0,9;9,18;18,38
0,9;9,20;20,0
0,9;9,20;20,38
0,9;9,21;21,0
0,9;9,21;21,38
0,9;9,22;22,0
0,9;9,22;22,38
0,9;9,23;23,0
0,9;9,23;23,38
0,9;9,24;24,0
0,9;9,24;24,38
0,9;9,25;25,0
0,9;9,25;25,38
0,9;9,26;26,0
0,9;9,26;26,38
0,9;9,27;27,0
0,9;9,27;27,38
0,9;9,28;28,0
0,9;9,28;28,38
0,10;10,11;11,0
0,10;10,11;11,38
0,10;10,12;12,0
0,10;10,12;12,38
0,10;10,13;13,0
0,10;10,13;13,38
0,10;10,14;14,0
0,10;10,14;14,38
0,10;10,15;15,0
0,10;10,15;15,38
0,10;10,16;16,0
0,10;10,16;16,38
0,10;10,17;17,0
0,10;10,17;17,38
0,10;10,18;18,0
0,10;10,18;18,38
0,10;10,20;20,0
0,10;10,20;20,38
0,10;10,21;21,0
0,10;10,21;21,38
0,10;10,22;22,0
0,10;10,22;22,38
0,10;10,23;23,0
0,10;10,23;23,38
0,10;10,24;24,0
0,10;10,24;24,38
0,10;10,25;25,0
0,10;10,25;25,38
0,10;10,26;26,0
0,10;10,26;26,38
0,10;10,27;27,0
0,10;10,27;27,38
0,11;11,12;12,0
0,11;11,12;12,38
0,11;11,13;13,0
0,11;11,13;13,38
0,11;11,14;14,0
0,11;11,14;14,38
0,11;11,15;15,0
0,11;11,15;15,38
0,11;11,16;16,0
0,11;11,16;16,38
0,11;11,17;17,0
0,11;11,17;17,38
0,11;11,18;18,0
0,11;11,18;18,38
0,11;11,20;20,0
0,11;11,20;20,38
0,11;11,21;21,0
0,11;11,21;21,38
0,11;11,22;22,0
0,11;11,22;22,38
0,11;11,23;23,0
0,11;11,23;23,38
0,11;11,24;24,0
0,11;11,24;24,38
0,11;11,25;25,0
0,11;11,25;25,38
0,11;11,26;26,0
0,11;11,26;26,38
0,12;12,13;13,0
0,12;12,13;13,38
0,12;12,14;14,0
0,12;12,14;14,38
0,12;12,15;15,0
0,12;12,15;15,38
0,12;12,16;16,0
0,12;12,16;16,38
0,12;12,17;17,0
0,12;12,17;17,38
0,12;12,18;18,0
0,12;12,18;18,38
0,12;12,20;20,0
0,12;12,20;20,38
0,12;12,21;21,0
0,12;12,21;21,38
0,12;12,22;22,0
0,12;12,22;22,38
0,12;12,23;23,0
0,12;12,23;23,38
0,12;12,24;24,0
0,12;12,24;24,38
0,12;12,25;25,0
0,12;12,25;25,38
0,13;13,14;14,0
0,13;13,14;14,38
0,13;13,15;15,0
0,13;13,15;15,38
0,13;13,16;16,0
0,13;13,16;16,38
0,13;13,17;17,0
0,13;13,17;17,38
0,13;13,18;18,0
0,13;13,18;18,38
0,13;13,20;20,0
0,13;13,20;20,38
0,13;13,21;21,0
0,13;13,21;21,38
0,13;13,22;22,0
0,13;13,22;22,38
0,13;13,23;23,0
0,13;13,23;23,38
0,13;13,24;24,0
0,13;13,24;24,38
0,14;14,15;15,0
0,14;14,15;15,38
0,14;14,16;16,0
0,14;14,16;16,38
0,14;14,17;17,0
0,14;14,17;17,38
0,14;14,18;18,0
0,14;14,18;18,38
0,14;14,20;20,0
0,14;14,20;20,38
0,14;14,21;21,0
0,14;14,21;21,38
0,14;14,22;22,0
0,14;14,22;22,38
0,14;14,23;23,0
0,14;14,23;23,38
0,15;15,16;16,0
0,15;15,16;16,38
0,15;15,17;17,0
0,15;15,17;17,38
0,15;15,18;18,0
0,15;15,18;18,38
0,15;15,20;20,0
0,15;15,20;20,38
0,15;15,21;21,0
0,15;15,21;21,38
0,15;15,22;22,0
0,15;15,22;22,38
0,16;16,17;17,0
0,16;16,17;17,38
0,16;16,18;18,0
0,16;16,18;18,38
0,16;16,20;20,0
0,16;16,20;20,38
0,16;16,21;21,0
0,16;16,21;21,38
0,17;17,18;18,0
0,17;17,18;18,38
0,17;17,20;20,0
0,17;17,20;20,38
1,2;2,3;3,1
1,2;2,3;3,37
1,2;2,4;4,1
1,2;2,4;4,37
1,2;2,5;5,1
1,2;2,5;5,37
1,2;2,6;6,1
1,2;2,6;6,37
1,2;2,7;7,1
1,2;2,7;7,37
1,2;2,8;8,1
1,2;2,8;8,37
1,2;2,9;9,1
1,2;2,9;9,37
1,2;2,10;10,1
1,2;2,10;10,37
1,2;2,11;11,1
1,2;2,11;11,37
1,2;2,12;12,1
1,2;2,12;12,37
1,2;2,13;13,1
1,2;2,13;13,37
1,2;2,14;14,1
1,2;2,14;14,37
1,2;2,15;15,1
1,2;2,15;15,37
1,2;2,16;16,1
1,2;2,16;16,37
1,2;2,17;17,1
1,2;2,17;17,37
1,2;2,18;18,1
1,2;2,18;18,37
1,2;2,20;20,1
1,2;2,20;20,37
1,2;2,21;21,1
1,2;2,21;21,37
1,2;2,22;22,1
1,2;2,22;22,37
1,2;2,23;23,1
1,2;2,23;23,37
1,2;2,24;24,1
1,2;2,24;24,37
1,2;2,25;25,1
1,2;2,25;25,37
1,2;2,26;26,1
1,2;2,26;26,37
1,2;2,27;27,1
1,2;2,27;27,37
1,2;2,28;28,1
1,2;2,28;28,37
1,2;2,29;29,1
1,2;2,29;29,37
1,2;2,30;30,1
1,2;2,30;30,37
1,2;2,31;31,1
1,2;2,31;31,37
1,2;2,32;32,1
1,2;2,32;32,37
1,2;2,33;33,1
1,2;2,33;33,37
1,2;2,34;34,1
1,2;2,34;34,37
1,2;2,35;35,1
1,2;2,35;35,37
1,3;3,4;4,1
1,3;3,4;4,37
1,3;3,5;5,1
1,3;3,5;5,37
1,3;3,6;6,1
1,3;3,6;6,37
1,3;3,7;7,1
1,3;3,7;7,37
1,3;3,8;8,1
1,3;3,8;8,37
1,3;3,9;9,1
1,3;3,9;9,37
1,3;3,10;10,1
1,3;3,10;10,37
1,3;3,11;11,1
1,3;3,11;11,37
1,3;3,12;12,1
1,3;3,12;12,37
1,3;3,13;13,1
1,3;3,13;13,37
1,3;3,14;14,1
1,3;3,14;14,37
1,3;3,15;15,1
1,3;3,15;15,37
1,3;3,16;16,1
1,3;3,16;16,37
1,3;3,17;17,1
1,3;3,17;17,37
1,3;3,18;18,1
1,3;3,18;18,37
1,3;3,20;20,1
1,3;3,20;20,37
1,3;3,21;21,1
1,3;3,21;21,37
1,3;3,22;22,1
1,3;3,22;22,37
1,3;3,23;23,1
1,3;3,23;23,37
1,3;3,24;24,1
1,3;3,24;24,37
1,3;3,25;25,1
1,3;3,25;25,37
1,3;3,26;26,1
1,3;3,26;26,37
1,3;3,27;27,1
1,3;3,27;27,37
1,3;3,28;28,1
1,3;3,28;28,37
1,3;3,29;29,1
1,3;3,29;29,37
1,3;3,30;30,1
1,3;3,30;30,37
1,3;3,31;31,1
1,3;3,31;31,37
1,3;3,32;32,1
1,3;3,32;32,37
1,3;3,33;33,1
1,3;3,33;33,37
1,3;3,34;34,1
1,3;3,34;34,37
1,4;4,5;5,1
1,4;4,5;5,37
1,4;4,6;6,1
1,4;4,6;6,37
1,4;4,7;7,1
1,4;4,7;7,37
1,4;4,8;8,1
1,4;4,8;8,37
1,4;4,9;9,1
1,4;4,9;9,37
1,4;4,10;10,1
1,4;4,10;10,37
1,4;4,11;11,1
1,4;4,11;11,37
1,4;4,12;12,1
1,4;4,12;12,37
1,4;4,13;13,1
1,4;4,13;13,37
1,4;4,14;14,1
1,4;4,14;14,37
1,4;4,15;15,1
1,4;4,15;15,37
1,4;4,16;16,1
1,4;4,16;16,37
1,4;4,17;17,1
1,4;4,17;17,37
1,4;4,18;18,1
1,4;4,18;18,37
1,4;4,20;20,1
1,4;4,20;20,37
1,4;4,21;21,1
1,4;4,21;21,37
1,4;4,22;22,1
1,4;4,22;22,37
1,4;4,23;23,1
1,4;4,23;23,37
1,4;4,24;24,1
1,4;4,24;24,37
1,4;4,25;25,1
1,4;4,25;25,37
1,4;4,26;26,1
1,4;4,26;26,37
1,4;4,27;27,1
1,4;4,27;27,37
1,4;4,28;28,1
1,4;4,28;28,37
1,4;4,29;29,1
1,4;4,29;29,37
1,4;4,30;30,1
1,4;4,30;30,37
1,4;4,31;31,1
1,4;4,31;31,37
1,4;4,32;32,1
1,4;4,32;32,37
1,4;4,33;33,1
1,4;4,33;33,37
1,5;5,6;6,1
1,5;5,6;6,37
1,5;5,7;7,1
1,5;5,7;7,37
1,5;5,8;8,1
1,5;5,8;8,37
1,5;5,9;9,1
1,5;5,9;9,37
1,5;5,10;10,1
1,5;5,10;10,37
1,5;5,11;11,1
1,5;5,11;11,37
1,5;5,12;12,1
1,5;5,12;12,37
1,5;5,13;13,1
1,5;5,13;13,37
1,5;5,14;14,1
1,5;5,14;14,37
1,5;5,15;15,1
1,5;5,15;15,37
1,5;5,16;16,1
1,5;5,16;16,37
1,5;5,17;17,1
1,5;5,17;17,37
1,5;5,18;18,1
1,5;5,18;18,37
1,5;5,20;20,1
1,5;5,20;20,37
1,5;5,21;21,1
1,5;5,21;21,37
1,5;5,22;22,1
1,5;5,22;22,37
1,5;5,23;23,1
1,5;5,23;23,37
1,5;5,24;24,1
1,5;5,24;24,37
1,5;5,25;25,1
1,5;5,25;25,37
1,5;5,26;26,1
1,5;5,26;26,37
1,5;5,27;27,1
1,5;5,27;27,37
1,5;5,28;28,1
1,5;5,28;28,37
1,5;5,29;29,1
1,5;5,29;29,37
1,5;5,30;30,1
1,5;5,30;30,37
1,5;5,31;31,1
1,5;5,31;31,37
1,5;5,32;32,1
1,5;5,32;32,37
1,6;6,7;7,1
1,6;6,7;7,37
1,6;6,8;8,1
1,6;6,8;8,37
1,6;6,9;9,1
1,6;6,9;9,37
1,6;6,10;10,1
1,6;6,10;10,37
1,6;6,11;11,1
1,6;6,11;11,37
1,6;6,12;12,1
1,6;6,12;12,37
1,6;6,13;13,1
1,6;6,13;13,37
1,6;6,14;14,1
1,6;6,14;14,37
1,6;6,15;15,1
1,6;6,15;15,37
1,6;6,16;16,1
1,6;6,16;16,37
1,6;6,17;17,1
1,6;6,17;17,37
1,6;6,18;18,1
1,6;6,18;18,37
1,6;6,20;20,1
1,6;6,20;20,37
1,6;6,21;21,1
1,6;6,21;21,37
1,6;6,22;22,1
1,6;6,22;22,37
1,6;6,23;23,1
1,6;6,23;23,37
1,6;6,24;24,1
1,6;6,24;24,37
1,6;6,25;25,1
1,6;6,25;25,37
1,6;6,26;26,1
1,6;6,26;26,37
1,6;6,27;27,1
1,6;6,27;27,37
1,6;6,28;28,1
1,6;6,28;28,37
1,6;6,29;29,1
1,6;6,29;29,37
1,6;6,30;30,1
1,6;6,30;30,37
1,6;6,31;31,1
1,6;6,31;31,37
1,7;7,8;8,1
1,7;7,8;8,37
1,7;7,9;9,1
1,7;7,9;9,37
1,7;7,10;10,1
1,7;7,10;10,37
1,7;7,11;11,1
1,7;7,11;11,37
1,7;7,12;12,1
1,7;7,12;12,37
1,7;7,13;13,1
1,7;7,13;13,37
1,7;7,14;14,1
1,7;7,14;14,37
1,7;7,15;15,1
1,7;7,15;15,37
1,7;7,16;16,1
1,7;7,16;16,37
1,7;7,17;17,1
1,7;7,17;17,37
1,7;7,18;18,1
1,7;7,18;18,37
1,7;7,20;20,1
1,7;7,20;20,37
1,7;7,21;21,1
1,7;7,21;21,37
1,7;7,22;22,1
1,7;7,22;22,37
1,7;7,23;23,1
1,7;7,23;23,37
1,7;7,24;24,1
1,7;7,24;24,37
1,7;7,25;25,1
1,7;7,25;25,37
1,7;7,26;26,1
1,7;7,26;26,37
1,7;7,27;27,1
1,7;7,27;27,37
1,7;7,28;28,1
1,7;7,28;28,37
1,7;7,29;29,1
1,7;7,29;29,37
1,7;7,30;30,1
1,7;7,30;30,37
1,8;8,9;9,1
1,8;8,9;9,37
1,8;8,10;10,1
1,8;8,10;10,37
1,8;8,11;11,1
1,8;8,11;11,37
1,8;8,12;12,1
1,8;8,12;12,37
1,8;8,13;13,1
1,8;8,13;13,37
1,8;8,14;14,1
1,8;8,14;14,37
1,8;8,15;15,1
1,8;8,15;15,37
1,8;8,16;16,1
1,8;8,16;16,37
1,8;8,17;17,1
1,8;8,17;17,37
1,8;8,18;18,1
1,8;8,18;18,37
1,8;8,20;20,1
1,8;8,20;20,37
1,8;8,21;21,1
1,8;8,21;21,37
1,8;8,22;22,1
1,8;8,22;22,37
1,8;8,23;23,1
1,8;8,23;23,37
1,8;8,24;24,1
1,8;8,24;24,37
1,8;8,25;25,1
1,8;8,25;25,37
1,8;8,26;26,1
1,8;8,26;26,37
1,8;8,27;27,1
1,8;8,27;27,37
1,8;8,28;28,1
1,8;8,28;28,37
1,8;8,29;29,1
1,8;8,29;29,37
1,9;9,10;10,1
1,9;9,10;10,37
1,9;9,11;11,1
1,9;9,11;11,37
1,9;9,12;12,1
1,9;9,12;12,37
1,9;9,13;13,1
1,9;9,13;13,37
1,9;9,14;14,1
1,9;9,14;14,37
1,9;9,15;15,1
1,9;9,15;15,37
1,9;9,16;16,1
1,9;9,16;16,37
1,9;9,17;17,1
1,9;9,17;17,37
1,9;9,18;18,1
1,9;9,18;18,37
1,9;9,20;20,1
1,9;9,20;20,37
1,9;9,21;21,1
1,9;9,21;21,37
1,9;9,22;22,1
1,9;9,22;22,37
1,9;9,23;23,1
1,9;9,23;23,37
1,9;9,24;24,1
1,9;9,24;24,37
1,9;9,25;25,1
1,9;9,25;25,37
1,9;9,26;26,1
1,9;9,26;26,37
1,9;9,27;27,1
1,9;9,27;27,37
1,9;9,28;28,1
1,9;9,28;28,37
1,10;10,11;11,1
1,10;10,11;11,37
1,10;10,12;12,1
1,10;10,12;12,37
1,10;10,13;13,1
1,10;10,13;13,37
1,10;10,14;14,1
1,10;10,14;14,37
1,10;10,15;15,1
1,10;10,15;15,37
1,10;10,16;16,1
1,10;10,16;16,37
1,10;10,17;17,1
1,10;10,17;17,37
1,10;10,18;18,1
1,10;10,18;18,37
1,10;10,20;20,1
1,10;10,20;20,37
1,10;10,21;21,1
1,10;10,21;21,37
1,10;10,22;22,1
1,10;10,22;22,37
1,10;10,23;23,1
1,10;10,23;23,37
1,10;10,24;24,1
1,10;10,24;24,37
1,10;10,25;25,1
1,10;10,25;25,37
1,10;10,26;26,1
1,10;10,26;26,37
1,10;10,27;27,1
1,10;10,27;27,37
1,11;11,12;12,1
1,11;11,12;12,37
1,11;11,13;13,1
1,11;11,13;13,37
1,11;11,14;14,1
1,11;11,14;14,37
1,11;11,15;15,1
1,11;11,15;15,37
1,11;11,16;16,1
1,11;11,16;16,37
1,11;11,17;17,1
1,11;11,17;17,37
1,11;11,18;18,1
1,11;11,18;18,37
1,11;11,20;20,1
1,11;11,20;20,37
1,11;11,21;21,1
1,11;11,21;21,37
1,11;11,22;22,1
1,11;11,22;22,37
1,11;11,23;23,1
1,11;11,23;23,37
1,11;11,24;24,1
1,11;11,24;24,37
1,11;11,25;25,1
1,11;11,25;25,37
1,11;11,26;26,1
1,11;11,26;26,37
1,12;12,13;13,1
1,12;12,13;13,37
1,12;12,14;14,1
1,12;12,14;14,37
1,12;12,15;15,1
1,12;12,15;15,37
1,12;12,16;16,1
1,12;12,16;16,37
1,12;12,17;17,1
1,12;12,17;17,37
1,12;12,18;18,1
1,12;12,18;18,37
1,12;12,20;20,1
1,12;12,20;20,37
1,12;12,21;21,1
1,12;12,21;21,37
1,12;12,22;22,1
1,12;12,22;22,37
1,12;12,23;23,1
1,12;12,23;23,37
1,12;12,24;24,1
1,12;12,24;24,37
1,12;12,25;25,1
1,12;12,25;25,37
1,13;13,14;14,1
1,13;13,14;14,37
1,13;13,15;15,1
1,13;13,15;15,37
1,13;13,16;16,1
1,13;13,16;16,37
1,13;13,17;17,1
1,13;13,17;17,37
1,13;13,18;18,1
1,13;13,18;18,37
1,13;13,20;20,1
1,13;13,20;20,37
1,13;13,21;21,1
1,13;13,21;21,37
1,13;13,22;22,1
1,13;13,22;22,37
1,13;13,23;23,1
1,13;13,23;23,37
1,13;13,24;24,1
1,13;13,24;24,37
1,14;14,15;15,1
1,14;14,15;15,37
1,14;14,16;16,1
1,14;14,16;16,37
1,14;14,17;17,1
1,14;14,17;17,37
1,14;14,18;18,1
1,14;14,18;18,37
1,14;14,20;20,1
1,14;14,20;20,37
1,14;14,21;21,1
1,14;14,21;21,37
1,14;14,22;22,1
1,14;14,22;22,37
1,14;14,23;23,1
1,14;14,23;23,37
1,15;15,16;16,1
1,15;15,16;16,37
1,15;15,17;17,1
1,15;15,17;17,37
1,15;15,18;18,1
1,15;15,18;18,37
1,15;15,20;20,1
1,15;15,20;20,37
1,15;15,21;21,1
1,15;15,21;21,37
1,15;15,22;22,1
1,15;15,22;22,37
1,16;16,17;17,1
1,16;16,17;17,37
1,16;16,18;18,1
1,16;16,18;18,37
1,16;16,20;20,1
1,16;16,20;20,37
1,16;16,21;21,1
1,16;16,21;21,37
1,17;17,18;18,1
1,17;17,18;18,37
1,17;17,20;20,1
1,17;17,20;20,37
2,3;3,4;4,2
2,3;3,4;4,36
2,3;3,5;5,2
2,3;3,5;5,36
2,3;3,6;6,2
2,3;3,6;6,36
2,3;3,7;7,2
2,3;3,7;7,36
2,3;3,8;8,2
2,3;3,8;8,36
2,3;3,9;9,2
2,3;3,9;9,36
2,3;3,10;10,2
2,3;3,10;10,36
2,3;3,11;11,2
2,3;3,11;11,36
2,3;3,12;12,2
2,3;3,12;12,36
2,3;3,13;13,2
2,3;3,13;13,36
2,3;3,14;14,2
2,3;3,14;14,36
2,3;3,15;15,2
2,3;3,15;15,36
2,3;3,16;16,2
2,3;3,16;16,36
2,3;3,17;17,2
2,3;3,17;17,36
2,3;3,18;18,2
2,3;3,18;18,36
2,3;3,20;20,2
2,3;3,20;20,36
2,3;3,21;21,2
2,3;3,21;21,36
2,3;3,22;22,2
2,3;3,22;22,36
2,3;3,23;23,2
2,3;3,23;23,36
2,3;3,24;24,2
2,3;3,24;24,36
2,3;3,25;25,2
2,3;3,25;25,36
2,3;3,26;26,2
2,3;3,26;26,36
2,3;3,27;27,2
2,3;3,27;27,36
2,3;3,28;28,2
2,3;3,28;28,36
2,3;3,29;29,2
2,3;3,29;29,36
2,3;3,30;30,2
2,3;3,30;30,36
2,3;3,31;31,2
2,3;3,31;31,36
2,3;3,32;32,2
2,3;3,32;32,36
2,3;3,33;33,2
2,3;3,33;33,36
2,3;3,34;34,2
2,3;3,34;34,36
2,4;4,5;5,2
2,4;4,5;5,36
2,4;4,6;6,2
2,4;4,6;6,36
2,4;4,7;7,2
2,4;4,7;7,36
2,4;4,8;8,2
2,4;4,8;8,36
2,4;4,9;9,2
2,4;4,9;9,36
2,4;4,10;10,2
2,4;4,10;10,36
2,4;4,11;11,2
2,4;4,11;11,36
2,4;4,12;12,2
2,4;4,12;12,36
2,4;4,13;13,2
2,4;4,13;13,36
2,4;4,14;14,2
2,4;4,14;14,36
2,4;4,15;15,2
2,4;4,15;15,36
2,4;4,16;16,2
2,4;4,16;16,36
2,4;4,17;17,2
2,4;4,17;17,36
2,4;4,18;18,2
2,4;4,18;18,36
2,4;4,20;20,2
2,4;4,20;20,36
2,4;4,21;21,2
2,4;4,21;21,36
2,4;4,22;22,2
2,4;4,22;22,36
2,4;4,23;23,2
2,4;4,23;23,36
2,4;4,24;24,2
2,4;4,24;24,36
2,4;4,25;25,2
2,4;4,25;25,36
2,4;4,26;26,2
2,4;4,26;26,36
2,4;4,27;27,2
2,4;4,27;27,36
2,4;4,28;28,2
2,4;4,28;28,36
2,4;4,29;29,2
2,4;4,29;29,36
2,4;4,30;30,2
2,4;4,30;30,36
2,4;4,31;31,2
2,4;4,31;31,36
2,4;4,32;32,2
2,4;4,32;32,36
2,4;4,33;33,2
2,4;4,33;33,36
2,5;5,6;6,2
2,5;5,6;6,36
2,5;5,7;7,2
2,5;5,7;7,36
2,5;5,8;8,2
2,5;5,8;8,36
2,5;5,9;9,2
2,5;5,9;9,36
2,5;5,10;10,2
2,5;5,10;10,36
2,5;5,11;11,2
2,5;5,11;11,36
2,5;5,12;12,2
2,5;5,12;12,36
2,5;5,13;13,2
2,5;5,13;13,36
2,5;5,14;14,2
2,5;5,14;14,36
2,5;5,15;15,2
2,5;5,15;15,36
2,5;5,16;16,2
2,5;5,16;16,36
2,5;5,17;17,2
2,5;5,17;17,36
2,5;5,18;18,2
2,5;5,18;18,36
2,5;5,20;20,2
2,5;5,20;20,36
2,5;5,21;21,2
2,5;5,21;21,36
2,5;5,22;22,2
2,5;5,22;22,36
2,5;5,23;23,2
2,5;5,23;23,36
2,5;5,24;24,2
2,5;5,24;24,36
2,5;5,25;25,2
2,5;5,25;25,36
2,5;5,26;26,2
2,5;5,26;26,36
2,5;5,27;27,2
2,5;5,27;27,36
2,5;5,28;28,2
2,5;5,28;28,36
2,5;5,29;29,2
2,5;5,29;29,36
2,5;5,30;30,2
2,5;5,30;30,36
2,5;5,31;31,2
2,5;5,31;31,36
2,5;5,32;32,2
2,5;5,32;32,36
2,6;6,7;7,2
2,6;6,7;7,36
2,6;6,8;8,2
2,6;6,8;8,36
2,6;6,9;9,2
2,6;6,9;9,36
2,6;6,10;10,2
2,6;6,10;10,36
2,6;6,11;11,2
2,6;6,11;11,36
2,6;6,12;12,2
2,6;6,12;12,36
2,6;6,13;13,2
2,6;6,13;13,36
2,6;6,14;14,2
2,6;6,14;14,36
2,6;6,15;15,2
2,6;6,15;15,36
2,6;6,16;16,2
2,6;6,16;16,36
2,6;6,17;17,2
2,6;6,17;17,36
2,6;6,18;18,2
2,6;6,18;18,36
2,6;6,20;20,2
2,6;6,20;20,36
2,6;6,21;21,2
2,6;6,21;21,36
2,6;6,22;22,2
2,6;6,22;22,36
2,6;6,23;23,2
2,6;6,23;23,36
2,6;6,24;24,2
2,6;6,24;24,36
2,6;6,25;25,2
2,6;6,25;25,36
2,6;6,26;26,2
2,6;6,26;26,36
2,6;6,27;27,2
2,6;6,27;27,36
2,6;6,28;28,2
2,6;6,28;28,36
2,6;6,29;29,2
2,6;6,29;29,36
2,6;6,30;30,2
2,6;6,30;30,36
2,6;6,31;31,2
2,6;6,31;31,36
2,7;7,8;8,2
2,7;7,8;8,36
2,7;7,9;9,2
2,7;7,9;9,36
2,7;7,10;10,2
2,7;7,10;10,36
2,7;7,11;11,2
2,7;7,11;11,36
2,7;7,12;12,2
2,7;7,12;12,36
2,7;7,13;13,2
2,7;7,13;13,36
2,7;7,14;14,2
2,7;7,14;14,36
2,7;7,15;15,2
2,7;7,15;15,36
2,7;7,16;16,2
2,7;7,16;16,36
2,7;7,17;17,2
2,7;7,17;17,36
2,7;7,18;18,2
2,7;7,18;18,36
2,7;7,20;20,2
2,7;7,20;20,36
2,7;7,21;21,2
2,7;7,21;21,36
2,7;7,22;22,2
2,7;7,22;22,36
2,7;7,23;23,2
2,7;7,23;23,36
2,7;7,24;24,2
2,7;7,24;24,36
2,7;7,25;25,2
2,7;7,25;25,36
2,7;7,26;26,2
2,7;7,26;26,36
2,7;7,27;27,2
2,7;7,27;27,36
2,7;7,28;28,2
2,7;7,28;28,36
2,7;7,29;29,2
2,7;7,29;29,36
2,7;7,30;30,2
2,7;7,30;30,36
2,8;8,9;9,2
2,8;8,9;9,36
2,8;8,10;10,2
2,8;8,10;10,36
2,8;8,11;11,2
2,8;8,11;11,36
2,8;8,12;12,2
2,8;8,12;12,36
2,8;8,13;13,2
2,8;8,13;13,36
2,8;8,14;14,2
2,8;8,14;14,36
2,8;8,15;15,2
2,8;8,15;15,36
2,8;8,16;16,2
2,8;8,16;16,36
2,8;8,17;17,2
2,8;8,17;17,36
2,8;8,18;18,2
2,8;8,18;18,36
2,8;8,20;20,2
2,8;8,20;20,36
2,8;8,21;21,2
2,8;8,21;21,36
2,8;8,22;22,2
2,8;8,22;22,36
2,8;8,23;23,2
2,8;8,23;23,36
2,8;8,24;24,2
2,8;8,24;24,36
2,8;8,25;25,2
2,8;8,25;25,36
2,8;8,26;26,2
2,8;8,26;26,36
2,8;8,27;27,2
2,8;8,27;27,36
2,8;8,28;28,2
2,8;8,28;28,36
2,8;8,29;29,2
2,8;8,29;29,36
2,9;9,10;10,2
2,9;9,10;10,36
2,9;9,11;11,2
2,9;9,11;11,36
2,9;9,12;12,2
2,9;9,12;12,36
2,9;9,13;13,2
2,9;9,13;13,36
2,9;9,14;14,2
2,9;9,14;14,36
2,9;9,15;15,2
2,9;9,15;15,36
2,9;9,16;16,2
2,9;9,16;16,36
2,9;9,17;17,2
2,9;9,17;17,36
2,9;9,18;18,2
2,9;9,18;18,36
2,9;9,20;20,2
2,9;9,20;20,36
2,9;9,21;21,2
2,9;9,21;21,36
2,9;9,22;22,2
2,9;9,22;22,36
2,9;9,23;23,2
2,9;9,23;23,36
2,9;9,24;24,2
2,9;9,24;24,36
2,9;9,25;25,2
2,9;9,25;25,36
2,9;9,26;26,2
2,9;9,26;26,36
2,9;9,27;27,2
2,9;9,27;27,36
2,9;9,28;28,2
2,9;9,28;28,36
2,10;10,11;11,2
2,10;10,11;11,36
2,10;10,12;12,2
2,10;10,12;12,36
2,10;10,13;13,2
2,10;10,13;13,36
2,10;10,14;14,2
2,10;10,14;14,36
2,10;10,15;15,2
2,10;10,15;15,36
2,10;10,16;16,2
2,10;10,16;16,36
2,10;10,17;17,2
2,10;10,17;17,36
2,10;10,18;18,2
2,10;10,18;18,36
2,10;10,20;20,2
2,10;10,20;20,36
2,10;10,21;21,2
2,10;10,21;21,36
2,10;10,22;22,2
2,10;10,22;22,36
2,10;10,23;23,2
2,10;10,23;23,36
2,10;10,24;24,2
2,10;10,24;24,36
2,10;10,25;25,2
2,10;10,25;25,36
2,10;10,26;26,2
2,10;10,26;26,36
2,10;10,27;27,2
2,10;10,27;27,36
2,11;11,12;12,2
2,11;11,12;12,36
2,11;11,13;13,2
2,11;11,13;13,36
2,11;11,14;14,2
2,11;11,14;14,36
2,11;11,15;15,2
2,11;11,15;15,36
2,11;11,16;16,2
2,11;11,16;16,36
2,11;11,17;17,2
2,11;11,17;17,36
2,11;11,18;18,2
2,11;11,18;18,36
2,11;11,20;20,2
2,11;11,20;20,36
2,11;11,21;21,2
2,11;11,21;21,36
2,11;11,22;22,2
2,11;11,22;22,36
2,11;11,23;23,2
2,11;11,23;23,36
2,11;11,24;24,2
2,11;11,24;24,36
2,11;11,25;25,2
2,11;11,25;25,36
2,11;11,26;26,2
2,11;11,26;26,36
2,12;12,13;13,2
2,12;12,13;13,36
2,12;12,14;14,2
2,12;12,14;14,36
2,12;12,15;15,2
2,12;12,15;15,36
2,12;12,16;16,2
2,12;12,16;16,36
2,12;12,17;17,2
2,12;12,17;17,36
2,12;12,18;18,2
2,12;12,18;18,36
2,12;12,20;20,2
2,12;12,20;20,36
2,12;12,21;21,2
2,12;12,21;21,36
2,12;12,22;22,2
2,12;12,22;22,36
2,12;12,23;23,2
2,12;12,23;23,36
2,12;12,24;24,2
2,12;12,24;24,36
2,12;12,25;25,2
2,12;12,25;25,36
2,13;13,14;14,2
2,13;13,14;14,36
2,13;13,15;15,2
2,13;13,15;15,36
2,13;13,16;16,2
2,13;13,16;16,36
2,13;13,17;17,2
2,13;13,17;17,36
2,13;13,18;18,2
2,13;13,18;18,36
2,13;13,20;20,2
2,13;13,20;20,36
2,13;13,21;21,2
2,13;13,21;21,36
2,13;13,22;22,2
2,13;13,22;22,36
2,13;13,23;23,2
2,13;13,23;23,36
2,13;13,24;24,2
2,13;13,24;24,36
2,14;14,15;15,2
2,14;14,15;15,36
2,14;14,16;16,2
2,14;14,16;16,36
2,14;14,17;17,2
2,14;14,17;17,36
2,14;14,18;18,2
2,14;14,18;18,36
2,14;14,20;20,2
2,14;14,20;20,36
2,14;14,21;21,2
2,14;14,21;21,36
2,14;14,22;22,2
2,14;14,22;22,36
2,14;14,23;23,2
2,14;14,23;23,36
2,15;15,16;16,2
2,15;15,16;16,36
2,15;15,17;17,2
2,15;15,17;17,36
2,15;15,18;18,2
2,15;15,18;18,36
2,15;15,20;20,2
2,15;15,20;20,36
2,15;15,21;21,2
2,15;15,21;21,36
2,15;15,22;22,2
2,15;15,22;22,36
2,16;16,17;17,2
2,16;16,17;17,36
2,16;16,18;18,2
2,16;16,18;18,36
2,16;16,20;20,2
2,16;16,20;20,36
2,16;16,21;21,2
2,16;16,21;21,36
2,17;17,18;18,2
2,17;17,18;18,36
2,17;17,20;20,2
2,17;17,20;20,36
3,4;4,5;5,3
3,4;4,5;5,35
3,4;4,6;6,3
3,4;4,6;6,35
3,4;4,7;7,3
3,4;4,7;7,35
3,4;4,8;8,3
3,4;4,8;8,35
3,4;4,9;9,3
3,4;4,9;9,35
3,4;4,10;10,3
3,4;4,10;10,35
3,4;4,11;11,3
3,4;4,11;11,35
3,4;4,12;12,3
3,4;4,12;12,35
3,4;4,13;13,3
3,4;4,13;13,35
3,4;4,14;14,3
3,4;4,14;14,35
3,4;4,15;15,3
3,4;4,15;15,35
3,4;4,16;16,3
3,4;4,16;16,35
3,4;4,17;17,3
3,4;4,17;17,35
3,4;4,18;18,3
3,4;4,18;18,35
3,4;4,20;20,3
3,4;4,20;20,35
3,4;4,21;21,3
3,4;4,21;21,35
3,4;4,22;22,3
3,4;4,22;22,35
3,4;4,23;23,3
3,4;4,23;23,35
3,4;4,24;24,3
3,4;4,24;24,35
3,4;4,25;25,3
3,4;4,25;25,35
3,4;4,26;26,3
3,4;4,26;26,35
3,4;4,27;27,3
3,4;4,27;27,35
3,4;4,28;28,3
3,4;4,28;28,35
3,4;4,29;29,3
3,4;4,29;29,35
3,4;4,30;30,3
3,4;4,30;30,35
3,4;4,31;31,3
3,4;4,31;31,35
3,4;4,32;32,3
3,4;4,32;32,35
3,4;4,33;33,3
3,4;4,33;33,35
3,5;5,6;6,3
3,5;5,6;6,35
3,5;5,7;7,3
3,5;5,7;7,35
3,5;5,8;8,3
3,5;5,8;8,35
3,5;5,9;9,3
3,5;5,9;9,35
3,5;5,10;10,3
3,5;5,10;10,35
3,5;5,11;11,3
3,5;5,11;11,35
3,5;5,12;12,3
3,5;5,12;12,35
3,5;5,13;13,3
3,5;5,13;13,35
3,5;5,14;14,3
3,5;5,14;14,35
3,5;5,15;15,3
3,5;5,15;15,35
3,5;5,16;16,3
3,5;5,16;16,35
3,5;5,17;17,3
3,5;5,17;17,35
3,5;5,18;18,3
3,5;5,18;18,35
3,5;5,20;20,3
3,5;5,20;20,35
3,5;5,21;21,3
3,5;5,21;21,35
3,5;5,22;22,3
3,5;5,22;22,35
3,5;5,23;23,3
3,5;5,23;23,35
3,5;5,24;24,3
3,5;5,24;24,35
3,5;5,25;25,3
3,5;5,25;25,35
3,5;5,26;26,3
3,5;5,26;26,35
3,5;5,27;27,3
3,5;5,27;27,35
3,5;5,28;28,3
3,5;5,28;28,35
3,5;5,29;29,3
3,5;5,29;29,35
3,5;5,30;30,3
3,5;5,30;30,35
3,5;5,31;31,3
3,5;5,31;31,35
3,5;5,32;32,3
3,5;5,32;32,35
3,6;6,7;7,3
3,6;6,7;7,35
3,6;6,8;8,3
3,6;6,8;8,35
3,6;6,9;9,3
3,6;6,9;9,35
3,6;6,10;10,3
3,6;6,10;10,35
3,6;6,11;11,3
3,6;6,11;11,35
3,6;6,12;12,3
3,6;6,12;12,35
3,6;6,13;13,3
3,6;6,13;13,35
3,6;6,14;14,3
3,6;6,14;14,35
3,6;6,15;15,3
3,6;6,15;15,35
3,6;6,16;16,3
3,6;6,16;16,35
3,6;6,17;17,3
3,6;6,17;17,35
3,6;6,18;18,3
3,6;6,18;18,35
3,6;6,20;20,3
3,6;6,20;20,35
3,6;6,21;21,3
3,6;6,21;21,35
3,6;6,22;22,3
3,6;6,22;22,35
3,6;6,23;23,3
3,6;6,23;23,35
3,6;6,24;24,3
3,6;6,24;24,35
3,6;6,25;25,3
3,6;6,25;25,35
3,6;6,26;26,3
3,6;6,26;26,35
3,6;6,27;27,3
3,6;6,27;27,35
3,6;6,28;28,3
3,6;6,28;28,35
3,6;6,29;29,3
3,6;6,29;29,35
3,6;6,30;30,3
3,6;6,30;30,35
3,6;6,31;31,3
3,6;6,31;31,35
3,7;7,8;8,3
3,7;7,8;8,35
3,7;7,9;9,3
3,7;7,9;9,35
3,7;7,10;10,3
3,7;7,10;10,35
3,7;7,11;11,3
3,7;7,11;11,35
3,7;7,12;12,3
3,7;7,12;12,35
3,7;7,13;13,3
3,7;7,13;13,35
3,7;7,14;14,3
3,7;7,14;14,35
3,7;7,15;15,3
3,7;7,15;15,35
3,7;7,16;16,3
3,7;7,16;16,35
3,7;7,17;17,3
3,7;7,17;17,35
3,7;7,18;18,3
3,7;7,18;18,35
3,7;7,20;20,3
3,7;7,20;20,35
3,7;7,21;21,3
3,7;7,21;21,35
3,7;7,22;22,3
3,7;7,22;22,35
3,7;7,23;23,3
3,7;7,23;23,35
3,7;7,24;24,3
3,7;7,24;24,35
3,7;7,25;25,3
3,7;7,25;25,35
3,7;7,26;26,3
3,7;7,26;26,35
3,7;7,27;27,3
3,7;7,27;27,35
3,7;7,28;28,3
3,7;7,28;28,35
3,7;7,29;29,3
3,7;7,29;29,35
3,7;7,30;30,3
3,7;7,30;30,35
3,8;8,9;9,3
3,8;8,9;9,35
3,8;8,10;10,3
3,8;8,10;10,35
3,8;8,11;11,3
3,8;8,11;11,35
3,8;8,12;12,3
3,8;8,12;12,35
3,8;8,13;13,3
3,8;8,13;13,35
3,8;8,14;14,3
3,8;8,14;14,35
3,8;8,15;15,3
3,8;8,15;15,35
3,8;8,16;16,3
3,8;8,16;16,35
3,8;8,17;17,3
3,8;8,17;17,35
3,8;8,18;18,3
3,8;8,18;18,35
3,8;8,20;20,3
3,8;8,20;20,35
3,8;8,21;21,3
3,8;8,21;21,35
3,8;8,22;22,3
3,8;8,22;22,35
3,8;8,23;23,3
3,8;8,23;23,35
3,8;8,24;24,3
3,8;8,24;24,35
3,8;8,25;25,3
3,8;8,25;25,35
3,8;8,26;26,3
3,8;8,26;26,35
3,8;8,27;27,3
3,8;8,27;27,35
3,8;8,28;28,3
3,8;8,28;28,35
3,8;8,29;29,3
3,8;8,29;29,35
3,9;9,10;10,3
3,9;9,10;10,35
3,9;9,11;11,3
3,9;9,11;11,35
3,9;9,12;12,3
3,9;9,12;12,35
3,9;9,13;13,3
3,9;9,13;13,35
3,9;9,14;14,3
3,9;9,14;14,35
3,9;9,15;15,3
3,9;9,15;15,35
3,9;9,16;16,3
3,9;9,16;16,35
3,9;9,17;17,3
3,9;9,17;17,35
3,9;9,18;18,3
3,9;9,18;18,35
3,9;9,20;20,3
3,9;9,20;20,35
3,9;9,21;21,3
3,9;9,21;21,35
3,9;9,22;22,3
3,9;9,22;22,35
3,9;9,23;23,3
3,9;9,23;23,35
3,9;9,24;24,3
3,9;9,24;24,35
3,9;9,25;25,3
3,9;9,25;25,35
3,9;9,26;26,3
3,9;9,26;26,35
3,9;9,27;27,3
3,9;9,27;27,35
3,9;9,28;28,3
3,9;9,28;28,35
3,10;10,11;11,3
3,10;10,11;11,35
3,10;10,12;12,3
3,10;10,12;12,35
3,10;10,13;13,3
3,10;10,13;13,35
3,10;10,14;14,3
3,10;10,14;14,35
3,10;10,15;15,3
3,10;10,15;15,35
3,10;10,16;16,3
3,10;10,16;16,35
3,10;10,17;17,3
3,10;10,17;17,35
3,10;10,18;18,3
3,10;10,18;18,35
3,10;10,20;20,3
3,10;10,20;20,35
3,10;10,21;21,3
3,10;10,21;21,35
3,10;10,22;22,3
3,10;10,22;22,35
3,10;10,23;23,3
3,10;10,23;23,35
3,10;10,24;24,3
3,10;10,24;24,35
