0,1;1,2;2,0
0,1;1,2;2,44
0,1;1,3;3,0
0,1;1,3;3,44
0,1;1,4;4,0
0,1;1,4;4,44
0,1;1,5;5,0
0,1;1,5;5,44
0,1;1,6;6,0
0,1;1,6;6,44
0,1;1,7;7,0
0,1;1,7;7,44
0,1;1,8;8,0
0,1;1,8;8,44
0,1;1,9;9,0
0,1;1,9;9,44
0,1;1,10;10,0
0,1;1,10;10,44
0,1;1,11;11,0
0,1;1,11;11,44
0,1;1,12;12,0
0,1;1,12;12,44
0,1;1,13;13,0
0,1;1,13;13,44
0,1;1,14;14,0
0,1;1,14;14,44
0,1;1,15;15,0
0,1;1,15;15,44
0,1;1,16;16,0
0,1;1,16;16,44
0,1;1,17;17,0
0,1;1,17;17,44
0,1;1,18;18,0
0,1;1,18;18,44
0,1;1,19;19,0
0,1;1,19;19,44
0,1;1,20;20,0
0,1;1,20;20,44
0,1;1,21;21,0
0,1;1,21;21,44
0,1;1,23;23,0
0,1;1,23;23,44
0,1;1,24;24,0
0,1;1,24;24,44
0,1;1,25;25,0
0,1;1,25;25,44
0,1;1,26;26,0
0,1;1,26;26,44
0,1;1,27;27,0
0,1;1,27;27,44
0,1;1,28;28,0
0,1;1,28;28,44
0,1;1,29;29,0
0,1;1,29;29,44
0,1;1,30;30,0
0,1;1,30;30,44
0,1;1,31;31,0
0,1;1,31;31,44
0,1;1,32;32,0
0,1;1,32;32,44
0,1;1,33;33,0
0,1;1,33;33,44
0,1;1,34;34,0
0,1;1,34;34,44
0,1;1,35;35,0
0,1;1,35;35,44
0,1;1,36;36,0
0,1;1,36;36,44
0,1;1,37;37,0
0,1;1,37;37,44
0,1;1,38;38,0
0,1;1,38;38,44
0,1;1,39;39,0
0,1;1,39;39,44
0,1;1,40;40,0
0,1;1,40;40,44
0,1;1,41;41,0
0,1;1,41;41,44
0,1;1,42;42,0
0,1;1,42;42,44
0,2;2,3;3,0
0,2;2,3;3,44
0,2;2,4;4,0
0,2;2,4;4,44
0,2;2,5;5,0
0,2;2,5;5,44
0,2;2,6;6,0
0,2;2,6;6,44
0,2;2,7;7,0
0,2;2,7;7,44
0,2;2,8;8,0
0,2;2,8;8,44
0,2;2,9;9,0
0,2;2,9;9,44
0,2;2,10;10,0
0,2;2,10;10,44
0,2;2,11;11,0
0,2;2,11;11,44
0,2;2,12;12,0
0,2;2,12;12,44
0,2;2,13;13,0
0,2;2,13;13,44
0,2;2,14;14,0
0,2;2,14;14,44
0,2;2,15;15,0
0,2;2,15;15,44
0,2;2,16;16,0
0,2;2,16;16,44
0,2;2,17;17,0
0,2;2,17;17,44
0,2;2,18;18,0
0,2;2,18;18,44
0,2;2,19;19,0
0,2;2,19;19,44
0,2;2,20;20,0
0,2;2,20;20,44
0,2;2,21;21,0
0,2;2,21;21,44
0,2;2,23;23,0
0,2;2,23;23,44
0,2;2,24;24,0
0,2;2,24;24,44
0,2;2,25;25,0
0,2;2,25;25,44
0,2;2,26;26,0
0,2;2,26;26,44
0,2;2,27;27,0
0,2;2,27;27,44
0,2;2,28;28,0
0,2;2,28;28,44
0,2;2,29;29,0
0,2;2,29;29,44
0,2;2,30;30,0
0,2;2,30;30,44
0,2;2,31;31,0
0,2;2,31;31,44
0,2;2,32;32,0
0,2;2,32;32,44
0,2;2,33;33,0
0,2;2,33;33,44
0,2;2,34;34,0
0,2;2,34;34,44
0,2;2,35;35,0
0,2;2,35;35,44
0,2;2,36;36,0
0,2;2,36;36,44
0,2;2,37;37,0
0,2;2,37;37,44
0,2;2,38;38,0
0,2;2,38;38,44
0,2;2,39;39,0
0,2;2,39;39,44
0,2;2,40;40,0
0,2;2,40;40,44
0,2;2,41;41,0
0,2;2,41;41,44
0,3;3,4;4,0
0,3;3,4;4,44
0,3;3,5;5,0
0,3;3,5;5,44
0,3;3,6;6,0
0,3;3,6;6,44
0,3;3,7;7,0
0,3;3,7;7,44
0,3;3,8;8,0
0,3;3,8;8,44
0,3;3,9;9,0
0,3;3,9;9,44
0,3;3,10;10,0
0,3;3,10;10,44
0,3;3,11;11,0
0,3;3,11;11,44
0,3;3,12;12,0
0,3;3,12;12,44
0,3;3,13;13,0
0,3;3,13;13,44
0,3;3,14;14,0
0,3;3,14;14,44
0,3;3,15;15,0
0,3;3,15;15,44
0,3;3,16;16,0
0,3;3,16;16,44
0,3;3,17;17,0
0,3;3,17;17,44
0,3;3,18;18,0
0,3;3,18;18,44
0,3;3,19;19,0
0,3;3,19;19,44
0,3;3,20;20,0
0,3;3,20;20,44
0,3;3,21;21,0
0,3;3,21;21,44
0,3;3,23;23,0
0,3;3,23;23,44
0,3;3,24;24,0
0,3;3,24;24,44
0,3;3,25;25,0
0,3;3,25;25,44
0,3;3,26;26,0
0,3;3,26;26,44
0,3;3,27;27,0
0,3;3,27;27,44
0,3;3,28;28,0
0,3;3,28;28,44
0,3;3,29;29,0
0,3;3,29;29,44
0,3;3,30;30,0
0,3;3,30;30,44
0,3;3,31;31,0
0,3;3,31;31,44
0,3;3,32;32,0
0,3;3,32;32,44
0,3;3,33;33,0
0,3;3,33;33,44
0,3;3,34;34,0
0,3;3,34;34,44
0,3;3,35;35,0
0,3;3,35;35,44
0,3;3,36;36,0
0,3;3,36;36,44
0,3;3,37;37,0
0,3;3,37;37,44
0,3;3,38;38,0
0,3;3,38;38,44
0,3;3,39;39,0
0,3;3,39;39,44
0,3;3,40;40,0
0,3;3,40;40,44
0,4;4,5;5,0
0,4;4,5;5,44
0,4;4,6;6,0
0,4;4,6;6,44
0,4;4,7;7,0
0,4;4,7;7,44
0,4;4,8;8,0
0,4;4,8;8,44
0,4;4,9;9,0
0,4;4,9;9,44
0,4;4,10;10,0
0,4;4,10;10,44
0,4;4,11;11,0
0,4;4,11;11,44
0,4;4,12;12,0
0,4;4,12;12,44
0,4;4,13;13,0
0,4;4,13;13,44
0,4;4,14;14,0
0,4;4,14;14,44
0,4;4,15;15,0
0,4;4,15;15,44
0,4;4,16;16,0
0,4;4,16;16,44
0,4;4,17;17,0
0,4;4,17;17,44
0,4;4,18;18,0
0,4;4,18;18,44
0,4;4,19;19,0
0,4;4,19;19,44
0,4;4,20;20,0
0,4;4,20;20,44
0,4;4,21;21,0
0,4;4,21;21,44
0,4;4,23;23,0
0,4;4,23;23,44
0,4;4,24;24,0
0,4;4,24;24,44
0,4;4,25;25,0
0,4;4,25;25,44
0,4;4,26;26,0
0,4;4,26;26,44
0,4;4,27;27,0
0,4;4,27;27,44
0,4;4,28;28,0
0,4;4,28;28,44
0,4;4,29;29,0
0,4;4,29;29,44
0,4;4,30;30,0
0,4;4,30;30,44
0,4;4,31;31,0
0,4;4,31;31,44
0,4;4,32;32,0
0,4;4,32;32,44
0,4;4,33;33,0
0,4;4,33;33,44
0,4;4,34;34,0
0,4;4,34;34,44
0,4;4,35;35,0
0,4;4,35;35,44
0,4;4,36;36,0
0,4;4,36;36,44
0,4;4,37;37,0
0,4;4,37;37,44
0,4;4,38;38,0
0,4;4,38;38,44
0,4;4,39;39,0
0,4;4,39;39,44
0,5;5,6;6,0
0,5;5,6;6,44
0,5;5,7;7,0
0,5;5,7;7,44
0,5;5,8;8,0
0,5;5,8;8,44
0,5;5,9;9,0
0,5;5,9;9,44
0,5;5,10;10,0
0,5;5,10;10,44
0,5;5,11;11,0
0,5;5,11;11,44
0,5;5,12;12,0
0,5;5,12;12,44
0,5;5,13;13,0
0,5;5,13;13,44
0,5;5,14;14,0
0,5;5,14;14,44
0,5;5,15;15,0
0,5;5,15;15,44
0,5;5,16;16,0
0,5;5,16;16,44
0,5;5,17;17,0
0,5;5,17;17,44
0,5;5,18;18,0
0,5;5,18;18,44
0,5;5,19;19,0
0,5;5,19;19,44
0,5;5,20;20,0
0,5;5,20;20,44
0,5;5,21;21,0
0,5;5,21;21,44
0,5;5,23;23,0
0,5;5,23;23,44
0,5;5,24;24,0
0,5;5,24;24,44
0,5;5,25;25,0
0,5;5,25;25,44
0,5;5,26;26,0
0,5;5,26;26,44
0,5;5,27;27,0
0,5;5,27;27,44
0,5;5,28;28,0
0,5;5,28;28,44
0,5;5,29;29,0
0,5;5,29;29,44
0,5;5,30;30,0
0,5;5,30;30,44
0,5;5,31;31,0
0,5;5,31;31,44
0,5;5,32;32,0
0,5;5,32;32,44
0,5;5,33;33,0
0,5;5,33;33,44
0,5;5,34;34,0
0,5;5,34;34,44
0,5;5,35;35,0
0,5;5,35;35,44
0,5;5,36;36,0
0,5;5,36;36,44
0,5;5,37;37,0
0,5;5,37;37,44
0,5;5,38;38,0
0,5;5,38;38,44
0,6;6,7;7,0
0,6;6,7;7,44
0,6;6,8;8,0
0,6;6,8;8,44
0,6;6,9;9,0
0,6;6,9;9,44
0,6;6,10;10,0
0,6;6,10;10,44
0,6;6,11;11,0
0,6;6,11;11,44
0,6;6,12;12,0
0,6;6,12;12,44
0,6;6,13;13,0
0,6;6,13;13,44
0,6;6,14;14,0
0,6;6,14;14,44
0,6;6,15;15,0
0,6;6,15;15,44
0,6;6,16;16,0
0,6;6,16;16,44
0,6;6,17;17,0
0,6;6,17;17,44
0,6;6,18;18,0
0,6;6,18;18,44
0,6;6,19;19,0
0,6;6,19;19,44
0,6;6,20;20,0
0,6;6,20;20,44
0,6;6,21;21,0
0,6;6,21;21,44
0,6;6,23;23,0
0,6;6,23;23,44
0,6;6,24;24,0
0,6;6,24;24,44
0,6;6,25;25,0
0,6;6,25;25,44
0,6;6,26;26,0
0,6;6,26;26,44
0,6;6,27;27,0
0,6;6,27;27,44
0,6;6,28;28,0
0,6;6,28;28,44
0,6;6,29;29,0
0,6;6,29;29,44
0,6;6,30;30,0
0,6;6,30;30,44
0,6;6,31;31,0
0,6;6,31;31,44
0,6;6,32;32,0
0,6;6,32;32,44
0,6;6,33;33,0
0,6;6,33;33,44
0,6;6,34;34,0
0,6;6,34;34,44
0,6;6,35;35,0
0,6;6,35;35,44
0,6;6,36;36,0
0,6;6,36;36,44
0,6;6,37;37,0
0,6;6,37;37,44
0,7;7,8;8,0
0,7;7,8;8,44
0,7;7,9;9,0
0,7;7,9;9,44
0,7;7,10;10,0
0,7;7,10;10,44
0,7;7,11;11,0
0,7;7,11;11,44
0,7;7,12;12,0
0,7;7,12;12,44
0,7;7,13;13,0
0,7;7,13;13,44
0,7;7,14;14,0
0,7;7,14;14,44
0,7;7,15;15,0
0,7;7,15;15,44
0,7;7,16;16,0
0,7;7,16;16,44
0,7;7,17;17,0
0,7;7,17;17,44
0,7;7,18;18,0
0,7;7,18;18,44
0,7;7,19;19,0
0,7;7,19;19,44
0,7;7,20;20,0
0,7;7,20;20,44
0,7;7,21;21,0
0,7;7,21;21,44
0,7;7,23;23,0
0,7;7,23;23,44
0,7;7,24;24,0
0,7;7,24;24,44
0,7;7,25;25,0
0,7;7,25;25,44
0,7;7,26;26,0
0,7;7,26;26,44
0,7;7,27;27,0
0,7;7,27;27,44
0,7;7,28;28,0
0,7;7,28;28,44
0,7;7,29;29,0
0,7;7,29;29,44
0,7;7,30;30,0
0,7;7,30;30,44
0,7;7,31;31,0
0,7;7,31;31,44
0,7;7,32;32,0
0,7;7,32;32,44
0,7;7,33;33,0
0,7;7,33;33,44
0,7;7,34;34,0
0,7;7,34;34,44
0,7;7,35;35,0
0,7;7,35;35,44
0,7;7,36;36,0
0,7;7,36;36,44
0,8;8,9;9,0
0,8;8,9;9,44
0,8;8,10;10,0
0,8;8,10;10,44
0,8;8,11;11,0
0,8;8,11;11,44
0,8;8,12;12,0
0,8;8,12;12,44
0,8;8,13;13,0
0,8;8,13;13,44
0,8;8,14;14,0
0,8;8,14;14,44
0,8;8,15;15,0
0,8;8,15;15,44
0,8;8,16;16,0
0,8;8,16;16,44
0,8;8,17;17,0
0,8;8,17;17,44
0,8;8,18;18,0
0,8;8,18;18,44
0,8;8,19;19,0
0,8;8,19;19,44
0,8;8,20;20,0
0,8;8,20;20,44
0,8;8,21;21,0
0,8;8,21;21,44
0,8;8,23;23,0
0,8;8,23;23,44
0,8;8,24;24,0
0,8;8,24;24,44
0,8;8,25;25,0
0,8;8,25;25,44
0,8;8,26;26,0
0,8;8,26;26,44
0,8;8,27;27,0
0,8;8,27;27,44
0,8;8,28;28,0
0,8;8,28;28,44
0,8;8,29;29,0
0,8;8,29;29,44
0,8;8,30;30,0
0,8;8,30;30,44
0,8;8,31;31,0
0,8;8,31;31,44
0,8;8,32;32,0
0,8;8,32;32,44
0,8;8,33;33,0
0,8;8,33;33,44
0,8;8,34;34,0
0,8;8,34;34,44
0,8;8,35;35,0
0,8;8,35;35,44
0,9;9,10;10,0
0,9;9,10;10,44
0,9;9,11;11,0
0,9;9,11;11,44
0,9;9,12;12,0
0,9;9,12;12,44
0,9;9,13;13,0
0,9;9,13;13,44
0,9;9,14;14,0
0,9;9,14;14,44
0,9;9,15;15,0
0,9;9,15;15,44
0,9;9,16;16,0
0,9;9,16;16,44
0,9;9,17;17,0
0,9;9,17;17,44
0,9;9,18;18,0
0,9;9,18;18,44
0,9;9,19;19,0
0,9;9,19;19,44
0,9;9,20;20,0
0,9;9,20;20,44
0,9;9,21;21,0
0,9;9,21;21,44
0,9;9,23;23,0
0,9;9,23;23,44
0,9;9,24;24,0
0,9;9,24;24,44
0,9;9,25;25,0
0,9;9,25;25,44
0,9;9,26;26,0
0,9;9,26;26,44
0,9;9,27;27,0
0,9;9,27;27,44
0,9;9,28;28,0
0,9;9,28;28,44
0,9;9,29;29,0
0,9;9,29;29,44
0,9;9,30;30,0
0,9;9,30;30,44
0,9;9,31;31,0
0,9;9,31;31,44
0,9;9,32;32,0
0,9;9,32;32,44
0,9;9,33;33,0
0,9;9,33;33,44
0,9;9,34;34,0
0,9;9,34;34,44
0,10;10,11;11,0
0,10;10,11;11,44
0,10;10,12;12,0
0,10;10,12;12,44
0,10;10,13;13,0
0,10;10,13;13,44
0,10;10,14;14,0
0,10;10,14;14,44
0,10;10,15;15,0
0,10;10,15;15,44
0,10;10,16;16,0
0,10;10,16;16,44
0,10;10,17;17,0
0,10;10,17;17,44
0,10;10,18;18,0
0,10;10,18;18,44
0,10;10,19;19,0
0,10;10,19;19,44
0,10;10,20;20,0
0,10;10,20;20,44
0,10;10,21;21,0
0,10;10,21;21,44
0,10;10,23;23,0
0,10;10,23;23,44
0,10;10,24;24,0
0,10;10,24;24,44
0,10;10,25;25,0
0,10;10,25;25,44
0,10;10,26;26,0
0,10;10,26;26,44
0,10;10,27;27,0
0,10;10,27;27,44
0,10;10,28;28,0
0,10;10,28;28,44
0,10;10,29;29,0
0,10;10,29;29,44
0,10;10,30;30,0
0,10;10,30;30,44
0,10;10,31;31,0
0,10;10,31;31,44
0,10;10,32;32,0
0,10;10,32;32,44
0,10;10,33;33,0
0,10;10,33;33,44
0,11;11,12;12,0
0,11;11,12;12,44
0,11;11,13;13,0
0,11;11,13;13,44
0,11;11,14;14,0
0,11;11,14;14,44
0,11;11,15;15,0
0,11;11,15;15,44
0,11;11,16;16,0
0,11;11,16;16,44
0,11;11,17;17,0
0,11;11,17;17,44
0,11;11,18;18,0
0,11;11,18;18,44
0,11;11,19;19,0
0,11;11,19;19,44
0,11;11,20;20,0
0,11;11,20;20,44
0,11;11,21;21,0
0,11;11,21;21,44
0,11;11,23;23,0
0,11;11,23;23,44
0,11;11,24;24,0
0,11;11,24;24,44
0,11;11,25;25,0
0,11;11,25;25,44
0,11;11,26;26,0
0,11;11,26;26,44
0,11;11,27;27,0
0,11;11,27;27,44
0,11;11,28;28,0
0,11;11,28;28,44
0,11;11,29;29,0
0,11;11,29;29,44
0,11;11,30;30,0
0,11;11,30;30,44
0,11;11,31;31,0
0,11;11,31;31,44
0,11;11,32;32,0
0,11;11,32;32,44
0,12;12,13;13,0
0,12;12,13;13,44
0,12;12,14;14,0
0,12;12,14;14,44
0,12;12,15;15,0
0,12;12,15;15,44
0,12;12,16;16,0
0,12;12,16;16,44
0,12;12,17;17,0
0,12;12,17;17,44
0,12;12,18;18,0
0,12;12,18;18,44
0,12;12,19;19,0
0,12;12,19;19,44
0,12;12,20;20,0
0,12;12,20;20,44
0,12;12,21;21,0
0,12;12,21;21,44
0,12;12,23;23,0
0,12;12,23;23,44
0,12;12,24;24,0
0,12;12,24;24,44
0,12;12,25;25,0
0,12;12,25;25,44
0,12;12,26;26,0
0,12;12,26;26,44
0,12;12,27;27,0
0,12;12,27;27,44
0,12;12,28;28,0
0,12;12,28;28,44
0,12;12,29;29,0
0,12;12,29;29,44
0,12;12,30;30,0
0,12;12,30;30,44
0,12;12,31;31,0
0,12;12,31;31,44
0,13;13,14;14,0
0,13;13,14;14,44
0,13;13,15;15,0
0,13;13,15;15,44
0,13;13,16;16,0
0,13;13,16;16,44
0,13;13,17;17,0
0,13;13,17;17,44
0,13;13,18;18,0
0,13;13,18;18,44
0,13;13,19;19,0
0,13;13,19;19,44
0,13;13,20;20,0
0,13;13,20;20,44
0,13;13,21;21,0
0,13;13,21;21,44
0,13;13,23;23,0
0,13;13,23;23,44
0,13;13,24;24,0
0,13;13,24;24,44
0,13;13,25;25,0
0,13;13,25;25,44
0,13;13,26;26,0
0,13;13,26;26,44
0,13;13,27;27,0
0,13;13,27;27,44
0,13;13,28;28,0
0,13;13,28;28,44
0,13;13,29;29,0
0,13;13,29;29,44
0,13;13,30;30,0
0,13;13,30;30,44
0,14;14,15;15,0
0,14;14,15;15,44
0,14;14,16;16,0
0,14;14,16;16,44
0,14;14,17;17,0
0,14;14,17;17,44
0,14;14,18;18,0
0,14;14,18;18,44
0,14;14,19;19,0
0,14;14,19;19,44
0,14;14,20;20,0
0,14;14,20;20,44
0,14;14,21;21,0
0,14;14,21;21,44
0,14;14,23;23,0
0,14;14,23;23,44
0,14;14,24;24,0
0,14;14,24;24,44
0,14;14,25;25,0
0,14;14,25;25,44
0,14;14,26;26,0
0,14;14,26;26,44
0,14;14,27;27,0
0,14;14,27;27,44
0,14;14,28;28,0
0,14;14,28;28,44
0,14;14,29;29,0
0,14;14,29;29,44
0,15;15,16;16,0
0,15;15,16;16,44
0,15;15,17;17,0
0,15;15,17;17,44
0,15;15,18;18,0
0,15;15,18;18,44
0,15;15,19;19,0
0,15;15,19;19,44
0,15;15,20;20,0
0,15;15,20;20,44
0,15;15,21;21,0
0,15;15,21;21,44
0,15;15,23;23,0
0,15;15,23;23,44
0,15;15,24;24,0
0,15;15,24;24,44
0,15;15,25;25,0
0,15;15,25;25,44
0,15;15,26;26,0
0,15;15,26;26,44
0,15;15,27;27,0
0,15;15,27;27,44
0,15;15,28;28,0
0,15;15,28;28,44
0,16;16,17;17,0
0,16;16,17;17,44
0,16;16,18;18,0
0,16;16,18;18,44
0,16;16,19;19,0
0,16;16,19;19,44
0,16;16,20;20,0
0,16;16,20;20,44
0,16;16,21;21,0
0,16;16,21;21,44
0,16;16,23;23,0
0,16;16,23;23,44
0,16;16,24;24,0
0,16;16,24;24,44
0,16;16,25;25,0
0,16;16,25;25,44
0,16;16,26;26,0
0,16;16,26;26,44
0,16;16,27;27,0
0,16;16,27;27,44
0,17;17,18;18,0
0,17;17,18;18,44
0,17;17,19;19,0
0,17;17,19;19,44
0,17;17,20;20,0
0,17;17,20;20,44
0,17;17,21;21,0
0,17;17,21;21,44
0,17;17,23;23,0
0,17;17,23;23,44
0,17;17,24;24,0
0,17;17,24;24,44
0,17;17,25;25,0
0,17;17,25;25,44
0,17;17,26;26,0
0,17;17,26;26,44
0,18;18,19;19,0
0,18;18,19;19,44
0,18;18,20;20,0
0,18;18,20;20,44
0,18;18,21;21,0
0,18;18,21;21,44
0,18;18,23;23,0
0,18;18,23;23,44
0,18;18,24;24,0
0,18;18,24;24,44
0,18;18,25;25,0
0,18;18,25;25,44
0,19;19,20;20,0
0,19;19,20;20,44
0,19;19,21;21,0
0,19;19,21;21,44
0,19;19,23;23,0
0,19;19,23;23,44
0,19;19,24;24,0
0,19;19,24;24,44
0,20;20,21;21,0
0,20;20,21;21,44
0,20;20,23;23,0
0,20;20,23;23,44
1,2;2,3;3,1
1,2;2,3;3,43
1,2;2,4;4,1
1,2;2,4;4,43
1,2;2,5;5,1
1,2;2,5;5,43
1,2;2,6;6,1
1,2;2,6;6,43
1,2;2,7;7,1
1,2;2,7;7,43
1,2;2,8;8,1
1,2;2,8;8,43
1,2;2,9;9,1
1,2;2,9;9,43
1,2;2,10;10,1
1,2;2,10;10,43
1,2;2,11;11,1
1,2;2,11;11,43
1,2;2,12;12,1
1,2;2,12;12,43
1,2;2,13;13,1
1,2;2,13;13,43
1,2;2,14;14,1
1,2;2,14;14,43
1,2;2,15;15,1
1,2;2,15;15,43
1,2;2,16;16,1
1,2;2,16;16,43
1,2;2,17;17,1
1,2;2,17;17,43
1,2;2,18;18,1
1,2;2,18;18,43
1,2;2,19;19,1
1,2;2,19;19,43
1,2;2,20;20,1
1,2;2,20;20,43
1,2;2,21;21,1
1,2;2,21;21,43
1,2;2,23;23,1
1,2;2,23;23,43
1,2;2,24;24,1
1,2;2,24;24,43
1,2;2,25;25,1
1,2;2,25;25,43
1,2;2,26;26,1
1,2;2,26;26,43
1,2;2,27;27,1
1,2;2,27;27,43
1,2;2,28;28,1
1,2;2,28;28,43
1,2;2,29;29,1
1,2;2,29;29,43
1,2;2,30;30,1
1,2;2,30;30,43
1,2;2,31;31,1
1,2;2,31;31,43
1,2;2,32;32,1
1,2;2,32;32,43
1,2;2,33;33,1
1,2;2,33;33,43
1,2;2,34;34,1
1,2;2,34;34,43
1,2;2,35;35,1
1,2;2,35;35,43
1,2;2,36;36,1
1,2;2,36;36,43
1,2;2,37;37,1
1,2;2,37;37,43
1,2;2,38;38,1
1,2;2,38;38,43
1,2;2,39;39,1
1,2;2,39;39,43
1,2;2,40;40,1
1,2;2,40;40,43
1,2;2,41;41,1
1,2;2,41;41,43
1,3;3,4;4,1
1,3;3,4;4,43
1,3;3,5;5,1
1,3;3,5;5,43
1,3;3,6;6,1
1,3;3,6;6,43
1,3;3,7;7,1
1,3;3,7;7,43
1,3;3,8;8,1
1,3;3,8;8,43
1,3;3,9;9,1
1,3;3,9;9,43
1,3;3,10;10,1
1,3;3,10;10,43
1,3;3,11;11,1
1,3;3,11;11,43
1,3;3,12;12,1
1,3;3,12;12,43
1,3;3,13;13,1
1,3;3,13;13,43
1,3;3,14;14,1
1,3;3,14;14,43
1,3;3,15;15,1
1,3;3,15;15,43
1,3;3,16;16,1
1,3;3,16;16,43
1,3;3,17;17,1
1,3;3,17;17,43
1,3;3,18;18,1
1,3;3,18;18,43
1,3;3,19;19,1
1,3;3,19;19,43
1,3;3,20;20,1
1,3;3,20;20,43
1,3;3,21;21,1
1,3;3,21;21,43
1,3;3,23;23,1
1,3;3,23;23,43
1,3;3,24;24,1
1,3;3,24;24,43
1,3;3,25;25,1
1,3;3,25;25,43
1,3;3,26;26,1
1,3;3,26;26,43
1,3;3,27;27,1
1,3;3,27;27,43
1,3;3,28;28,1
1,3;3,28;28,43
1,3;3,29;29,1
1,3;3,29;29,43
1,3;3,30;30,1
1,3;3,30;30,43
1,3;3,31;31,1
1,3;3,31;31,43
1,3;3,32;32,1
1,3;3,32;32,43
1,3;3,33;33,1
1,3;3,33;33,43
1,3;3,34;34,1
1,3;3,34;34,43
1,3;3,35;35,1
1,3;3,35;35,43
1,3;3,36;36,1
1,3;3,36;36,43
1,3;3,37;37,1
1,3;3,37;37,43
1,3;3,38;38,1
1,3;3,38;38,43
1,3;3,39;39,1
1,3;3,39;39,43
1,3;3,40;40,1
1,3;3,40;40,43
1,4;4,5;5,1
1,4;4,5;5,43
1,4;4,6;6,1
1,4;4,6;6,43
1,4;4,7;7,1
1,4;4,7;7,43
1,4;4,8;8,1
1,4;4,8;8,43
1,4;4,9;9,1
1,4;4,9;9,43
1,4;4,10;10,1
1,4;4,10;10,43
1,4;4,11;11,1
1,4;4,11;11,43
1,4;4,12;12,1
1,4;4,12;12,43
1,4;4,13;13,1
1,4;4,13;13,43
1,4;4,14;14,1
1,4;4,14;14,43
1,4;4,15;15,1
1,4;4,15;15,43
1,4;4,16;16,1
1,4;4,16;16,43
1,4;4,17;17,1
1,4;4,17;17,43
1,4;4,18;18,1
1,4;4,18;18,43
1,4;4,19;19,1
1,4;4,19;19,43
1,4;4,20;20,1
1,4;4,20;20,43
1,4;4,21;21,1
1,4;4,21;21,43
1,4;4,23;23,1
1,4;4,23;23,43
1,4;4,24;24,1
1,4;4,24;24,43
1,4;4,25;25,1
1,4;4,25;25,43
1,4;4,26;26,1
1,4;4,26;26,43
1,4;4,27;27,1
1,4;4,27;27,43
1,4;4,28;28,1
1,4;4,28;28,43
1,4;4,29;29,1
1,4;4,29;29,43
1,4;4,30;30,1
1,4;4,30;30,43
1,4;4,31;31,1
1,4;4,31;31,43
1,4;4,32;32,1
1,4;4,32;32,43
1,4;4,33;33,1
1,4;4,33;33,43
1,4;4,34;34,1
1,4;4,34;34,43
1,4;4,35;35,1
1,4;4,35;35,43
1,4;4,36;36,1
1,4;4,36;36,43
1,4;4,37;37,1
1,4;4,37;37,43
1,4;4,38;38,1
1,4;4,38;38,43
1,4;4,39;39,1
1,4;4,39;39,43
1,5;5,6;6,1
1,5;5,6;6,43
1,5;5,7;7,1
1,5;5,7;7,43
1,5;5,8;8,1
1,5;5,8;8,43
1,5;5,9;9,1
1,5;5,9;9,43
1,5;5,10;10,1
1,5;5,10;10,43
1,5;5,11;11,1
1,5;5,11;11,43
1,5;5,12;12,1
1,5;5,12;12,43
1,5;5,13;13,1
1,5;5,13;13,43
1,5;5,14;14,1
1,5;5,14;14,43
1,5;5,15;15,1
1,5;5,15;15,43
1,5;5,16;16,1
1,5;5,16;16,43
1,5;5,17;17,1
1,5;5,17;17,43
1,5;5,18;18,1
1,5;5,18;18,43
1,5;5,19;19,1
1,5;5,19;19,43
1,5;5,20;20,1
1,5;5,20;20,43
1,5;5,21;21,1
1,5;5,21;21,43
1,5;5,23;23,1
1,5;5,23;23,43
1,5;5,24;24,1
1,5;5,24;24,43
1,5;5,25;25,1
1,5;5,25;25,43
1,5;5,26;26,1
1,5;5,26;26,43
1,5;5,27;27,1
1,5;5,27;27,43
1,5;5,28;28,1
1,5;5,28;28,43
1,5;5,29;29,1
1,5;5,29;29,43
1,5;5,30;30,1
1,5;5,30;30,43
1,5;5,31;31,1
1,5;5,31;31,43
1,5;5,32;32,1
1,5;5,32;32,43
1,5;5,33;33,1
1,5;5,33;33,43
1,5;5,34;34,1
1,5;5,34;34,43
1,5;5,35;35,1
1,5;5,35;35,43
1,5;5,36;36,1
1,5;5,36;36,43
1,5;5,37;37,1
1,5;5,37;37,43
1,5;5,38;38,1
1,5;5,38;38,43
1,6;6,7;7,1
1,6;6,7;7,43
1,6;6,8;8,1
1,6;6,8;8,43
1,6;6,9;9,1
1,6;6,9;9,43
1,6;6,10;10,1
1,6;6,10;10,43
1,6;6,11;11,1
1,6;6,11;11,43
1,6;6,12;12,1
1,6;6,12;12,43
1,6;6,13;13,1
1,6;6,13;13,43
1,6;6,14;14,1
1,6;6,14;14,43
1,6;6,15;15,1
1,6;6,15;15,43
1,6;6,16;16,1
1,6;6,16;16,43
1,6;6,17;17,1
1,6;6,17;17,43
1,6;6,18;18,1
1,6;6,18;18,43
1,6;6,19;19,1
1,6;6,19;19,43
1,6;6,20;20,1
1,6;6,20;20,43
1,6;6,21;21,1
1,6;6,21;21,43
1,6;6,23;23,1
1,6;6,23;23,43
1,6;6,24;24,1
1,6;6,24;24,43
1,6;6,25;25,1
1,6;6,25;25,43
1,6;6,26;26,1
1,6;6,26;26,43
1,6;6,27;27,1
1,6;6,27;27,43
1,6;6,28;28,1
1,6;6,28;28,43
1,6;6,29;29,1
1,6;6,29;29,43
1,6;6,30;30,1
1,6;6,30;30,43
1,6;6,31;31,1
1,6;6,31;31,43
1,6;6,32;32,1
1,6;6,32;32,43
1,6;6,33;33,1
1,6;6,33;33,43
1,6;6,34;34,1
1,6;6,34;34,43
1,6;6,35;35,1
1,6;6,35;35,43
1,6;6,36;36,1
1,6;6,36;36,43
1,6;6,37;37,1
1,6;6,37;37,43
1,7;7,8;8,1
1,7;7,8;8,43
1,7;7,9;9,1
1,7;7,9;9,43
1,7;7,10;10,1
1,7;7,10;10,43
1,7;7,11;11,1
1,7;7,11;11,43
1,7;7,12;12,1
1,7;7,12;12,43
1,7;7,13;13,1
1,7;7,13;13,43
1,7;7,14;14,1
1,7;7,14;14,43
1,7;7,15;15,1
1,7;7,15;15,43
1,7;7,16;16,1
1,7;7,16;16,43
1,7;7,17;17,1
1,7;7,17;17,43
1,7;7,18;18,1
1,7;7,18;18,43
1,7;7,19;19,1
1,7;7,19;19,43
1,7;7,20;20,1
1,7;7,20;20,43
1,7;7,21;21,1
1,7;7,21;21,43
1,7;7,23;23,1
1,7;7,23;23,43
1,7;7,24;24,1
1,7;7,24;24,43
1,7;7,25;25,1
1,7;7,25;25,43
1,7;7,26;26,1
1,7;7,26;26,43
1,7;7,27;27,1
1,7;7,27;27,43
1,7;7,28;28,1
1,7;7,28;28,43
1,7;7,29;29,1
1,7;7,29;29,43
1,7;7,30;30,1
1,7;7,30;30,43
1,7;7,31;31,1
1,7;7,31;31,43
1,7;7,32;32,1
1,7;7,32;32,43
1,7;7,33;33,1
1,7;7,33;33,43
1,7;7,34;34,1
1,7;7,34;34,43
1,7;7,35;35,1
1,7;7,35;35,43
1,7;7,36;36,1
1,7;7,36;36,43
1,8;8,9;9,1
1,8;8,9;9,43
1,8;8,10;10,1
1,8;8,10;10,43
1,8;8,11;11,1
1,8;8,11;11,43
1,8;8,12;12,1
1,8;8,12;12,43
1,8;8,13;13,1
1,8;8,13;13,43
1,8;8,14;14,1
1,8;8,14;14,43
1,8;8,15;15,1
1,8;8,15;15,43
1,8;8,16;16,1
1,8;8,16;16,43
1,8;8,17;17,1
1,8;8,17;17,43
1,8;8,18;18,1
1,8;8,18;18,43
1,8;8,19;19,1
1,8;8,19;19,43
1,8;8,20;20,1
1,8;8,20;20,43
1,8;8,21;21,1
1,8;8,21;21,43
1,8;8,23;23,1
1,8;8,23;23,43
1,8;8,24;24,1
1,8;8,24;24,43
1,8;8,25;25,1
1,8;8,25;25,43
1,8;8,26;26,1
1,8;8,26;26,43
1,8;8,27;27,1
1,8;8,27;27,43
1,8;8,28;28,1
1,8;8,28;28,43
1,8;8,29;29,1
1,8;8,29;29,43
1,8;8,30;30,1
1,8;8,30;30,43
1,8;8,31;31,1
1,8;8,31;31,43
1,8;8,32;32,1
1,8;8,32;32,43
1,8;8,33;33,1
1,8;8,33;33,43
1,8;8,34;34,1
1,8;8,34;34,43
1,8;8,35;35,1
1,8;8,35;35,43
1,9;9,10;10,1
1,9;9,10;10,43
1,9;9,11;11,1
1,9;9,11;11,43
1,9;9,12;12,1
1,9;9,12;12,43
1,9;9,13;13,1
1,9;9,13;13,43
1,9;9,14;14,1
1,9;9,14;14,43
1,9;9,15;15,1
1,9;9,15;15,43
1,9;9,16;16,1
1,9;9,16;16,43
1,9;9,17;17,1
1,9;9,17;17,43
1,9;9,18;18,1
1,9;9,18;18,43
1,9;9,19;19,1
1,9;9,19;19,43
1,9;9,20;20,1
1,9;9,20;20,43
1,9;9,21;21,1
1,9;9,21;21,43
1,9;9,23;23,1
1,9;9,23;23,43
1,9;9,24;24,1
1,9;9,24;24,43
1,9;9,25;25,1
1,9;9,25;25,43
1,9;9,26;26,1
1,9;9,26;26,43
1,9;9,27;27,1
1,9;9,27;27,43
1,9;9,28;28,1
1,9;9,28;28,43
1,9;9,29;29,1
1,9;9,29;29,43
1,9;9,30;30,1
1,9;9,30;30,43
1,9;9,31;31,1
1,9;9,31;31,43
1,9;9,32;32,1
1,9;9,32;32,43
1,9;9,33;33,1
1,9;9,33;33,43
1,9;9,34;34,1
1,9;9,34;34,43
1,10;10,11;11,1
1,10;10,11;11,43
1,10;10,12;12,1
1,10;10,12;12,43
1,10;10,13;13,1
1,10;10,13;13,43
1,10;10,14;14,1
1,10;10,14;14,43
1,10;10,15;15,1
1,10;10,15;15,43
1,10;10,16;16,1
1,10;10,16;16,43
1,10;10,17;17,1
1,10;10,17;17,43
1,10;10,18;18,1
1,10;10,18;18,43
1,10;10,19;19,1
1,10;10,19;19,43
1,10;10,20;20,1
1,10;10,20;20,43
1,10;10,21;21,1
1,10;10,21;21,43
1,10;10,23;23,1
1,10;10,23;23,43
1,10;10,24;24,1
1,10;10,24;24,43
1,10;10,25;25,1
1,10;10,25;25,43
1,10;10,26;26,1
1,10;10,26;26,43
1,10;10,27;27,1
1,10;10,27;27,43
1,10;10,28;28,1
1,10;10,28;28,43
1,10;10,29;29,1
1,10;10,29;29,43
1,10;10,30;30,1
1,10;10,30;30,43
1,10;10,31;31,1
1,10;10,31;31,43
1,10;10,32;32,1
1,10;10,32;32,43
1,10;10,33;33,1
1,10;10,33;33,43
1,11;11,12;12,1
1,11;11,12;12,43
1,11;11,13;13,1
1,11;11,13;13,43
1,11;11,14;14,1
1,11;11,14;14,43
1,11;11,15;15,1
1,11;11,15;15,43
1,11;11,16;16,1
1,11;11,16;16,43
1,11;11,17;17,1
1,11;11,17;17,43
1,11;11,18;18,1
1,11;11,18;18,43
1,11;11,19;19,1
1,11;11,19;19,43
1,11;11,20;20,1
1,11;11,20;20,43
1,11;11,21;21,1
1,11;11,21;21,43
1,11;11,23;23,1
1,11;11,23;23,43
1,11;11,24;24,1
1,11;11,24;24,43
1,11;11,25;25,1
1,11;11,25;25,43
1,11;11,26;26,1
1,11;11,26;26,43
1,11;11,27;27,1
1,11;11,27;27,43
1,11;11,28;28,1
1,11;11,28;28,43
1,11;11,29;29,1
1,11;11,29;29,43
1,11;11,30;30,1
1,11;11,30;30,43
1,11;11,31;31,1
1,11;11,31;31,43
1,11;11,32;32,1
1,11;11,32;32,43
1,12;12,13;13,1
1,12;12,13;13,43
1,12;12,14;14,1
1,12;12,14;14,43
1,12;12,15;15,1
1,12;12,15;15,43
1,12;12,16;16,1
1,12;12,16;16,43
1,12;12,17;17,1
1,12;12,17;17,43
1,12;12,18;18,1
1,12;12,18;18,43
1,12;12,19;19,1
1,12;12,19;19,43
1,12;12,20;20,1
1,12;12,20;20,43
1,12;12,21;21,1
1,12;12,21;21,43
1,12;12,23;23,1
1,12;12,23;23,43
1,12;12,24;24,1
1,12;12,24;24,43
1,12;12,25;25,1
1,12;12,25;25,43
1,12;12,26;26,1
1,12;12,26;26,43
1,12;12,27;27,1
1,12;12,27;27,43
1,12;12,28;28,1
1,12;12,28;28,43
1,12;12,29;29,1
1,12;12,29;29,43
1,12;12,30;30,1
1,12;12,30;30,43
1,12;12,31;31,1
1,12;12,31;31,43
1,13;13,14;14,1
1,13;13,14;14,43
1,13;13,15;15,1
1,13;13,15;15,43
1,13;13,16;16,1
1,13;13,16;16,43
1,13;13,17;17,1
1,13;13,17;17,43
1,13;13,18;18,1
1,13;13,18;18,43
1,13;13,19;19,1
1,13;13,19;19,43
1,13;13,20;20,1
1,13;13,20;20,43
1,13;13,21;21,1
1,13;13,21;21,43
1,13;13,23;23,1
1,13;13,23;23,43
1,13;13,24;24,1
1,13;13,24;24,43
1,13;13,25;25,1
1,13;13,25;25,43
1,13;13,26;26,1
1,13;13,26;26,43
1,13;13,27;27,1
1,13;13,27;27,43
1,13;13,28;28,1
1,13;13,28;28,43
1,13;13,29;29,1
1,13;13,29;29,43
1,13;13,30;30,1
1,13;13,30;30,43
1,14;14,15;15,1
1,14;14,15;15,43
1,14;14,16;16,1
1,14;14,16;16,43
1,14;14,17;17,1
1,14;14,17;17,43
1,14;14,18;18,1
1,14;14,18;18,43
1,14;14,19;19,1
1,14;14,19;19,43
1,14;14,20;20,1
1,14;14,20;20,43
1,14;14,21;21,1
1,14;14,21;21,43
1,14;14,23;23,1
1,14;14,23;23,43
1,14;14,24;24,1
1,14;14,24;24,43
1,14;14,25;25,1
1,14;14,25;25,43
1,14;14,26;26,1
1,14;14,26;26,43
1,14;14,27;27,1
1,14;14,27;27,43
1,14;14,28;28,1
1,14;14,28;28,43
1,14;14,29;29,1
1,14;14,29;29,43
1,15;15,16;16,1
1,15;15,16;16,43
1,15;15,17;17,1
1,15;15,17;17,43
1,15;15,18;18,1
1,15;15,18;18,43
1,15;15,19;19,1
1,15;15,19;19,43
1,15;15,20;20,1
1,15;15,20;20,43
1,15;15,21;21,1
1,15;15,21;21,43
1,15;15,23;23,1
1,15;15,23;23,43
1,15;15,24;24,1
1,15;15,24;24,43
1,15;15,25;25,1
1,15;15,25;25,43
1,15;15,26;26,1
1,15;15,26;26,43
1,15;15,27;27,1
1,15;15,27;27,43
1,15;15,28;28,1
1,15;15,28;28,43
1,16;16,17;17,1
1,16;16,17;17,43
1,16;16,18;18,1
1,16;16,18;18,43
1,16;16,19;19,1
1,16;16,19;19,43
1,16;16,20;20,1
1,16;16,20;20,43
1,16;16,21;21,1
1,16;16,21;21,43
1,16;16,23;23,1
1,16;16,23;23,43
1,16;16,24;24,1
1,16;16,24;24,43
1,16;16,25;25,1
1,16;16,25;25,43
1,16;16,26;26,1
1,16;16,26;26,43
1,16;16,27;27,1
1,16;16,27;27,43
1,17;17,18;18,1
1,17;17,18;18,43
1,17;17,19;19,1
1,17;17,19;19,43
1,17;17,20;20,1
1,17;17,20;20,43
1,17;17,21;21,1
1,17;17,21;21,43
1,17;17,23;23,1
1,17;17,23;23,43
1,17;17,24;24,1
1,17;17,24;24,43
1,17;17,25;25,1
1,17;17,25;25,43
1,17;17,26;26,1
1,17;17,26;26,43
1,18;18,19;19,1
1,18;18,19;19,43
1,18;18,20;20,1
1,18;18,20;20,43
1,18;18,21;21,1
1,18;18,21;21,43
1,18;18,23;23,1
1,18;18,23;23,43
1,18;18,24;24,1
1,18;18,24;24,43
1,18;18,25;25,1
1,18;18,25;25,43
1,19;19,20;20,1
1,19;19,20;20,43
1,19;19,21;21,1
1,19;19,21;21,43
1,19;19,23;23,1
1,19;19,23;23,43
1,19;19,24;24,1
1,19;19,24;24,43
1,20;20,21;21,1
1,20;20,21;21,43
1,20;20,23;23,1
1,20;20,23;23,43
2,3;3,4;4,2
2,3;3,4;4,42
2,3;3,5;5,2
2,3;3,5;5,42
2,3;3,6;6,2
2,3;3,6;6,42
2,3;3,7;7,2
2,3;3,7;7,42
2,3;3,8;8,2
2,3;3,8;8,42
2,3;3,9;9,2
2,3;3,9;9,42
2,3;3,10;10,2
2,3;3,10;10,42
2,3;3,11;11,2
2,3;3,11;11,42
2,3;3,12;12,2
2,3;3,12;12,42
2,3;3,13;13,2
2,3;3,13;13,42
2,3;3,14;14,2
2,3;3,14;14,42
2,3;3,15;15,2
2,3;3,15;15,42
2,3;3,16;16,2
2,3;3,16;16,42
2,3;3,17;17,2
2,3;3,17;17,42
2,3;3,18;18,2
2,3;3,18;18,42
2,3;3,19;19,2
2,3;3,19;19,42
2,3;3,20;20,2
2,3;3,20;20,42
2,3;3,21;21,2
2,3;3,21;21,42
2,3;3,23;23,2
2,3;3,23;23,42
2,3;3,24;24,2
2,3;3,24;24,42
2,3;3,25;25,2
2,3;3,25;25,42
2,3;3,26;26,2
2,3;3,26;26,42
2,3;3,27;27,2
2,3;3,27;27,42
2,3;3,28;28,2
2,3;3,28;28,42
2,3;3,29;29,2
2,3;3,29;29,42
2,3;3,30;30,2
2,3;3,30;30,42
2,3;3,31;31,2
2,3;3,31;31,42
2,3;3,32;32,2
2,3;3,32;32,42
2,3;3,33;33,2
2,3;3,33;33,42
2,3;3,34;34,2
2,3;3,34;34,42
2,3;3,35;35,2
2,3;3,35;35,42
2,3;3,36;36,2
2,3;3,36;36,42
2,3;3,37;37,2
2,3;3,37;37,42
2,3;3,38;38,2
2,3;3,38;38,42
2,3;3,39;39,2
2,3;3,39;39,42
2,3;3,40;40,2
2,3;3,40;40,42
2,4;4,5;5,2
2,4;4,5;5,42
2,4;4,6;6,2
2,4;4,6;6,42
2,4;4,7;7,2
2,4;4,7;7,42
2,4;4,8;8,2
2,4;4,8;8,42
2,4;4,9;9,2
2,4;4,9;9,42
2,4;4,10;10,2
2,4;4,10;10,42
2,4;4,11;11,2
2,4;4,11;11,42
2,4;4,12;12,2
2,4;4,12;12,42
2,4;4,13;13,2
2,4;4,13;13,42
2,4;4,14;14,2
2,4;4,14;14,42
2,4;4,15;15,2
2,4;4,15;15,42
2,4;4,16;16,2
2,4;4,16;16,42
2,4;4,17;17,2
2,4;4,17;17,42
2,4;4,18;18,2
2,4;4,18;18,42
2,4;4,19;19,2
2,4;4,19;19,42
2,4;4,20;20,2
2,4;4,20;20,42
2,4;4,21;21,2
2,4;4,21;21,42
2,4;4,23;23,2
2,4;4,23;23,42
2,4;4,24;24,2
2,4;4,24;24,42
2,4;4,25;25,2
2,4;4,25;25,42
2,4;4,26;26,2
2,4;4,26;26,42
2,4;4,27;27,2
2,4;4,27;27,42
2,4;4,28;28,2
2,4;4,28;28,42
2,4;4,29;29,2
2,4;4,29;29,42
2,4;4,30;30,2
2,4;4,30;30,42
2,4;4,31;31,2
2,4;4,31;31,42
2,4;4,32;32,2
2,4;4,32;32,42
2,4;4,33;33,2
2,4;4,33;33,42
2,4;4,34;34,2
2,4;4,34;34,42
2,4;4,35;35,2
2,4;4,35;35,42
2,4;4,36;36,2
2,4;4,36;36,42
2,4;4,37;37,2
2,4;4,37;37,42
2,4;4,38;38,2
2,4;4,38;38,42
2,4;4,39;39,2
2,4;4,39;39,42
2,5;5,6;6,2
2,5;5,6;6,42
2,5;5,7;7,2
2,5;5,7;7,42
2,5;5,8;8,2
2,5;5,8;8,42
2,5;5,9;9,2
2,5;5,9;9,42
2,5;5,10;10,2
2,5;5,10;10,42
2,5;5,11;11,2
2,5;5,11;11,42
2,5;5,12;12,2
2,5;5,12;12,42
2,5;5,13;13,2
2,5;5,13;13,42
2,5;5,14;14,2
2,5;5,14;14,42
2,5;5,15;15,2
2,5;5,15;15,42
2,5;5,16;16,2
2,5;5,16;16,42
2,5;5,17;17,2
2,5;5,17;17,42
2,5;5,18;18,2
2,5;5,18;18,42
2,5;5,19;19,2
2,5;5,19;19,42
2,5;5,20;20,2
2,5;5,20;20,42
2,5;5,21;21,2
2,5;5,21;21,42
2,5;5,23;23,2
2,5;5,23;23,42
2,5;5,24;24,2
2,5;5,24;24,42
2,5;5,25;25,2
2,5;5,25;25,42
2,5;5,26;26,2
2,5;5,26;26,42
2,5;5,27;27,2
2,5;5,27;27,42
2,5;5,28;28,2
2,5;5,28;28,42
2,5;5,29;29,2
2,5;5,29;29,42
2,5;5,30;30,2
2,5;5,30;30,42
2,5;5,31;31,2
2,5;5,31;31,42
2,5;5,32;32,2
2,5;5,32;32,42
2,5;5,33;33,2
2,5;5,33;33,42
2,5;5,34;34,2
2,5;5,34;34,42
2,5;5,35;35,2
2,5;5,35;35,42
2,5;5,36;36,2
2,5;5,36;36,42
2,5;5,37;37,2
2,5;5,37;37,42
2,5;5,38;38,2
2,5;5,38;38,42
2,6;6,7;7,2
2,6;6,7;7,42
2,6;6,8;8,2
2,6;6,8;8,42
2,6;6,9;9,2
2,6;6,9;9,42
2,6;6,10;10,2
2,6;6,10;10,42
2,6;6,11;11,2
2,6;6,11;11,42
2,6;6,12;12,2
2,6;6,12;12,42
2,6;6,13;13,2
2,6;6,13;13,42
2,6;6,14;14,2
2,6;6,14;14,42
2,6;6,15;15,2
2,6;6,15;15,42
2,6;6,16;16,2
2,6;6,16;16,42
2,6;6,17;17,2
2,6;6,17;17,42
2,6;6,18;18,2
2,6;6,18;18,42
2,6;6,19;19,2
2,6;6,19;19,42
2,6;6,20;20,2
2,6;6,20;20,42
2,6;6,21;21,2
2,6;6,21;21,42
2,6;6,23;23,2
2,6;6,23;23,42
2,6;6,24;24,2
2,6;6,24;24,42
2,6;6,25;25,2
2,6;6,25;25,42
2,6;6,26;26,2
2,6;6,26;26,42
2,6;6,27;27,2
2,6;6,27;27,42
2,6;6,28;28,2
2,6;6,28;28,42
2,6;6,29;29,2
2,6;6,29;29,42
2,6;6,30;30,2
2,6;6,30;30,42
2,6;6,31;31,2
2,6;6,31;31,42
2,6;6,32;32,2
2,6;6,32;32,42
2,6;6,33;33,2
2,6;6,33;33,42
2,6;6,34;34,2
2,6;6,34;34,42
2,6;6,35;35,2
2,6;6,35;35,42
2,6;6,36;36,2
2,6;6,36;36,42
2,6;6,37;37,2
2,6;6,37;37,42
2,7;7,8;8,2
2,7;7,8;8,42
2,7;7,9;9,2
2,7;7,9;9,42
2,7;7,10;10,2
2,7;7,10;10,42
2,7;7,11;11,2
2,7;7,11;11,42
2,7;7,12;12,2
2,7;7,12;12,42
2,7;7,13;13,2
2,7;7,13;13,42
2,7;7,14;14,2
2,7;7,14;14,42
2,7;7,15;15,2
2,7;7,15;15,42
2,7;7,16;16,2
2,7;7,16;16,42
2,7;7,17;17,2
2,7;7,17;17,42
2,7;7,18;18,2
2,7;7,18;18,42
2,7;7,19;19,2
2,7;7,19;19,42
2,7;7,20;20,2
2,7;7,20;20,42
2,7;7,21;21,2
2,7;7,21;21,42
2,7;7,23;23,2
2,7;7,23;23,42
2,7;7,24;24,2
2,7;7,24;24,42
2,7;7,25;25,2
2,7;7,25;25,42
2,7;7,26;26,2
2,7;7,26;26,42
2,7;7,27;27,2
2,7;7,27;27,42
2,7;7,28;28,2
2,7;7,28;28,42
2,7;7,29;29,2
2,7;7,29;29,42
2,7;7,30;30,2
2,7;7,30;30,42
2,7;7,31;31,2
2,7;7,31;31,42
2,7;7,32;32,2
2,7;7,32;32,42
2,7;7,33;33,2
2,7;7,33;33,42
2,7;7,34;34,2
2,7;7,34;34,42
2,7;7,35;35,2
2,7;7,35;35,42
2,7;7,36;36,2
2,7;7,36;36,42
2,8;8,9;9,2
2,8;8,9;9,42
2,8;8,10;10,2
2,8;8,10;10,42
2,8;8,11;11,2
2,8;8,11;11,42
2,8;8,12;12,2
2,8;8,12;12,42
2,8;8,13;13,2
2,8;8,13;13,42
2,8;8,14;14,2
2,8;8,14;14,42
2,8;8,15;15,2
2,8;8,15;15,42
2,8;8,16;16,2
2,8;8,16;16,42
2,8;8,17;17,2
2,8;8,17;17,42
2,8;8,18;18,2
2,8;8,18;18,42
2,8;8,19;19,2
2,8;8,19;19,42
2,8;8,20;20,2
2,8;8,20;20,42
2,8;8,21;21,2
2,8;8,21;21,42
2,8;8,23;23,2
2,8;8,23;23,42
2,8;8,24;24,2
2,8;8,24;24,42
2,8;8,25;25,2
2,8;8,25;25,42
2,8;8,26;26,2
2,8;8,26;26,42
2,8;8,27;27,2
2,8;8,27;27,42
2,8;8,28;28,2
2,8;8,28;28,42
2,8;8,29;29,2
2,8;8,29;29,42
2,8;8,30;30,2
2,8;8,30;30,42
2,8;8,31;31,2
2,8;8,31;31,42
2,8;8,32;32,2
2,8;8,32;32,42
2,8;8,33;33,2
2,8;8,33;33,42
2,8;8,34;34,2
2,8;8,34;34,42
2,8;8,35;35,2
2,8;8,35;35,42
2,9;9,10;10,2
2,9;9,10;10,42
2,9;9,11;11,2
2,9;9,11;11,42
2,9;9,12;12,2
2,9;9,12;12,42
2,9;9,13;13,2
2,9;9,13;13,42
2,9;9,14;14,2
2,9;9,14;14,42
2,9;9,15;15,2
2,9;9,15;15,42
2,9;9,16;16,2
2,9;9,16;16,42
2,9;9,17;17,2
2,9;9,17;17,42
2,9;9,18;18,2
2,9;9,18;18,42
2,9;9,19;19,2
2,9;9,19;19,42
2,9;9,20;20,2
2,9;9,20;20,42
2,9;9,21;21,2
2,9;9,21;21,42
2,9;9,23;23,2
2,9;9,23;23,42
2,9;9,24;24,2
2,9;9,24;24,42
2,9;9,25;25,2
2,9;9,25;25,42
2,9;9,26;26,2
2,9;9,26;26,42
2,9;9,27;27,2
2,9;9,27;27,42
2,9;9,28;28,2
2,9;9,28;28,42
2,9;9,29;29,2
2,9;9,29;29,42
2,9;9,30;30,2
2,9;9,30;30,42
2,9;9,31;31,2
2,9;9,31;31,42
2,9;9,32;32,2
2,9;9,32;32,42
2,9;9,33;33,2
2,9;9,33;33,42
2,9;9,34;34,2
2,9;9,34;34,42
2,10;10,11;11,2
2,10;10,11;11,42
2,10;10,12;12,2
2,10;10,12;12,42
2,10;10,13;13,2
2,10;10,13;13,42
2,10;10,14;14,2
2,10;10,14;14,42
2,10;10,15;15,2
2,10;10,15;15,42
2,10;10,16;16,2
2,10;10,16;16,42
2,10;10,17;17,2
2,10;10,17;17,42
2,10;10,18;18,2
2,10;10,18;18,42
2,10;10,19;19,2
2,10;10,19;19,42
2,10;10,20;20,2
2,10;10,20;20,42
2,10;10,21;21,2
2,10;10,21;21,42
2,10;10,23;23,2
2,10;10,23;23,42
2,10;10,24;24,2
2,10;10,24;24,42
2,10;10,25;25,2
2,10;10,25;25,42
2,10;10,26;26,2
2,10;10,26;26,42
2,10;10,27;27,2
2,10;10,27;27,42
2,10;10,28;28,2
2,10;10,28;28,42
2,10;10,29;29,2
2,10;10,29;29,42
2,10;10,30;30,2
2,10;10,30;30,42
2,10;10,31;31,2
2,10;10,31;31,42
2,10;10,32;32,2
2,10;10,32;32,42
2,10;10,33;33,2
2,10;10,33;33,42
2,11;11,12;12,2
2,11;11,12;12,42
2,11;11,13;13,2
2,11;11,13;13,42
2,11;11,14;14,2
2,11;11,14;14,42
2,11;11,15;15,2
2,11;11,15;15,42
2,11;11,16;16,2
2,11;11,16;16,42
2,11;11,17;17,2
2,11;11,17;17,42
2,11;11,18;18,2
2,11;11,18;18,42
2,11;11,19;19,2
2,11;11,19;19,42
2,11;11,20;20,2
2,11;11,20;20,42
2,11;11,21;21,2
2,11;11,21;21,42
2,11;11,23;23,2
2,11;11,23;23,42
2,11;11,24;24,2
2,11;11,24;24,42
2,11;11,25;25,2
2,11;11,25;25,42
2,11;11,26;26,2
2,11;11,26;26,42
2,11;11,27;27,2
2,11;11,27;27,42
2,11;11,28;28,2
2,11;11,28;28,42
2,11;11,29;29,2
2,11;11,29;29,42
2,11;11,30;30,2
2,11;11,30;30,42
2,11;11,31;31,2
2,11;11,31;31,42
2,11;11,32;32,2
2,11;11,32;32,42
2,12;12,13;13,2
2,12;12,13;13,42
2,12;12,14;14,2
2,12;12,14;14,42
2,12;12,15;15,2
2,12;12,15;15,42
2,12;12,16;16,2
2,12;12,16;16,42
2,12;12,17;17,2
2,12;12,17;17,42
2,12;12,18;18,2
2,12;12,18;18,42
2,12;12,19;19,2
2,12;12,19;19,42
2,12;12,20;20,2
2,12;12,20;20,42
2,12;12,21;21,2
2,12;12,21;21,42
2,12;12,23;23,2
2,12;12,23;23,42
2,12;12,24;24,2
2,12;12,24;24,42
2,12;12,25;25,2
2,12;12,25;25,42
2,12;12,26;26,2
2,12;12,26;26,42
2,12;12,27;27,2
2,12;12,27;27,42
2,12;12,28;28,2
2,12;12,28;28,42
2,12;12,29;29,2
2,12;12,29;29,42
2,12;12,30;30,2
2,12;12,30;30,42
2,12;12,31;31,2
2,12;12,31;31,42
2,13;13,14;14,2
2,13;13,14;14,42
2,13;13,15;15,2
2,13;13,15;15,42
2,13;13,16;16,2
2,13;13,16;16,42
2,13;13,17;17,2
2,13;13,17;17,42
2,13;13,18;18,2
2,13;13,18;18,42
2,13;13,19;19,2
2,13;13,19;19,42
2,13;13,20;20,2
2,13;13,20;20,42
2,13;13,21;21,2
2,13;13,21;21,42
2,13;13,23;23,2
2,13;13,23;23,42
2,13;13,24;24,2
2,13;13,24;24,42
2,13;13,25;25,2
2,13;13,25;25,42
2,13;13,26;26,2
2,13;13,26;26,42
2,13;13,27;27,2
2,13;13,27;27,42
2,13;13,28;28,2
2,13;13,28;28,42
2,13;13,29;29,2
2,13;13,29;29,42
2,13;13,30;30,2
2,13;13,30;30,42
2,14;14,15;15,2
2,14;14,15;15,42
2,14;14,16;16,2
2,14;14,16;16,42
2,14;14,17;17,2
2,14;14,17;17,42
2,14;14,18;18,2
2,14;14,18;18,42
2,14;14,19;19,2
2,14;14,19;19,42
2,14;14,20;20,2
2,14;14,20;20,42
2,14;14,21;21,2
2,14;14,21;21,42
2,14;14,23;23,2
2,14;14,23;23,42
2,14;14,24;24,2
2,14;14,24;24,42
2,14;14,25;25,2
2,14;14,25;25,42
2,14;14,26;26,2
2,14;14,26;26,42
2,14;14,27;27,2
2,14;14,27;27,42
2,14;14,28;28,2
2,14;14,28;28,42
2,14;14,29;29,2
2,14;14,29;29,42
2,15;15,16;16,2
2,15;15,16;16,42
2,15;15,17;17,2
2,15;15,17;17,42
2,15;15,18;18,2
2,15;15,18;18,42
2,15;15,19;19,2
2,15;15,19;19,42
2,15;15,20;20,2
2,15;15,20;20,42
2,15;15,21;21,2
2,15;15,21;21,42
2,15;15,23;23,2
2,15;15,23;23,42
2,15;15,24;24,2
2,15;15,24;24,42
2,15;15,25;25,2
2,15;15,25;25,42
2,15;15,26;26,2
2,15;15,26;26,42
2,15;15,27;27,2
2,15;15,27;27,42
2,15;15,28;28,2
2,15;15,28;28,42
2,16;16,17;17,2
2,16;16,17;17,42
2,16;16,18;18,2
2,16;16,18;18,42
2,16;16,19;19,2
2,16;16,19;19,42
2,16;16,20;20,2
2,16;16,20;20,42
2,16;16,21;21,2
2,16;16,21;21,42
2,16;16,23;23,2
2,16;16,23;23,42
2,16;16,24;24,2
2,16;16,24;24,42
2,16;16,25;25,2
2,16;16,25;25,42
2,16;16,26;26,2
2,16;16,26;26,42
2,16;16,27;27,2
2,16;16,27;27,42
2,17;17,18;18,2
2,17;17,18;18,42
2,17;17,19;19,2
2,17;17,19;19,42
2,17;17,20;20,2
2,17;17,20;20,42
2,17;17,21;21,2
2,17;17,21;21,42
2,17;17,23;23,2
2,17;17,23;23,42
2,17;17,24;24,2
2,17;17,24;24,42
2,17;17,25;25,2
2,17;17,25;25,42
2,17;17,26;26,2
2,17;17,26;26,42
2,18;18,19;19,2
2,18;18,19;19,42
2,18;18,20;20,2
2,18;18,20;20,42
2,18;18,21;21,2
2,18;18,21;21,42
2,18;18,23;23,2
2,18;18,23;23,42
2,18;18,24;24,2
2,18;18,24;24,42
2,18;18,25;25,2
2,18;18,25;25,42
2,19;19,20;20,2
2,19;19,20;20,42
2,19;19,21;21,2
2,19;19,21;21,42
2,19;19,23;23,2
2,19;19,23;23,42
2,19;19,24;24,2
2,19;19,24;24,42
2,20;20,21;21,2
2,20;20,21;21,42
2,20;20,23;23,2
2,20;20,23;23,42
3,4;4,5;5,3
3,4;4,5;5,41
3,4;4,6;6,3
3,4;4,6;6,41
3,4;4,7;7,3
3,4;4,7;7,41
3,4;4,8;8,3
3,4;4,8;8,41
3,4;4,9;9,3
3,4;4,9;9,41
3,4;4,10;10,3
3,4;4,10;10,41
3,4;4,11;11,3
3,4;4,11;11,41
3,4;4,12;12,3
3,4;4,12;12,41
3,4;4,13;13,3
3,4;4,13;13,41
3,4;4,14;14,3
3,4;4,14;14,41
3,4;4,15;15,3
3,4;4,15;15,41
3,4;4,16;16,3
3,4;4,16;16,41
3,4;4,17;17,3
3,4;4,17;17,41
3,4;4,18;18,3
3,4;4,18;18,41
3,4;4,19;19,3
3,4;4,19;19,41
3,4;4,20;20,3
3,4;4,20;20,41
3,4;4,21;21,3
3,4;4,21;21,41
3,4;4,23;23,3
3,4;4,23;23,41
3,4;4,24;24,3
3,4;4,24;24,41
3,4;4,25;25,3
3,4;4,25;25,41
3,4;4,26;26,3
3,4;4,26;26,41
3,4;4,27;27,3
3,4;4,27;27,41
3,4;4,28;28,3
3,4;4,28;28,41
3,4;4,29;29,3
3,4;4,29;29,41
3,4;4,30;30,3
3,4;4,30;30,41
3,4;4,31;31,3
3,4;4,31;31,41
3,4;4,32;32,3
3,4;4,32;32,41
3,4;4,33;33,3
3,4;4,33;33,41
3,4;4,34;34,3
3,4;4,34;34,41
3,4;4,35;35,3
3,4;4,35;35,41
3,4;4,36;36,3
3,4;4,36;36,41
3,4;4,37;37,3
3,4;4,37;37,41
3,4;4,38;38,3
3,4;4,38;38,41
3,4;4,39;39,3
3,4;4,39;39,41
3,5;5,6;6,3
3,5;5,6;6,41
3,5;5,7;7,3
3,5;5,7;7,41
3,5;5,8;8,3
3,5;5,8;8,41
3,5;5,9;9,3
3,5;5,9;9,41
3,5;5,10;10,3
3,5;5,10;10,41
3,5;5,11;11,3
3,5;5,11;11,41
3,5;5,12;12,3
3,5;5,12;12,41
3,5;5,13;13,3
3,5;5,13;13,41
3,5;5,14;14,3
3,5;5,14;14,41
3,5;5,15;15,3
3,5;5,15;15,41
3,5;5,16;16,3
3,5;5,16;16,41
3,5;5,17;17,3
3,5;5,17;17,41
3,5;5,18;18,3
3,5;5,18;18,41
3,5;5,19;19,3
3,5;5,19;19,41
3,5;5,20;20,3
3,5;5,20;20,41
3,5;5,21;21,3
3,5;5,21;21,41
3,5;5,23;23,3
3,5;5,23;23,41
3,5;5,24;24,3
3,5;5,24;24,41
3,5;5,25;25,3
3,5;5,25;25,41
3,5;5,26;26,3
3,5;5,26;26,41
3,5;5,27;27,3
3,5;5,27;27,41
3,5;5,28;28,3
3,5;5,28;28,41
3,5;5,29;29,3
3,5;5,29;29,41
3,5;5,30;30,3
3,5;5,30;30,41
3,5;5,31;31,3
3,5;5,31;31,41
3,5;5,32;32,3
3,5;5,32;32,41
3,5;5,33;33,3
3,5;5,33;33,41
3,5;5,34;34,3
3,5;5,34;34,41
3,5;5,35;35,3
3,5;5,35;35,41
3,5;5,36;36,3
3,5;5,36;36,41
3,5;5,37;37,3
3,5;5,37;37,41
3,5;5,38;38,3
3,5;5,38;38,41
3,6;6,7;7,3
3,6;6,7;7,41
3,6;6,8;8,3
3,6;6,8;8,41
3,6;6,9;9,3
3,6;6,9;9,41
3,6;6,10;10,3
3,6;6,10;10,41
3,6;6,11;11,3
3,6;6,11;11,41
3,6;6,12;12,3
3,6;6,12;12,41
3,6;6,13;13,3
3,6;6,13;13,41
3,6;6,14;14,3
3,6;6,14;14,41
3,6;6,15;15,3
3,6;6,15;15,41
3,6;6,16;16,3
3,6;6,16;16,41
3,6;6,17;17,3
3,6;6,17;17,41
3,6;6,18;18,3
3,6;6,18;18,41
3,6;6,19;19,3
3,6;6,19;19,41
3,6;6,20;20,3
3,6;6,20;20,41
3,6;6,21;21,3
3,6;6,21;21,41
3,6;6,23;23,3
3,6;6,23;23,41
3,6;6,24;24,3
3,6;6,24;24,41
3,6;6,25;25,3
3,6;6,25;25,41
3,6;6,26;26,3
3,6;6,26;26,41
3,6;6,27;27,3
3,6;6,27;27,41
3,6;6,28;28,3
3,6;6,28;28,41
3,6;6,29;29,3
3,6;6,29;29,41
3,6;6,30;30,3
3,6;6,30;30,41
3,6;6,31;31,3
3,6;6,31;31,41
3,6;6,32;32,3
3,6;6,32;32,41
3,6;6,33;33,3
3,6;6,33;33,41
3,6;6,34;34,3
3,6;6,34;34,41
3,6;6,35;35,3
3,6;6,35;35,41
3,6;6,36;36,3
3,6;6,36;36,41
3,6;6,37;37,3
3,6;6,37;37,41
3,7;7,8;8,3
3,7;7,8;8,41
3,7;7,9;9,3
3,7;7,9;9,41
3,7;7,10;10,3
3,7;7,10;10,41
3,7;7,11;11,3
3,7;7,11;11,41
3,7;7,12;12,3
3,7;7,12;12,41
3,7;7,13;13,3
3,7;7,13;13,41
3,7;7,14;14,3
3,7;7,14;14,41
3,7;7,15;15,3
3,7;7,15;15,41
3,7;7,16;16,3
3,7;7,16;16,41
3,7;7,17;17,3
3,7;7,17;17,41
3,7;7,18;18,3
3,7;7,18;18,41
3,7;7,19;19,3
3,7;7,19;19,41
3,7;7,20;20,3
3,7;7,20;20,41
3,7;7,21;21,3
3,7;7,21;21,41
3,7;7,23;23,3
3,7;7,23;23,41
3,7;7,24;24,3
3,7;7,24;24,41
3,7;7,25;25,3
3,7;7,25;25,41
3,7;7,26;26,3
3,7;7,26;26,41
3,7;7,27;27,3
3,7;7,27;27,41
3,7;7,28;28,3
3,7;7,28;28,41
3,7;7,29;29,3
3,7;7,29;29,41
3,7;7,30;30,3
3,7;7,30;30,41
3,7;7,31;31,3
3,7;7,31;31,41
3,7;7,32;32,3
3,7;7,32;32,41
3,7;7,33;33,3
3,7;7,33;33,41
3,7;7,34;34,3
3,7;7,34;34,41
3,7;7,35;35,3
3,7;7,35;35,41
3,7;7,36;36,3
3,7;7,36;36,41
3,8;8,9;9,3
3,8;8,9;9,41
3,8;8,10;10,3
3,8;8,10;10,41
3,8;8,11;11,3
3,8;8,11;11,41
3,8;8,12;12,3
3,8;8,12;12,41
3,8;8,13;13,3
3,8;8,13;13,41
3,8;8,14;14,3
3,8;8,14;14,41
3,8;8,15;15,3
3,8;8,15;15,41
3,8;8,16;16,3
3,8;8,16;16,41
3,8;8,17;17,3
3,8;8,17;17,41
3,8;8,18;18,3
3,8;8,18;18,41
3,8;8,19;19,3
3,8;8,19;19,41
3,8;8,20;20,3
3,8;8,20;20,41
3,8;8,21;21,3
3,8;8,21;21,41
3,8;8,23;23,3
3,8;8,23;23,41
3,8;8,24;24,3
3,8;8,24;24,41
3,8;8,25;25,3
3,8;8,25;25,41
3,8;8,26;26,3
3,8;8,26;26,41
3,8;8,27;27,3
3,8;8,27;27,41
3,8;8,28;28,3
3,8;8,28;28,41
3,8;8,29;29,3
3,8;8,29;29,41
3,8;8,30;30,3
3,8;8,30;30,41
3,8;8,31;31,3
3,8;8,31;31,41
3,8;8,32;32,3
3,8;8,32;32,41
3,8;8,33;33,3
3,8;8,33;33,41
3,8;8,34;34,3
3,8;8,34;34,41
3,8;8,35;35,3
3,8;8,35;35,41
3,9;9,10;10,3
3,9;9,10;10,41
3,9;9,11;11,3
3,9;9,11;11,41
3,9;9,12;12,3
3,9;9,12;12,41
3,9;9,13;13,3
3,9;9,13;13,41
3,9;9,14;14,3
3,9;9,14;14,41
3,9;9,15;15,3
3,9;9,15;15,41
3,9;9,16;16,3
3,9;9,16;16,41
3,9;9,17;17,3
3,9;9,17;17,41
3,9;9,18;18,3
3,9;9,18;18,41
3,9;9,19;19,3
3,9;9,19;19,41
3,9;9,20;20,3
3,9;9,20;20,41
3,9;9,21;21,3
3,9;9,21;21,41
3,9;9,23;23,3
3,9;9,23;23,41
3,9;9,24;24,3
3,9;9,24;24,41
3,9;9,25;25,3
3,9;9,25;25,41
3,9;9,26;26,3
3,9;9,26;26,41
3,9;9,27;27,3
3,9;9,27;27,41
3,9;9,28;28,3
3,9;9,28;28,41
3,9;9,29;29,3
3,9;9,29;29,41
3,9;9,30;30,3
3,9;9,30;30,41
3,9;9,31;31,3
3,9;9,31;31,41
3,9;9,32;32,3
3,9;9,32;32,41
3,9;9,33;33,3
3,9;9,33;33,41
3,9;9,34;34,3
3,9;9,34;34,41
3,10;10,11;11,3
3,10;10,11;11,41
3,10;10,12;12,3
3,10;10,12;12,41
3,10;10,13;13,3
3,10;10,13;13,41
3,10;10,14;14,3
3,10;10,14;14,41
3,10;10,15;15,3
3,10;10,15;15,41
3,10;10,16;16,3
3,10;10,16;16,41
3,10;10,17;17,3
3,10;10,17;17,41
3,10;10,18;18,3
3,10;10,18;18,41
3,10;10,19;19,3
3,10;10,19;19,41
3,10;10,20;20,3
3,10;10,20;20,41
3,10;10,21;21,3
3,10;10,21;21,41
3,10;10,23;23,3
3,10;10,23;23,41
3,10;10,24;24,3
3,10;10,24;24,41
3,10;10,25;25,3
3,10;10,25;25,41
3,10;10,26;26,3
3,10;10,26;26,41
3,10;10,27;27,3
3,10;10,27;27,41
3,10;10,28;28,3
3,10;10,28;28,41
3,10;10,29;29,3
3,10;10,29;29,41
3,10;10,30;30,3
3,10;10,30;30,41
3,10;10,31;31,3
3,10;10,31;31,41
3,10;10,32;32,3
3,10;10,32;32,41
3,10;10,33;33,3
3,10;10,33;33,41
3,11;11,12;12,3
3,11;11,12;12,41
3,11;11,13;13,3
3,11;11,13;13,41
3,11;11,14;14,3
3,11;11,14;14,41
3,11;11,15;15,3
3,11;11,15;15,41
3,11;11,16;16,3
3,11;11,16;16,41
3,11;11,17;17,3
3,11;11,17;17,41
3,11;11,18;18,3
3,11;11,18;18,41
3,11;11,19;19,3
3,11;11,19;19,41
3,11;11,20;20,3
3,11;11,20;20,41
3,11;11,21;21,3
3,11;11,21;21,41
3,11;11,23;23,3
3,11;11,23;23,41
3,11;11,24;24,3
3,11;11,24;24,41
3,11;11,25;25,3
3,11;11,25;25,41
3,11;11,26;26,3
3,11;11,26;26,41
3,11;11,27;27,3
3,11;11,27;27,41
3,11;11,28;28,3
3,11;11,28;28,41
3,11;11,29;29,3
3,11;11,29;29,41
3,11;11,30;30,3
3,11;11,30;30,41
3,11;11,31;31,3
3,11;11,31;31,41
3,11;11,32;32,3
3,11;11,32;32,41
3,12;12,13;13,3
3,12;12,13;13,41
3,12;12,14;14,3
3,12;12,14;14,41
3,12;12,15;15,3
3,12;12,15;15,41
3,12;12,16;16,3
3,12;12,16;16,41
3,12;12,17;17,3
3,12;12,17;17,41
3,12;12,18;18,3
3,12;12,18;18,41
3,12;12,19;19,3
3,12;12,19;19,41
3,12;12,20;20,3
3,12;12,20;20,41
3,12;12,21;21,3
3,12;12,21;21,41
3,12;12,23;23,3
3,12;12,23;23,41
3,12;12,24;24,3
3,12;12,24;24,41
3,12;12,25;25,3
3,12;12,25;25,41
3,12;12,26;26,3
3,12;12,26;26,41
3,12;12,27;27,3
3,12;12,27;27,41
3,12;12,28;28,3
3,12;12,28;28,41
3,12;12,29;29,3
3,12;12,29;29,41
3,12;12,30;30,3
3,12;12,30;30,41
3,12;12,31;31,3
3,12;12,31;31,41
3,13;13,14;14,3
3,13;13,14;14,41
3,13;13,15;15,3
3,13;13,15;15,41
3,13;13,16;16,3
3,13;13,16;16,41
3,13;13,17;17,3
3,13;13,17;17,41
3,13;13,18;18,3
3,13;13,18;18,41
3,13;13,19;19,3
3,13;13,19;19,41
3,13;13,20;20,3
3,13;13,20;20,41
3,13;13,21;21,3
3,13;13,21;21,41
3,13;13,23;23,3
3,13;13,23;23,41
3,13;13,24;24,3
3,13;13,24;24,41
3,13;13,25;25,3
3,13;13,25;25,41
3,13;13,26;26,3
3,13;13,26;26,41
3,13;13,27;27,3
3,13;13,27;27,41
3,13;13,28;28,3
3,13;13,28;28,41
3,13;13,29;29,3
3,13;13,29;29,41
3,13;13,30;30,3
3,13;13,30;30,41
3,14;14,15;15,3
3,14;14,15;15,41
3,14;14,16;16,3
3,14;14,16;16,41
3,14;14,17;17,3
3,14;14,17;17,41
3,14;14,18;18,3
3,14;14,18;18,41
3,14;14,19;19,3
3,14;14,19;19,41
3,14;14,20;20,3
3,14;14,20;20,41
3,14;14,21;21,3
3,14;14,21;21,41
3,14;14,23;23,3
3,14;14,23;23,41
3,14;14,24;24,3
3,14;14,24;24,41
3,14;14,25;25,3
3,14;14,25;25,41
3,14;14,26;26,3
3,14;14,26;26,41
3,14;14,27;27,3
3,14;14,27;27,41
3,14;14,28;28,3
3,14;14,28;28,41
3,14;14,29;29,3
3,14;14,29;29,41
3,15;15,16;16,3
3,15;15,16;16,41
3,15;15,17;17,3
3,15;15,17;17,41
3,15;15,18;18,3
3,15;15,18;18,41
3,15;15,19;19,3
3,15;15,19;19,41
3,15;15,20;20,3
3,15;15,20;20,41
3,15;15,21;21,3
3,15;15,21;21,41
3,15;15,23;23,3
3,15;15,23;23,41
3,15;15,24;24,3
3,15;15,24;24,41
3,15;15,25;25,3
3,15;15,25;25,41
3,15;15,26;26,3
3,15;15,26;26,41
3,15;15,27;27,3
3,15;15,27;27,41
3,15;15,28;28,3
3,15;15,28;28,41
3,16;16,17;17,3
3,16;16,17;17,41
3,16;16,18;18,3
3,16;16,18;18,41
3,16;16,19;19,3
3,16;16,19;19,41
3,16;16,20;20,3
3,16;16,20;20,41
3,16;16,21;21,3
3,16;16,21;21,41
3,16;16,23;23,3
3,16;16,23;23,41
3,16;16,24;24,3
3,16;16,24;24,41
3,16;16,25;25,3
3,16;16,25;25,41
3,16;16,26;26,3
3,16;16,26;26,41
3,16;16,27;27,3
3,16;16,27;27,41
3,17;17,18;18,3
3,17;17,18;18,41
3,17;17,19;19,3
3,17;17,19;19,41
3,17;17,20;20,3
3,17;17,20;20,41
3,17;17,21;21,3
3,17;17,21;21,41
3,17;17,23;23,3
3,17;17,23;23,41
3,17;17,24;24,3
3,17;17,24;24,41
3,17;17,25;25,3
3,17;17,25;25,41
3,17;17,26;26,3
3,17;17,26;26,41
3,18;18,19;19,3
3,18;18,19;19,41
3,18;18,20;20,3
3,18;18,20;20,41
3,18;18,21;21,3
3,18;18,21;21,41
3,18;18,23;23,3
3,18;18,23;23,41
3,18;18,24;24,3
3,18;18,24;24,41
3,18;18,25;25,3
3,18;18,25;25,41
3,19;19,20;20,3
3,19;19,20;20,41
3,19;19,21;21,3
3,19;19,21;21,41
3,19;19,23;23,3
3,19;19,23;23,41
3,19;19,24;24,3
3,19;19,24;24,41
3,20;20,21;21,3
3,20;20,21;21,41
3,20;20,23;23,3
3,20;20,23;23,41
4,5;5,6;6,4
4,5;5,6;6,40
4,5;5,7;7,4
4,5;5,7;7,40
4,5;5,8;8,4
4,5;5,8;8,40
4,5;5,9;9,4
4,5;5,9;9,40
4,5;5,10;10,4
4,5;5,10;10,40
4,5;5,11;11,4
4,5;5,11;11,40
4,5;5,12;12,4
4,5;5,12;12,40
4,5;5,13;13,4
4,5;5,13;13,40
4,5;5,14;14,4
4,5;5,14;14,40
4,5;5,15;15,4
4,5;5,15;15,40
4,5;5,16;16,4
4,5;5,16;16,40
4,5;5,17;17,4
4,5;5,17;17,40
4,5;5,18;18,4
4,5;5,18;18,40
4,5;5,19;19,4
4,5;5,19;19,40
4,5;5,20;20,4
4,5;5,20;20,40
4,5;5,21;21,4
4,5;5,21;21,40
4,5;5,23;23,4
4,5;5,23;23,40
4,5;5,24;24,4
4,5;5,24;24,40
4,5;5,25;25,4
4,5;5,25;25,40
4,5;5,26;26,4
4,5;5,26;26,40
4,5;5,27;27,4
4,5;5,27;27,40
4,5;5,28;28,4
4,5;5,28;28,40
4,5;5,29;29,4
4,5;5,29;29,40
4,5;5,30;30,4
4,5;5,30;30,40
4,5;5,31;31,4
4,5;5,31;31,40
4,5;5,32;32,4
4,5;5,32;32,40
4,5;5,33;33,4
4,5;5,33;33,40
4,5;5,34;34,4
4,5;5,34;34,40
4,5;5,35;35,4
4,5;5,35;35,40
4,5;5,36;36,4
4,5;5,36;36,40
4,5;5,37;37,4
4,5;5,37;37,40
4,5;5,38;38,4
4,5;5,38;38,40
4,6;6,7;7,4
4,6;6,7;7,40
4,6;6,8;8,4
4,6;6,8;8,40
4,6;6,9;9,4
4,6;6,9;9,40
4,6;6,10;10,4
4,6;6,10;10,40
4,6;6,11;11,4
4,6;6,11;11,40
4,6;6,12;12,4
4,6;6,12;12,40
4,6;6,13;13,4
4,6;6,13;13,40
4,6;6,14;14,4
4,6;6,14;14,40
4,6;6,15;15,4
4,6;6,15;15,40
4,6;6,16;16,4
4,6;6,16;16,40
4,6;6,17;17,4
4,6;6,17;17,40
4,6;6,18;18,4
4,6;6,18;18,40
4,6;6,19;19,4
4,6;6,19;19,40
4,6;6,20;20,4
4,6;6,20;20,40
4,6;6,21;21,4
4,6;6,21;21,40
4,6;6,23;23,4
4,6;6,23;23,40
4,6;6,24;24,4
4,6;6,24;24,40
4,6;6,25;25,4
4,6;6,25;25,40
4,6;6,26;26,4
4,6;6,26;26,40
4,6;6,27;27,4
4,6;6,27;27,40
4,6;6,28;28,4
4,6;6,28;28,40
4,6;6,29;29,4
4,6;6,29;29,40
4,6;6,30;30,4
4,6;6,30;30,40
4,6;6,31;31,4
4,6;6,31;31,40
4,6;6,32;32,4
4,6;6,32;32,40
4,6;6,33;33,4
4,6;6,33;33,40
4,6;6,34;34,4
4,6;6,34;34,40
4,6;6,35;35,4
4,6;6,35;35,40
4,6;6,36;36,4
4,6;6,36;36,40
4,6;6,37;37,4
4,6;6,37;37,40
4,7;7,8;8,4
4,7;7,8;8,40
4,7;7,9;9,4
4,7;7,9;9,40
4,7;7,10;10,4
4,7;7,10;10,40
4,7;7,11;11,4
4,7;7,11;11,40
4,7;7,12;12,4
4,7;7,12;12,40
4,7;7,13;13,4
4,7;7,13;13,40
4,7;7,14;14,4
4,7;7,14;14,40
4,7;7,15;15,4
4,7;7,15;15,40
4,7;7,16;16,4
4,7;7,16;16,40
4,7;7,17;17,4
4,7;7,17;17,40
4,7;7,18;18,4
4,7;7,18;18,40
4,7;7,19;19,4
4,7;7,19;19,40
4,7;7,20;20,4
4,7;7,20;20,40
4,7;7,21;21,4
4,7;7,21;21,40
4,7;7,23;23,4
4,7;7,23;23,40
4,7;7,24;24,4
4,7;7,24;24,40
4,7;7,25;25,4
4,7;7,25;25,40
4,7;7,26;26,4
4,7;7,26;26,40
4,7;7,27;27,4
4,7;7,27;27,40
4,7;7,28;28,4
4,7;7,28;28,40
4,7;7,29;29,4
4,7;7,29;29,40
4,7;7,30;30,4
4,7;7,30;30,40
4,7;7,31;31,4
4,7;7,31;31,40
4,7;7,32;32,4
4,7;7,32;32,40
4,7;7,33;33,4
4,7;7,33;33,40
4,7;7,34;34,4
4,7;7,34;34,40
4,7;7,35;35,4
4,7;7,35;35,40
4,7;7,36;36,4
4,7;7,36;36,40
4,8;8,9;9,4
4,8;8,9;9,40
4,8;8,10;10,4
4,8;8,10;10,40
4,8;8,11;11,4
4,8;8,11;11,40
4,8;8,12;12,4
4,8;8,12;12,40
4,8;8,13;13,4
4,8;8,13;13,40
4,8;8,14;14,4
4,8;8,14;14,40
4,8;8,15;15,4
4,8;8,15;15,40
4,8;8,16;16,4
4,8;8,16;16,40
4,8;8,17;17,4
4,8;8,17;17,40
4,8;8,18;18,4
4,8;8,18;18,40
4,8;8,19;19,4
4,8;8,19;19,40
4,8;8,20;20,4
4,8;8,20;20,40
4,8;8,21;21,4
4,8;8,21;21,40
4,8;8,23;23,4
4,8;8,23;23,40
4,8;8,24;24,4
4,8;8,24;24,40
4,8;8,25;25,4
4,8;8,25;25,40
4,8;8,26;26,4
4,8;8,26;26,40
4,8;8,27;27,4
4,8;8,27;27,40
4,8;8,28;28,4
4,8;8,28;28,40
4,8;8,29;29,4
4,8;8,29;29,40
4,8;8,30;30,4
4,8;8,30;30,40
4,8;8,31;31,4
4,8;8,31;31,40
4,8;8,32;32,4
4,8;8,32;32,40
4,8;8,33;33,4
4,8;8,33;33,40
4,8;8,34;34,4
4,8;8,34;34,40
4,8;8,35;35,4
4,8;8,35;35,40
4,9;9,10;10,4
4,9;9,10;10,40
4,9;9,11;11,4
4,9;9,11;11,40
4,9;9,12;12,4
4,9;9,12;12,40
4,9;9,13;13,4
4,9;9,13;13,40
4,9;9,14;14,4
4,9;9,14;14,40
4,9;9,15;15,4
4,9;9,15;15,40
4,9;9,16;16,4
4,9;9,16;16,40
4,9;9,17;17,4
4,9;9,17;17,40
4,9;9,18;18,4
4,9;9,18;18,40
4,9;9,19;19,4
4,9;9,19;19,40
4,9;9,20;20,4
4,9;9,20;20,40
4,9;9,21;21,4
4,9;9,21;21,40
4,9;9,23;23,4
4,9;9,23;23,40
4,9;9,24;24,4
4,9;9,24;24,40
4,9;9,25;25,4
4,9;9,25;25,40
4,9;9,26;26,4
4,9;9,26;26,40
4,9;9,27;27,4
4,9;9,27;27,40
4,9;9,28;28,4
4,9;9,28;28,40
4,9;9,29;29,4
4,9;9,29;29,40
4,9;9,30;30,4
4,9;9,30;30,40
4,9;9,31;31,4
4,9;9,31;31,40
4,9;9,32;32,4
4,9;9,32;32,40
4,9;9,33;33,4
4,9;9,33;33,40
4,9;9,34;34,4
4,9;9,34;34,40
4,10;10,11;11,4
4,10;10,11;11,40
4,10;10,12;12,4
4,10;10,12;12,40
4,10;10,13;13,4
4,10;10,13;13,40
4,10;10,14;14,4
4,10;10,14;14,40
4,10;10,15;15,4
4,10;10,15;15,40
4,10;10,16;16,4
4,10;10,16;16,40
4,10;10,17;17,4
4,10;10,17;17,40
4,10;10,18;18,4
4,10;10,18;18,40
4,10;10,19;19,4
4,10;10,19;19,40
4,10;10,20;20,4
4,10;10,20;20,40
4,10;10,21;21,4
4,10;10,21;21,40
4,10;10,23;23,4
4,10;10,23;23,40
4,10;10,24;24,4
4,10;10,24;24,40
4,10;10,25;25,4
4,10;10,25;25,40
4,10;10,26;26,4
4,10;10,26;26,40
4,10;10,27;27,4
4,10;10,27;27,40
4,10;10,28;28,4
4,10;10,28;28,40
4,10;10,29;29,4
4,10;10,29;29,40
4,10;10,30;30,4
4,10;10,30;30,40
4,10;10,31;31,4
4,10;10,31;31,40
4,10;10,32;32,4
4,10;10,32;32,40
4,10;10,33;33,4
4,10;10,33;33,40
4,11;11,12;12,4
4,11;11,12;12,40
4,11;11,13;13,4
4,11;11,13;13,40
4,11;11,14;14,4
4,11;11,14;14,40
4,11;11,15;15,4
4,11;11,15;15,40
4,11;11,16;16,4
4,11;11,16;16,40
4,11;11,17;17,4
4,11;11,17;17,40
4,11;11,18;18,4
4,11;11,18;18,40
4,11;11,19;19,4
4,11;11,19;19,40
4,11;11,20;20,4
4,11;11,20;20,40
4,11;11,21;21,4
4,11;11,21;21,40
4,11;11,23;23,4
4,11;11,23;23,40
4,11;11,24;24,4
4,11;11,24;24,40
4,11;11,25;25,4
4,11;11,25;25,40
4,11;11,26;26,4
4,11;11,26;26,40
4,11;11,27;27,4
4,11;11,27;27,40
4,11;11,28;28,4
4,11;11,28;28,40
4,11;11,29;29,4
4,11;11,29;29,40
4,11;11,30;30,4
4,11;11,30;30,40
4,11;11,31;31,4
4,11;11,31;31,40
4,11;11,32;32,4
4,11;11,32;32,40
4,12;12,13;13,4
4,12;12,13;13,40
4,12;12,14;14,4
4,12;12,14;14,40
4,12;12,15;15,4
4,12;12,15;15,40
4,12;12,16;16,4
4,12;12,16;16,40
4,12;12,17;17,4
4,12;12,17;17,40
4,12;12,18;18,4
4,12;12,18;18,40
4,12;12,19;19,4
4,12;12,19;19,40
4,12;12,20;20,4
4,12;12,20;20,40
4,12;12,21;21,4
4,12;12,21;21,40
4,12;12,23;23,4
4,12;12,23;23,40
4,12;12,24;24,4
4,12;12,24;24,40
4,12;12,25;25,4
4,12;12,25;25,40
4,12;12,26;26,4
4,12;12,26;26,40
4,12;12,27;27,4
4,12;12,27;27,40
4,12;12,28;28,4
4,12;12,28;28,40
4,12;12,29;29,4
4,12;12,29;29,40
4,12;12,30;30,4
4,12;12,30;30,40
4,12;12,31;31,4
4,12;12,31;31,40
4,13;13,14;14,4
4,13;13,14;14,40
4,13;13,15;15,4
4,13;13,15;15,40
4,13;13,16;16,4
4,13;13,16;16,40
4,13;13,17;17,4
4,13;13,17;17,40
4,13;13,18;18,4
4,13;13,18;18,40
4,13;13,19;19,4
4,13;13,19;19,40
4,13;13,20;20,4
4,13;13,20;20,40
4,13;13,21;21,4
4,13;13,21;21,40
4,13;13,23;23,4
4,13;13,23;23,40
4,13;13,24;24,4
4,13;13,24;24,40
4,13;13,25;25,4
4,13;13,25;25,40
4,13;13,26;26,4
4,13;13,26;26,40
4,13;13,27;27,4
4,13;13,27;27,40
4,13;13,28;28,4
4,13;13,28;28,40
4,13;13,29;29,4
4,13;13,29;29,40
4,13;13,30;30,4
4,13;13,30;30,40
4,14;14,15;15,4
4,14;14,15;15,40
4,14;14,16;16,4
4,14;14,16;16,40
4,14;14,17;17,4
4,14;14,17;17,40
4,14;14,18;18,4
4,14;14,18;18,40
4,14;14,19;19,4
4,14;14,19;19,40
4,14;14,20;20,4
4,14;14,20;20,40
4,14;14,21;21,4
4,14;14,21;21,40
4,14;14,23;23,4
4,14;14,23;23,40
4,14;14,24;24,4
4,14;14,24;24,40
4,14;14,25;25,4
4,14;14,25;25,40
4,14;14,26;26,4
4,14;14,26;26,40
4,14;14,27;27,4
4,14;14,27;27,40
4,14;14,28;28,4
4,14;14,28;28,40
4,14;14,29;29,4
4,14;14,29;29,40
4,15;15,16;16,4
4,15;15,16;16,40
4,15;15,17;17,4
4,15;15,17;17,40
4,15;15,18;18,4
4,15;15,18;18,40
4,15;15,19;19,4
4,15;15,19;19,40
4,15;15,20;20,4
4,15;15,20;20,40
4,15;15,21;21,4
4,15;15,21;21,40
4,15;15,23;23,4
4,15;15,23;23,40
4,15;15,24;24,4
4,15;15,24;24,40
4,15;15,25;25,4
4,15;15,25;25,40
4,15;15,26;26,4
4,15;15,26;26,40
4,15;15,27;27,4
4,15;15,27;27,40
4,15;15,28;28,4
4,15;15,28;28,40
4,16;16,17;17,4
4,16;16,17;17,40
4,16;16,18;18,4
4,16;16,18;18,40
4,16;16,19;19,4
4,16;16,19;19,40
4,16;16,20;20,4
4,16;16,20;20,40
4,16;16,21;21,4
4,16;16,21;21,40
4,16;16,23;23,4
4,16;16,23;23,40
4,16;16,24;24,4
4,16;16,24;24,40
4,16;16,25;25,4
4,16;16,25;25,40
4,16;16,26;26,4
4,16;16,26;26,40
4,16;16,27;27,4
4,16;16,27;27,40
4,17;17,18;18,4
4,17;17,18;18,40
4,17;17,19;19,4
4,17;17,19;19,40
4,17;17,20;20,4
4,17;17,20;20,40
4,17;17,21;21,4
4,17;17,21;21,40
4,17;17,23;23,4
4,17;17,23;23,40
4,17;17,24;24,4
4,17;17,24;24,40
4,17;17,25;25,4
4,17;17,25;25,40
4,17;17,26;26,4
4,17;17,26;26,40
4,18;18,19;19,4
4,18;18,19;19,40
4,18;18,20;20,4
4,18;18,20;20,40
4,18;18,21;21,4
4,18;18,21;21,40
4,18;18,23;23,4
4,18;18,23;23,40
4,18;18,24;24,4
4,18;18,24;24,40
4,18;18,25;25,4
4,18;18,25;25,40
4,19;19,20;20,4
4,19;19,20;20,40
4,19;19,21;21,4
4,19;19,21;21,40
4,19;19,23;23,4
4,19;19,23;23,40
4,19;19,24;24,4
4,19;19,24;24,40
4,20;20,21;21,4
4,20;20,21;21,40
4,20;20,23;23,4
4,20;20,23;23,40
5,6;6,7;7,5
5,6;6,7;7,39
5,6;6,8;8,5
5,6;6,8;8,39
5,6;6,9;9,5
5,6;6,9;9,39
5,6;6,10;10,5
5,6;6,10;10,39
5,6;6,11;11,5
5,6;6,11;11,39
5,6;6,12;12,5
5,6;6,12;12,39
5,6;6,13;13,5
5,6;6,13;13,39
5,6;6,14;14,5
5,6;6,14;14,39
5,6;6,15;15,5
5,6;6,15;15,39
5,6;6,16;16,5
5,6;6,16;16,39
5,6;6,17;17,5
5,6;6,17;17,39
5,6;6,18;18,5
5,6;6,18;18,39
5,6;6,19;19,5
5,6;6,19;19,39
5,6;6,20;20,5
5,6;6,20;20,39
5,6;6,21;21,5
5,6;6,21;21,39
5,6;6,23;23,5
5,6;6,23;23,39
5,6;6,24;24,5
5,6;6,24;24,39
5,6;6,25;25,5
5,6;6,25;25,39
5,6;6,26;26,5
5,6;6,26;26,39
5,6;6,27;27,5
5,6;6,27;27,39
5,6;6,28;28,5
5,6;6,28;28,39
5,6;6,29;29,5
5,6;6,29;29,39
5,6;6,30;30,5
5,6;6,30;30,39
5,6;6,31;31,5
5,6;6,31;31,39
5,6;6,32;32,5
5,6;6,32;32,39
5,6;6,33;33,5
5,6;6,33;33,39
5,6;6,34;34,5
5,6;6,34;34,39
5,6;6,35;35,5
5,6;6,35;35,39
5,6;6,36;36,5
5,6;6,36;36,39
5,6;6,37;37,5
5,6;6,37;37,39
5,7;7,8;8,5
5,7;7,8;8,39
5,7;7,9;9,5
5,7;7,9;9,39
5,7;7,10;10,5
5,7;7,10;10,39
5,7;7,11;11,5
5,7;7,11;11,39
5,7;7,12;12,5
5,7;7,12;12,39
5,7;7,13;13,5
5,7;7,13;13,39
5,7;7,14;14,5
5,7;7,14;14,39
5,7;7,15;15,5
5,7;7,15;15,39
5,7;7,16;16,5
5,7;7,16;16,39
5,7;7,17;17,5
5,7;7,17;17,39
5,7;7,18;18,5
5,7;7,18;18,39
5,7;7,19;19,5
5,7;7,19;19,39
5,7;7,20;20,5
5,7;7,20;20,39
5,7;7,21;21,5
5,7;7,21;21,39
5,7;7,23;23,5
5,7;7,23;23,39
5,7;7,24;24,5
5,7;7,24;24,39
5,7;7,25;25,5
5,7;7,25;25,39
5,7;7,26;26,5
5,7;7,26;26,39
5,7;7,27;27,5
5,7;7,27;27,39
5,7;7,28;28,5
5,7;7,28;28,39
5,7;7,29;29,5
5,7;7,29;29,39
5,7;7,30;30,5
5,7;7,30;30,39
5,7;7,31;31,5
5,7;7,31;31,39
5,7;7,32;32,5
5,7;7,32;32,39
5,7;7,33;33,5
5,7;7,33;33,39
5,7;7,34;34,5
5,7;7,34;34,39
5,7;7,35;35,5
5,7;7,35;35,39
5,7;7,36;36,5
5,7;7,36;36,39
5,8;8,9;9,5
5,8;8,9;9,39
5,8;8,10;10,5
5,8;8,10;10,39
5,8;8,11;11,5
5,8;8,11;11,39
5,8;8,12;12,5
5,8;8,12;12,39
5,8;8,13;13,5
5,8;8,13;13,39
5,8;8,14;14,5
5,8;8,14;14,39
5,8;8,15;15,5
5,8;8,15;15,39
5,8;8,16;16,5
5,8;8,16;16,39
5,8;8,17;17,5
5,8;8,17;17,39
5,8;8,18;18,5
5,8;8,18;18,39
5,8;8,19;19,5
5,8;8,19;19,39
5,8;8,20;20,5
5,8;8,20;20,39
5,8;8,21;21,5
5,8;8,21;21,39
5,8;8,23;23,5
5,8;8,23;23,39
5,8;8,24;24,5
5,8;8,24;24,39
5,8;8,25;25,5
5,8;8,25;25,39
5,8;8,26;26,5
5,8;8,26;26,39
5,8;8,27;27,5
5,8;8,27;27,39
5,8;8,28;28,5
5,8;8,28;28,39
5,8;8,29;29,5
5,8;8,29;29,39
5,8;8,30;30,5
5,8;8,30;30,39
5,8;8,31;31,5
5,8;8,31;31,39
5,8;8,32;32,5
5,8;8,32;32,39
5,8;8,33;33,5
5,8;8,33;33,39
5,8;8,34;34,5
5,8;8,34;34,39
5,8;8,35;35,5
5,8;8,35;35,39
5,9;9,10;10,5
5,9;9,10;10,39
5,9;9,11;11,5
5,9;9,11;11,39
5,9;9,12;12,5
5,9;9,12;12,39
5,9;9,13;13,5
5,9;9,13;13,39
5,9;9,14;14,5
5,9;9,14;14,39
5,9;9,15;15,5
5,9;9,15;15,39
5,9;9,16;16,5
5,9;9,16;16,39
5,9;9,17;17,5
5,9;9,17;17,39
5,9;9,18;18,5
5,9;9,18;18,39
5,9;9,19;19,5
5,9;9,19;19,39
5,9;9,20;20,5
5,9;9,20;20,39
5,9;9,21;21,5
5,9;9,21;21,39
5,9;9,23;23,5
5,9;9,23;23,39
5,9;9,24;24,5
5,9;9,24;24,39
5,9;9,25;25,5
5,9;9,25;25,39
5,9;9,26;26,5
5,9;9,26;26,39
5,9;9,27;27,5
5,9;9,27;27,39
5,9;9,28;28,5
5,9;9,28;28,39
5,9;9,29;29,5
5,9;9,29;29,39
5,9;9,30;30,5
5,9;9,30;30,39
5,9;9,31;31,5
5,9;9,31;31,39
5,9;9,32;32,5
5,9;9,32;32,39
5,9;9,33;33,5
5,9;9,33;33,39
5,9;9,34;34,5
5,9;9,34;34,39
5,10;10,11;11,5
5,10;10,11;11,39
5,10;10,12;12,5
5,10;10,12;12,39
5,10;10,13;13,5
5,10;10,13;13,39
5,10;10,14;14,5
5,10;10,14;14,39
5,10;10,15;15,5
5,10;10,15;15,39
5,10;10,16;16,5
5,10;10,16;16,39
5,10;10,17;17,5
5,10;10,17;17,39
5,10;10,18;18,5
5,10;10,18;18,39
5,10;10,19;19,5
5,10;10,19;19,39
5,10;10,20;20,5
5,10;10,20;20,39
5,10;10,21;21,5
5,10;10,21;21,39
5,10;10,23;23,5
5,10;10,23;23,39
5,10;10,24;24,5
5,10;10,24;24,39
5,10;10,25;25,5
5,10;10,25;25,39
5,10;10,26;26,5
5,10;10,26;26,39
5,10;10,27;27,5
5,10;10,27;27,39
5,10;10,28;28,5
5,10;10,28;28,39
5,10;10,29;29,5
5,10;10,29;29,39
5,10;10,30;30,5
5,10;10,30;30,39
5,10;10,31;31,5
5,10;10,31;31,39
5,10;10,32;32,5
5,10;10,32;32,39
5,10;10,33;33,5
5,10;10,33;33,39
5,11;11,12;12,5
5,11;11,12;12,39
5,11;11,13;13,5
5,11;11,13;13,39
5,11;11,14;14,5
5,11;11,14;14,39
5,11;11,15;15,5
5,11;11,15;15,39
5,11;11,16;16,5
5,11;11,16;16,39
5,11;11,17;17,5
5,11;11,17;17,39
5,11;11,18;18,5
5,11;11,18;18,39
5,11;11,19;19,5
5,11;11,19;19,39
5,11;11,20;20,5
5,11;11,20;20,39
5,11;11,21;21,5
5,11;11,21;21,39
5,11;11,23;23,5
5,11;11,23;23,39
5,11;11,24;24,5
5,11;11,24;24,39
5,11;11,25;25,5
5,11;11,25;25,39
5,11;11,26;26,5
5,11;11,26;26,39
5,11;11,27;27,5
5,11;11,27;27,39
5,11;11,28;28,5
5,11;11,28;28,39
5,11;11,29;29,5
5,11;11,29;29,39
5,11;11,30;30,5
5,11;11,30;30,39
5,11;11,31;31,5
5,11;11,31;31,39
5,11;11,32;32,5
5,11;11,32;32,39
5,12;12,13;13,5
5,12;12,13;13,39
5,12;12,14;14,5
5,12;12,14;14,39
5,12;12,15;15,5
5,12;12,15;15,39
5,12;12,16;16,5
5,12;12,16;16,39
5,12;12,17;17,5
5,12;12,17;17,39
5,12;12,18;18,5
5,12;12,18;18,39
5,12;12,19;19,5
5,12;12,19;19,39
5,12;12,20;20,5
5,12;12,20;20,39
5,12;12,21;21,5
5,12;12,21;21,39
5,12;12,23;23,5
5,12;12,23;23,39
5,12;12,24;24,5
5,12;12,24;24,39
5,12;12,25;25,5
5,12;12,25;25,39
5,12;12,26;26,5
5,12;12,26;26,39
5,12;12,27;27,5
5,12;12,27;27,39
5,12;12,28;28,5
5,12;12,28;28,39
5,12;12,29;29,5
5,12;12,29;29,39
5,12;12,30;30,5
5,12;12,30;30,39
5,12;12,31;31,5
5,12;12,31;31,39
5,13;13,14;14,5
5,13;13,14;14,39
5,13;13,15;15,5
5,13;13,15;15,39
5,13;13,16;16,5
5,13;13,16;16,39
5,13;13,17;17,5
5,13;13,17;17,39
5,13;13,18;18,5
5,13;13,18;18,39
5,13;13,19;19,5
5,13;13,19;19,39
5,13;13,20;20,5
5,13;13,20;20,39
5,13;13,21;21,5
5,13;13,21;21,39
5,13;13,23;23,5
5,13;13,23;23,39
5,13;13,24;24,5
5,13;13,24;24,39
5,13;13,25;25,5
5,13;13,25;25,39
5,13;13,26;26,5
5,13;13,26;26,39
5,13;13,27;27,5
5,13;13,27;27,39
5,13;13,28;28,5
5,13;13,28;28,39
5,13;13,29;29,5
5,13;13,29;29,39
5,13;13,30;30,5
5,13;13,30;30,39
5,14;14,15;15,5
5,14;14,15;15,39
5,14;14,16;16,5
5,14;14,16;16,39
5,14;14,17;17,5
5,14;14,17;17,39
5,14;14,18;18,5
5,14;14,18;18,39
5,14;14,19;19,5
5,14;14,19;19,39
5,14;14,20;20,5
5,14;14,20;20,39
5,14;14,21;21,5
5,14;14,21;21,39
5,14;14,23;23,5
5,14;14,23;23,39
5,14;14,24;24,5
5,14;14,24;24,39
5,14;14,25;25,5
5,14;14,25;25,39
5,14;14,26;26,5
5,14;14,26;26,39
5,14;14,27;27,5
5,14;14,27;27,39
5,14;14,28;28,5
5,14;14,28;28,39
5,14;14,29;29,5
5,14;14,29;29,39
5,15;15,16;16,5
5,15;15,16;16,39
5,15;15,17;17,5
5,15;15,17;17,39
5,15;15,18;18,5
5,15;15,18;18,39
5,15;15,19;19,5
5,15;15,19;19,39
5,15;15,20;20,5
5,15;15,20;20,39
5,15;15,21;21,5
5,15;15,21;21,39
5,15;15,23;23,5
5,15;15,23;23,39
5,15;15,24;24,5
5,15;15,24;24,39
5,15;15,25;25,5
5,15;15,25;25,39
5,15;15,26;26,5
5,15;15,26;26,39
5,15;15,27;27,5
5,15;15,27;27,39
5,15;15,28;28,5
5,15;15,28;28,39
5,16;16,17;17,5
5,16;16,17;17,39
5,16;16,18;18,5
5,16;16,18;18,39
5,16;16,19;19,5
5,16;16,19;19,39
5,16;16,20;20,5
5,16;16,20;20,39
5,16;16,21;21,5
5,16;16,21;21,39
5,16;16,23;23,5
5,16;16,23;23,39
5,16;16,24;24,5
5,16;16,24;24,39
5,16;16,25;25,5
5,16;16,25;25,39
5,16;16,26;26,5
5,16;16,26;26,39
5,16;16,27;27,5
5,16;16,27;27,39
5,17;17,18;18,5
5,17;17,18;18,39
5,17;17,19;19,5
5,17;17,19;19,39
5,17;17,20;20,5
5,17;17,20;20,39
5,17;17,21;21,5
5,17;17,21;21,39
5,17;17,23;23,5
5,17;17,23;23,39
5,17;17,24;24,5
5,17;17,24;24,39
5,17;17,25;25,5
5,17;17,25;25,39
5,17;17,26;26,5
5,17;17,26;26,39
5,18;18,19;19,5
5,18;18,19;19,39
5,18;18,20;20,5
5,18;18,20;20,39
5,18;18,21;21,5
5,18;18,21;21,39
5,18;18,23;23,5
5,18;18,23;23,39
5,18;18,24;24,5
5,18;18,24;24,39
5,18;18,25;25,5
5,18;18,25;25,39
5,19;19,20;20,5
5,19;19,20;20,39
5,19;19,21;21,5
5,19;19,21;21,39
5,19;19,23;23,5
5,19;19,23;23,39
5,19;19,24;24,5
5,19;19,24;24,39
5,20;20,21;21,5
5,20;20,21;21,39
5,20;20,23;23,5
5,20;20,23;23,39
6,7;7,8;8,6
6,7;7,8;8,38
6,7;7,9;9,6
6,7;7,9;9,38
6,7;7,10;10,6
6,7;7,10;10,38
6,7;7,11;11,6
6,7;7,11;11,38
6,7;7,12;12,6
6,7;7,12;12,38
6,7;7,13;13,6
6,7;7,13;13,38
6,7;7,14;14,6
6,7;7,14;14,38
6,7;7,15;15,6
6,7;7,15;15,38
6,7;7,16;16,6
6,7;7,16;16,38
6,7;7,17;17,6
6,7;7,17;17,38
6,7;7,18;18,6
6,7;7,18;18,38
6,7;7,19;19,6
6,7;7,19;19,38
6,7;7,20;20,6
6,7;7,20;20,38
6,7;7,21;21,6
6,7;7,21;21,38
6,7;7,23;23,6
6,7;7,23;23,38
6,7;7,24;24,6
6,7;7,24;24,38
6,7;7,25;25,6
6,7;7,25;25,38
6,7;7,26;26,6
6,7;7,26;26,38
6,7;7,27;27,6
6,7;7,27;27,38
6,7;7,28;28,6
6,7;7,28;28,38
6,7;7,29;29,6
6,7;7,29;29,38
6,7;7,30;30,6
6,7;7,30;30,38
6,7;7,31;31,6
6,7;7,31;31,38
6,7;7,32;32,6
6,7;7,32;32,38
6,7;7,33;33,6
6,7;7,33;33,38
6,7;7,34;34,6
6,7;7,34;34,38
6,7;7,35;35,6
6,7;7,35;35,38
6,7;7,36;36,6
6,7;7,36;36,38
6,8;8,9;9,6
6,8;8,9;9,38
6,8;8,10;10,6
6,8;8,10;10,38
6,8;8,11;11,6
6,8;8,11;11,38
6,8;8,12;12,6
6,8;8,12;12,38
6,8;8,13;13,6
6,8;8,13;13,38
6,8;8,14;14,6
6,8;8,14;14,38
6,8;8,15;15,6
6,8;8,15;15,38
6,8;8,16;16,6
6,8;8,16;16,38
6,8;8,17;17,6
6,8;8,17;17,38
6,8;8,18;18,6
6,8;8,18;18,38
6,8;8,19;19,6
6,8;8,19;19,38
6,8;8,20;20,6
6,8;8,20;20,38
6,8;8,21;21,6
6,8;8,21;21,38
6,8;8,23;23,6
6,8;8,23;23,38
6,8;8,24;24,6
6,8;8,24;24,38
6,8;8,25;25,6
6,8;8,25;25,38
6,8;8,26;26,6
6,8;8,26;26,38
6,8;8,27;27,6
6,8;8,27;27,38
6,8;8,28;28,6
6,8;8,28;28,38
6,8;8,29;29,6
6,8;8,29;29,38
6,8;8,30;30,6
6,8;8,30;30,38
6,8;8,31;31,6
6,8;8,31;31,38
6,8;8,32;32,6
6,8;8,32;32,38
6,8;8,33;33,6
6,8;8,33;33,38
6,8;8,34;34,6
6,8;8,34;34,38
6,8;8,35;35,6
6,8;8,35;35,38
6,9;9,10;10,6
6,9;9,10;10,38
6,9;9,11;11,6
6,9;9,11;11,38
6,9;9,12;12,6
6,9;9,12;12,38
6,9;9,13;13,6
6,9;9,13;13,38
6,9;9,14;14,6
6,9;9,14;14,38
6,9;9,15;15,6
6,9;9,15;15,38
6,9;9,16;16,6
6,9;9,16;16,38
6,9;9,17;17,6
6,9;9,17;17,38
6,9;9,18;18,6
6,9;9,18;18,38
6,9;9,19;19,6
6,9;9,19;19,38
6,9;9,20;20,6
6,9;9,20;20,38
6,9;9,21;21,6
6,9;9,21;21,38
6,9;9,23;23,6
6,9;9,23;23,38
6,9;9,24;24,6
6,9;9,24;24,38
6,9;9,25;25,6
6,9;9,25;25,38
6,9;9,26;26,6
6,9;9,26;26,38
6,9;9,27;27,6
6,9;9,27;27,38
6,9;9,28;28,6
6,9;9,28;28,38
6,9;9,29;29,6
6,9;9,29;29,38
6,9;9,30;30,6
6,9;9,30;30,38
6,9;9,31;31,6
6,9;9,31;31,38
6,9;9,32;32,6
6,9;9,32;32,38
6,9;9,33;33,6
6,9;9,33;33,38
6,9;9,34;34,6
6,9;9,34;34,38
6,10;10,11;11,6
6,10;10,11;11,38
6,10;10,12;12,6
6,10;10,12;12,38
6,10;10,13;13,6
6,10;10,13;13,38
6,10;10,14;14,6
6,10;10,14;14,38
6,10;10,15;15,6
6,10;10,15;15,38
6,10;10,16;16,6
6,10;10,16;16,38
6,10;10,17;17,6
6,10;10,17;17,38
6,10;10,18;18,6
6,10;10,18;18,38
6,10;10,19;19,6
6,10;10,19;19,38
6,10;10,20;20,6
6,10;10,20;20,38
6,10;10,21;21,6
6,10;10,21;21,38
6,10;10,23;23,6
6,10;10,23;23,38
6,10;10,24;24,6
6,10;10,24;24,38
6,10;10,25;25,6
6,10;10,25;25,38
6,10;10,26;26,6
6,10;10,26;26,38
6,10;10,27;27,6
6,10;10,27;27,38
6,10;10,28;28,6
6,10;10,28;28,38
6,10;10,29;29,6
6,10;10,29;29,38
6,10;10,30;30,6
6,10;10,30;30,38
6,10;10,31;31,6
6,10;10,31;31,38
6,10;10,32;32,6
6,10;10,32;32,38
6,10;10,33;33,6
6,10;10,33;33,38
6,11;11,12;12,6
6,11;11,12;12,38
6,11;11,13;13,6
6,11;11,13;13,38
6,11;11,14;14,6
6,11;11,14;14,38
6,11;11,15;15,6
6,11;11,15;15,38
6,11;11,16;16,6
6,11;11,16;16,38
6,11;11,17;17,6
6,11;11,17;17,38
6,11;11,18;18,6
6,11;11,18;18,38
6,11;11,19;19,6
6,11;11,19;19,38
6,11;11,20;20,6
6,11;11,20;20,38
6,11;11,21;21,6
6,11;11,21;21,38
6,11;11,23;23,6
6,11;11,23;23,38
6,11;11,24;24,6
6,11;11,24;24,38
6,11;11,25;25,6
6,11;11,25;25,38
6,11;11,26;26,6
6,11;11,26;26,38
6,11;11,27;27,6
6,11;11,27;27,38
6,11;11,28;28,6
6,11;11,28;28,38
6,11;11,29;29,6
6,11;11,29;29,38
6,11;11,30;30,6
6,11;11,30;30,38
6,11;11,31;31,6
6,11;11,31;31,38
6,11;11,32;32,6
6,11;11,32;32,38
6,12;12,13;13,6
6,12;12,13;13,38
6,12;12,14;14,6
6,12;12,14;14,38
6,12;12,15;15,6
6,12;12,15;15,38
6,12;12,16;16,6
6,12;12,16;16,38
6,12;12,17;17,6
6,12;12,17;17,38
6,12;12,18;18,6
6,12;12,18;18,38
6,12;12,19;19,6
6,12;12,19;19,38
6,12;12,20;20,6
6,12;12,20;20,38
6,12;12,21;21,6
6,12;12,21;21,38
6,12;12,23;23,6
6,12;12,23;23,38
6,12;12,24;24,6
6,12;12,24;24,38
6,12;12,25;25,6
6,12;12,25;25,38
6,12;12,26;26,6
6,12;12,26;26,38
6,12;12,27;27,6
6,12;12,27;27,38
6,12;12,28;28,6
6,12;12,28;28,38
6,12;12,29;29,6
6,12;12,29;29,38
6,12;12,30;30,6
6,12;12,30;30,38
6,12;12,31;31,6
6,12;12,31;31,38
6,13;13,14;14,6
6,13;13,14;14,38
6,13;13,15;15,6
6,13;13,15;15,38
6,13;13,16;16,6
6,13;13,16;16,38
6,13;13,17;17,6
6,13;13,17;17,38
6,13;13,18;18,6
6,13;13,18;18,38
6,13;13,19;19,6
6,13;13,19;19,38
6,13;13,20;20,6
6,13;13,20;20,38
6,13;13,21;21,6
6,13;13,21;21,38
6,13;13,23;23,6
6,13;13,23;23,38
6,13;13,24;24,6
6,13;13,24;24,38
6,13;13,25;25,6
6,13;13,25;25,38
6,13;13,26;26,6
6,13;13,26;26,38
6,13;13,27;27,6
6,13;13,27;27,38
6,13;13,28;28,6
6,13;13,28;28,38
6,13;13,29;29,6
6,13;13,29;29,38
6,13;13,30;30,6
6,13;13,30;30,38
6,14;14,15;15,6
6,14;14,15;15,38
6,14;14,16;16,6
6,14;14,16;16,38
6,14;14,17;17,6
6,14;14,17;17,38
6,14;14,18;18,6
6,14;14,18;18,38
6,14;14,19;19,6
6,14;14,19;19,38
6,14;14,20;20,6
6,14;14,20;20,38
6,14;14,21;21,6
6,14;14,21;21,38
6,14;14,23;23,6
6,14;14,23;23,38
6,14;14,24;24,6
6,14;14,24;24,38
6,14;14,25;25,6
6,14;14,25;25,38
6,14;14,26;26,6
6,14;14,26;26,38
6,14;14,27;27,6
6,14;14,27;27,38
6,14;14,28;28,6
6,14;14,28;28,38
6,14;14,29;29,6
6,14;14,29;29,38
6,15;15,16;16,6
6,15;15,16;16,38
6,15;15,17;17,6
6,15;15,17;17,38
6,15;15,18;18,6
6,15;15,18;18,38
6,15;15,19;19,6
6,15;15,19;19,38
6,15;15,20;20,6
6,15;15,20;20,38
6,15;15,21;21,6
6,15;15,21;21,38
6,15;15,23;23,6
6,15;15,23;23,38
6,15;15,24;24,6
6,15;15,24;24,38
6,15;15,25;25,6
6,15;15,25;25,38
6,15;15,26;26,6
6,15;15,26;26,38
6,15;15,27;27,6
6,15;15,27;27,38
6,15;15,28;28,6
6,15;15,28;28,38
6,16;16,17;17,6
6,16;16,17;17,38
6,16;16,18;18,6
6,16;16,18;18,38
6,16;16,19;19,6
6,16;16,19;19,38
6,16;16,20;20,6
6,16;16,20;20,38
6,16;16,21;21,6
6,16;16,21;21,38
6,16;16,23;23,6
6,16;16,23;23,38
6,16;16,24;24,6
6,16;16,24;24,38
6,16;16,25;25,6
6,16;16,25;25,38
6,16;16,26;26,6
6,16;16,26;26,38
6,16;16,27;27,6
6,16;16,27;27,38
6,17;17,18;18,6
6,17;17,18;18,38
6,17;17,19;19,6
6,17;17,19;19,38
6,17;17,20;20,6
6,17;17,20;20,38
6,17;17,21;21,6
6,17;17,21;21,38
6,17;17,23;23,6
6,17;17,23;23,38
6,17;17,24;24,6
6,17;17,24;24,38
6,17;17,25;25,6
6,17;17,25;25,38
6,17;17,26;26,6
6,17;17,26;26,38
6,18;18,19;19,6
6,18;18,19;19,38
6,18;18,20;20,6
6,18;18,20;20,38
6,18;18,21;21,6
6,18;18,21;21,38
6,18;18,23;23,6
6,18;18,23;23,38
6,18;18,24;24,6
6,18;18,24;24,38
6,18;18,25;25,6
6,18;18,25;25,38
6,19;19,20;20,6
6,19;19,20;20,38
6,19;19,21;21,6
6,19;19,21;21,38
6,19;19,23;23,6
6,19;19,23;23,38
6,19;19,24;24,6
6,19;19,24;24,38
6,20;20,21;21,6
6,20;20,21;21,38
6,20;20,23;23,6
6,20;20,23;23,38
7,8;8,9;9,7
7,8;8,9;9,37
7,8;8,10;10,7
7,8;8,10;10,37
7,8;8,11;11,7
7,8;8,11;11,37
7,8;8,12;12,7
7,8;8,12;12,37
7,8;8,13;13,7
7,8;8,13;13,37
7,8;8,14;14,7
7,8;8,14;14,37
7,8;8,15;15,7
7,8;8,15;15,37
7,8;8,16;16,7
7,8;8,16;16,37
7,8;8,17;17,7
7,8;8,17;17,37
7,8;8,18;18,7
7,8;8,18;18,37
7,8;8,19;19,7
7,8;8,19;19,37
7,8;8,20;20,7
7,8;8,20;20,37
7,8;8,21;21,7
7,8;8,21;21,37
7,8;8,23;23,7
7,8;8,23;23,37
7,8;8,24;24,7
7,8;8,24;24,37
7,8;8,25;25,7
7,8;8,25;25,37
7,8;8,26;26,7
7,8;8,26;26,37
7,8;8,27;27,7
7,8;8,27;27,37
7,8;8,28;28,7
7,8;8,28;28,37
7,8;8,29;29,7
7,8;8,29;29,37
7,8;8,30;30,7
7,8;8,30;30,37
7,8;8,31;31,7
7,8;8,31;31,37
7,8;8,32;32,7
7,8;8,32;32,37
7,8;8,33;33,7
7,8;8,33;33,37
7,8;8,34;34,7
7,8;8,34;34,37
7,8;8,35;35,7
7,8;8,35;35,37
7,9;9,10;10,7
7,9;9,10;10,37
7,9;9,11;11,7
7,9;9,11;11,37
7,9;9,12;12,7
7,9;9,12;12,37
7,9;9,13;13,7
7,9;9,13;13,37
7,9;9,14;14,7
7,9;9,14;14,37
7,9;9,15;15,7
7,9;9,15;15,37
7,9;9,16;16,7
7,9;9,16;16,37
7,9;9,17;17,7
7,9;9,17;17,37
7,9;9,18;18,7
7,9;9,18;18,37
7,9;9,19;19,7
7,9;9,19;19,37
7,9;9,20;20,7
7,9;9,20;20,37
7,9;9,21;21,7
7,9;9,21;21,37
7,9;9,23;23,7
7,9;9,23;23,37
7,9;9,24;24,7
7,9;9,24;24,37
7,9;9,25;25,7
7,9;9,25;25,37
7,9;9,26;26,7
7,9;9,26;26,37
7,9;9,27;27,7
7,9;9,27;27,37
7,9;9,28;28,7
7,9;9,28;28,37
7,9;9,29;29,7
7,9;9,29;29,37
7,9;9,30;30,7
7,9;9,30;30,37
7,9;9,31;31,7
7,9;9,31;31,37
7,9;9,32;32,7
7,9;9,32;32,37
7,9;9,33;33,7
7,9;9,33;33,37
7,9;9,34;34,7
7,9;9,34;34,37
7,10;10,11;11,7
7,10;10,11;11,37
7,10;10,12;12,7
7,10;10,12;12,37
7,10;10,13;13,7
7,10;10,13;13,37
7,10;10,14;14,7
7,10;10,14;14,37
7,10;10,15;15,7
7,10;10,15;15,37
7,10;10,16;16,7
7,10;10,16;16,37
7,10;10,17;17,7
7,10;10,17;17,37
7,10;10,18;18,7
7,10;10,18;18,37
7,10;10,19;19,7
7,10;10,19;19,37
7,10;10,20;20,7
7,10;10,20;20,37
7,10;10,21;21,7
7,10;10,21;21,37
7,10;10,23;23,7
7,10;10,23;23,37
7,10;10,24;24,7
7,10;10,24;24,37
7,10;10,25;25,7
7,10;10,25;25,37
7,10;10,26;26,7
7,10;10,26;26,37
7,10;10,27;27,7
7,10;10,27;27,37
7,10;10,28;28,7
7,10;10,28;28,37
7,10;10,29;29,7
7,10;10,29;29,37
7,10;10,30;30,7
7,10;10,30;30,37
7,10;10,31;31,7
7,10;10,31;31,37
7,10;10,32;32,7
7,10;10,32;32,37
7,10;10,33;33,7
7,10;10,33;33,37
7,11;11,12;12,7
7,11;11,12;12,37
7,11;11,13;13,7
7,11;11,13;13,37
7,11;11,14;14,7
7,11;11,14;14,37
7,11;11,15;15,7
7,11;11,15;15,37
7,11;11,16;16,7
7,11;11,16;16,37
7,11;11,17;17,7
7,11;11,17;17,37
7,11;11,18;18,7
7,11;11,18;18,37
7,11;11,19;19,7
7,11;11,19;19,37
7,11;11,20;20,7
7,11;11,20;20,37
7,11;11,21;21,7
7,11;11,21;21,37
7,11;11,23;23,7
7,11;11,23;23,37
7,11;11,24;24,7
7,11;11,24;24,37
7,11;11,25;25,7
7,11;11,25;25,37
7,11;11,26;26,7
7,11;11,26;26,37
7,11;11,27;27,7
7,11;11,27;27,37
7,11;11,28;28,7
7,11;11,28;28,37
7,11;11,29;29,7
7,11;11,29;29,37
7,11;11,30;30,7
7,11;11,30;30,37
7,11;11,31;31,7
7,11;11,31;31,37
7,11;11,32;32,7
7,11;11,32;32,37
7,12;12,13;13,7
7,12;12,13;13,37
7,12;12,14;14,7
7,12;12,14;14,37
7,12;12,15;15,7
7,12;12,15;15,37
7,12;12,16;16,7
7,12;12,16;16,37
7,12;12,17;17,7
7,12;12,17;17,37
7,12;12,18;18,7
7,12;12,18;18,37
7,12;12,19;19,7
7,12;12,19;19,37
7,12;12,20;20,7
7,12;12,20;20,37
7,12;12,21;21,7
7,12;12,21;21,37
7,12;12,23;23,7
7,12;12,23;23,37
7,12;12,24;24,7
7,12;12,24;24,37
7,12;12,25;25,7
7,12;12,25;25,37
7,12;12,26;26,7
7,12;12,26;26,37
7,12;12,27;27,7
7,12;12,27;27,37
7,12;12,28;28,7
7,12;12,28;28,37
7,12;12,29;29,7
7,12;12,29;29,37
7,12;12,30;30,7
7,12;12,30;30,37
7,12;12,31;31,7
7,12;12,31;31,37
7,13;13,14;14,7
7,13;13,14;14,37
7,13;13,15;15,7
7,13;13,15;15,37
7,13;13,16;16,7
7,13;13,16;16,37
7,13;13,17;17,7
7,13;13,17;17,37
7,13;13,18;18,7
7,13;13,18;18,37
7,13;13,19;19,7
7,13;13,19;19,37
7,13;13,20;20,7
7,13;13,20;20,37
7,13;13,21;21,7
7,13;13,21;21,37
7,13;13,23;23,7
7,13;13,23;23,37
7,13;13,24;24,7
7,13;13,24;24,37
7,13;13,25;25,7
7,13;13,25;25,37
7,13;13,26;26,7
7,13;13,26;26,37
7,13;13,27;27,7
7,13;13,27;27,37
7,13;13,28;28,7
7,13;13,28;28,37
7,13;13,29;29,7
7,13;13,29;29,37
7,13;13,30;30,7
7,13;13,30;30,37
7,14;14,15;15,7
7,14;14,15;15,37
7,14;14,16;16,7
7,14;14,16;16,37
7,14;14,17;17,7
7,14;14,17;17,37
7,14;14,18;18,7
7,14;14,18;18,37
7,14;14,19;19,7
7,14;14,19;19,37
7,14;14,20;20,7
7,14;14,20;20,37
7,14;14,21;21,7
7,14;14,21;21,37
7,14;14,23;23,7
7,14;14,23;23,37
7,14;14,24;24,7
7,14;14,24;24,37
7,14;14,25;25,7
7,14;14,25;25,37
7,14;14,26;26,7
7,14;14,26;26,37
7,14;14,27;27,7
7,14;14,27;27,37
7,14;14,28;28,7
7,14;14,28;28,37
7,14;14,29;29,7
7,14;14,29;29,37
7,15;15,16;16,7
7,15;15,16;16,37
7,15;15,17;17,7
7,15;15,17;17,37
7,15;15,18;18,7
7,15;15,18;18,37
7,15;15,19;19,7
7,15;15,19;19,37
7,15;15,20;20,7
7,15;15,20;20,37
7,15;15,21;21,7
7,15;15,21;21,37
7,15;15,23;23,7
7,15;15,23;23,37
7,15;15,24;24,7
7,15;15,24;24,37
7,15;15,25;25,7
7,15;15,25;25,37
7,15;15,26;26,7
7,15;15,26;26,37
7,15;15,27;27,7
7,15;15,27;27,37
7,15;15,28;28,7
7,15;15,28;28,37
7,16;16,17;17,7
7,16;16,17;17,37
7,16;16,18;18,7
7,16;16,18;18,37
7,16;16,19;19,7
7,16;16,19;19,37
7,16;16,20;20,7
7,16;16,20;20,37
7,16;16,21;21,7
7,16;16,21;21,37
7,16;16,23;23,7
7,16;16,23;23,37
7,16;16,24;24,7
7,16;16,24;24,37
7,16;16,25;25,7
7,16;16,25;25,37
7,16;16,26;26,7
7,16;16,26;26,37
7,16;16,27;27,7
7,16;16,27;27,37
7,17;17,18;18,7
7,17;17,18;18,37
7,17;17,19;19,7
7,17;17,19;19,37
7,17;17,20;20,7
7,17;17,20;20,37
7,17;17,21;21,7
7,17;17,21;21,37
7,17;17,23;23,7
7,17;17,23;23,37
7,17;17,24;24,7
7,17;17,24;24,37
7,17;17,25;25,7
7,17;17,25;25,37
7,17;17,26;26,7
7,17;17,26;26,37
7,18;18,19;19,7
7,18;18,19;19,37
7,18;18,20;20,7
7,18;18,20;20,37
7,18;18,21;21,7
7,18;18,21;21,37
7,18;18,23;23,7
7,18;18,23;23,37
7,18;18,24;24,7
7,18;18,24;24,37
7,18;18,25;25,7
7,18;18,25;25,37
7,19;19,20;20,7
7,19;19,20;20,37
7,19;19,21;21,7
7,19;19,21;21,37
7,19;19,23;23,7
7,19;19,23;23,37
7,19;19,24;24,7
7,19;19,24;24,37
7,20;20,21;21,7
7,20;20,21;21,37
7,20;20,23;23,7
7,20;20,23;23,37
8,9;9,10;10,8
8,9;9,10;10,36
8,9;9,11;11,8
8,9;9,11;11,36
8,9;9,12;12,8
8,9;9,12;12,36
8,9;9,13;13,8
8,9;9,13;13,36
8,9;9,14;14,8
8,9;9,14;14,36
8,9;9,15;15,8
8,9;9,15;15,36
8,9;9,16;16,8
8,9;9,16;16,36
8,9;9,17;17,8
8,9;9,17;17,36
8,9;9,18;18,8
8,9;9,18;18,36
8,9;9,19;19,8
8,9;9,19;19,36
8,9;9,20;20,8
8,9;9,20;20,36
8,9;9,21;21,8
8,9;9,21;21,36
8,9;9,23;23,8
8,9;9,23;23,36
8,9;9,24;24,8
8,9;9,24;24,36
8,9;9,25;25,8
8,9;9,25;25,36
8,9;9,26;26,8
8,9;9,26;26,36
8,9;9,27;27,8
8,9;9,27;27,36
8,9;9,28;28,8
8,9;9,28;28,36
8,9;9,29;29,8
8,9;9,29;29,36
8,9;9,30;30,8
8,9;9,30;30,36
8,9;9,31;31,8
8,9;9,31;31,36
8,9;9,32;32,8
8,9;9,32;32,36
8,9;9,33;33,8
8,9;9,33;33,36
8,9;9,34;34,8
8,9;9,34;34,36
8,10;10,11;11,8
8,10;10,11;11,36
8,10;10,12;12,8
8,10;10,12;12,36
8,10;10,13;13,8
8,10;10,13;13,36
8,10;10,14;14,8
8,10;10,14;14,36
8,10;10,15;15,8
8,10;10,15;15,36
8,10;10,16;16,8
8,10;10,16;16,36
8,10;10,17;17,8
8,10;10,17;17,36
8,10;10,18;18,8
8,10;10,18;18,36
8,10;10,19;19,8
8,10;10,19;19,36
8,10;10,20;20,8
8,10;10,20;20,36
8,10;10,21;21,8
8,10;10,21;21,36
8,10;10,23;23,8
8,10;10,23;23,36
8,10;10,24;24,8
8,10;10,24;24,36
8,10;10,25;25,8
8,10;10,25;25,36
8,10;10,26;26,8
8,10;10,26;26,36
8,10;10,27;27,8
8,10;10,27;27,36
8,10;10,28;28,8
8,10;10,28;28,36
8,10;10,29;29,8
8,10;10,29;29,36
8,10;10,30;30,8
8,10;10,30;30,36
8,10;10,31;31,8
8,10;10,31;31,36
8,10;10,32;32,8
8,10;10,32;32,36
8,10;10,33;33,8
8,10;10,33;33,36
8,11;11,12;12,8
8,11;11,12;12,36
8,11;11,13;13,8
8,11;11,13;13,36
8,11;11,14;14,8
8,11;11,14;14,36
8,11;11,15;15,8
8,11;11,15;15,36
8,11;11,16;16,8
8,11;11,16;16,36
8,11;11,17;17,8
8,11;11,17;17,36
8,11;11,18;18,8
8,11;11,18;18,36
8,11;11,19;19,8
8,11;11,19;19,36
8,11;11,20;20,8
8,11;11,20;20,36
8,11;11,21;21,8
8,11;11,21;21,36
8,11;11,23;23,8
8,11;11,23;23,36
8,11;11,24;24,8
8,11;11,24;24,36
8,11;11,25;25,8
8,11;11,25;25,36
8,11;11,26;26,8
8,11;11,26;26,36
8,11;11,27;27,8
8,11;11,27;27,36
8,11;11,28;28,8
8,11;11,28;28,36
8,11;11,29;29,8
8,11;11,29;29,36
8,11;11,30;30,8
8,11;11,30;30,36
8,11;11,31;31,8
8,11;11,31;31,36
8,11;11,32;32,8
8,11;11,32;32,36
8,12;12,13;13,8
8,12;12,13;13,36
8,12;12,14;14,8
8,12;12,14;14,36
8,12;12,15;15,8
8,12;12,15;15,36
8,12;12,16;16,8
8,12;12,16;16,36
8,12;12,17;17,8
8,12;12,17;17,36
8,12;12,18;18,8
8,12;12,18;18,36
8,12;12,19;19,8
8,12;12,19;19,36
8,12;12,20;20,8
8,12;12,20;20,36
8,12;12,21;21,8
8,12;12,21;21,36
8,12;12,23;23,8
8,12;12,23;23,36
8,12;12,24;24,8
8,12;12,24;24,36
8,12;12,25;25,8
8,12;12,25;25,36
8,12;12,26;26,8
8,12;12,26;26,36
8,12;12,27;27,8
8,12;12,27;27,36
8,12;12,28;28,8
8,12;12,28;28,36
8,12;12,29;29,8
8,12;12,29;29,36
8,12;12,30;30,8
8,12;12,30;30,36
8,12;12,31;31,8
8,12;12,31;31,36
8,13;13,14;14,8
8,13;13,14;14,36
8,13;13,15;15,8
8,13;13,15;15,36
8,13;13,16;16,8
8,13;13,16;16,36
8,13;13,17;17,8
8,13;13,17;17,36
8,13;13,18;18,8
8,13;13,18;18,36
8,13;13,19;19,8
8,13;13,19;19,36
8,13;13,20;20,8
8,13;13,20;20,36
8,13;13,21;21,8
8,13;13,21;21,36
8,13;13,23;23,8
8,13;13,23;23,36
8,13;13,24;24,8
8,13;13,24;24,36
8,13;13,25;25,8
8,13;13,25;25,36
8,13;13,26;26,8
8,13;13,26;26,36
8,13;13,27;27,8
8,13;13,27;27,36
8,13;13,28;28,8
8,13;13,28;28,36
8,13;13,29;29,8
8,13;13,29;29,36
8,13;13,30;30,8
8,13;13,30;30,36
8,14;14,15;15,8
8,14;14,15;15,36
8,14;14,16;16,8
8,14;14,16;16,36
8,14;14,17;17,8
8,14;14,17;17,36
8,14;14,18;18,8
8,14;14,18;18,36
8,14;14,19;19,8
8,14;14,19;19,36
8,14;14,20;20,8
8,14;14,20;20,36
8,14;14,21;21,8
8,14;14,21;21,36
8,14;14,23;23,8
8,14;14,23;23,36
8,14;14,24;24,8
8,14;14,24;24,36
8,14;14,25;25,8
8,14;14,25;25,36
8,14;14,26;26,8
8,14;14,26;26,36
8,14;14,27;27,8
8,14;14,27;27,36
8,14;14,28;28,8
8,14;14,28;28,36
8,14;14,29;29,8
8,14;14,29;29,36
8,15;15,16;16,8
8,15;15,16;16,36
8,15;15,17;17,8
8,15;15,17;17,36
8,15;15,18;18,8
8,15;15,18;18,36
8,15;15,19;19,8
8,15;15,19;19,36
8,15;15,20;20,8
8,15;15,20;20,36
8,15;15,21;21,8
8,15;15,21;21,36
8,15;15,23;23,8
8,15;15,23;23,36
8,15;15,24;24,8
8,15;15,24;24,36
8,15;15,25;25,8
8,15;15,25;25,36
8,15;15,26;26,8
8,15;15,26;26,36
8,15;15,27;27,8
8,15;15,27;27,36
8,15;15,28;28,8
8,15;15,28;28,36
8,16;16,17;17,8
8,16;16,17;17,36
8,16;16,18;18,8
8,16;16,18;18,36
8,16;16,19;19,8
8,16;16,19;19,36
8,16;16,20;20,8
8,16;16,20;20,36
8,16;16,21;21,8
8,16;16,21;21,36
8,16;16,23;23,8
8,16;16,23;23,36
8,16;16,24;24,8
8,16;16,24;24,36
8,16;16,25;25,8
8,16;16,25;25,36
8,16;16,26;26,8
8,16;16,26;26,36
8,16;16,27;27,8
8,16;16,27;27,36
8,17;17,18;18,8
8,17;17,18;18,36
8,17;17,19;19,8
8,17;17,19;19,36
8,17;17,20;20,8
8,17;17,20;20,36
8,17;17,21;21,8
8,17;17,21;21,36
8,17;17,23;23,8
8,17;17,23;23,36
8,17;17,24;24,8
8,17;17,24;24,36
8,17;17,25;25,8
8,17;17,25;25,36
8,17;17,26;26,8
8,17;17,26;26,36
8,18;18,19;19,8
8,18;18,19;19,36
8,18;18,20;20,8
8,18;18,20;20,36
8,18;18,21;21,8
8,18;18,21;21,36
8,18;18,23;23,8
8,18;18,23;23,36
8,18;18,24;24,8
8,18;18,24;24,36
8,18;18,25;25,8
8,18;18,25;25,36
8,19;19,20;20,8
8,19;19,20;20,36
8,19;19,21;21,8
8,19;19,21;21,36
8,19;19,23;23,8
8,19;19,23;23,36
8,19;19,24;24,8
8,19;19,24;24,36
8,20;20,21;21,8
8,20;20,21;21,36
8,20;20,23;23,8
8,20;20,23;23,36
9,10;10,11;11,9
9,10;10,11;11,35
9,10;10,12;12,9
9,10;10,12;12,35
9,10;10,13;13,9
9,10;10,13;13,35
9,10;10,14;14,9
9,10;10,14;14,35
9,10;10,15;15,9
9,10;10,15;15,35
9,10;10,16;16,9
9,10;10,16;16,35
9,10;10,17;17,9
9,10;10,17;17,35
9,10;10,18;18,9
9,10;10,18;18,35
9,10;10,19;19,9
9,10;10,19;19,35
9,10;10,20;20,9
9,10;10,20;20,35
9,10;10,21;21,9
9,10;10,21;21,35
9,10;10,23;23,9
9,10;10,23;23,35
9,10;10,24;24,9
9,10;10,24;24,35
9,10;10,25;25,9
9,10;10,25;25,35
9,10;10,26;26,9
9,10;10,26;26,35
9,10;10,27;27,9
9,10;10,27;27,35
9,10;10,28;28,9
9,10;10,28;28,35
9,10;10,29;29,9
9,10;10,29;29,35
9,10;10,30;30,9
9,10;10,30;30,35
9,10;10,31;31,9
9,10;10,31;31,35
9,10;10,32;32,9
9,10;10,32;32,35
9,10;10,33;33,9
9,10;10,33;33,35
9,11;11,12;12,9
9,11;11,12;12,35
9,11;11,13;13,9
9,11;11,13;13,35
9,11;11,14;14,9
9,11;11,14;14,35
9,11;11,15;15,9
9,11;11,15;15,35
9,11;11,16;16,9
9,11;11,16;16,35
9,11;11,17;17,9
9,11;11,17;17,35
9,11;11,18;18,9
9,11;11,18;18,35
9,11;11,19;19,9
9,11;11,19;19,35
9,11;11,20;20,9
9,11;11,20;20,35
9,11;11,21;21,9
9,11;11,21;21,35
9,11;11,23;23,9
9,11;11,23;23,35
9,11;11,24;24,9
9,11;11,24;24,35
9,11;11,25;25,9
9,11;11,25;25,35
9,11;11,26;26,9
9,11;11,26;26,35
9,11;11,27;27,9
9,11;11,27;27,35
9,11;11,28;28,9
9,11;11,28;28,35
9,11;11,29;29,9
9,11;11,29;29,35
9,11;11,30;30,9
9,11;11,30;30,35
9,11;11,31;31,9
9,11;11,31;31,35
9,11;11,32;32,9
9,11;11,32;32,35
9,12;12,13;13,9
9,12;12,13;13,35
9,12;12,14;14,9
9,12;12,14;14,35
9,12;12,15;15,9
9,12;12,15;15,35
9,12;12,16;16,9
9,12;12,16;16,35
9,12;12,17;17,9
9,12;12,17;17,35
9,12;12,18;18,9
9,12;12,18;18,35
9,12;12,19;19,9
9,12;12,19;19,35
9,12;12,20;20,9
9,12;12,20;20,35
9,12;12,21;21,9
9,12;12,21;21,35
9,12;12,23;23,9
9,12;12,23;23,35
9,12;12,24;24,9
9,12;12,24;24,35
9,12;12,25;25,9
9,12;12,25;25,35
9,12;12,26;26,9
9,12;12,26;26,35
9,12;12,27;27,9
9,12;12,27;27,35
9,12;12,28;28,9
9,12;12,28;28,35
9,12;12,29;29,9
9,12;12,29;29,35
9,12;12,30;30,9
9,12;12,30;30,35
9,12;12,31;31,9
9,12;12,31;31,35
9,13;13,14;14,9
9,13;13,14;14,35
9,13;13,15;15,9
9,13;13,15;15,35
9,13;13,16;16,9
9,13;13,16;16,35
9,13;13,17;17,9
9,13;13,17;17,35
9,13;13,18;18,9
9,13;13,18;18,35
9,13;13,19;19,9
9,13;13,19;19,35
9,13;13,20;20,9
9,13;13,20;20,35
9,13;13,21;21,9
9,13;13,21;21,35
9,13;13,23;23,9
9,13;13,23;23,35
9,13;13,24;24,9
9,13;13,24;24,35
9,13;13,25;25,9
9,13;13,25;25,35
9,13;13,26;26,9
9,13;13,26;26,35
9,13;13,27;27,9
9,13;13,27;27,35
9,13;13,28;28,9
9,13;13,28;28,35
9,13;13,29;29,9
9,13;13,29;29,35
9,13;13,30;30,9
9,13;13,30;30,35
9,14;14,15;15,9
9,14;14,15;15,35
9,14;14,16;16,9
9,14;14,16;16,35
9,14;14,17;17,9
9,14;14,17;17,35
9,14;14,18;18,9
9,14;14,18;18,35
9,14;14,19;19,9
9,14;14,19;19,35
9,14;14,20;20,9
9,14;14,20;20,35
9,14;14,21;21,9
9,14;14,21;21,35
9,14;14,23;23,9
9,14;14,23;23,35
9,14;14,24;24,9
9,14;14,24;24,35
9,14;14,25;25,9
9,14;14,25;25,35
9,14;14,26;26,9
9,14;14,26;26,35
9,14;14,27;27,9
9,14;14,27;27,35
9,14;14,28;28,9
9,14;14,28;28,35
9,14;14,29;29,9
9,14;14,29;29,35
9,15;15,16;16,9
9,15;15,16;16,35
9,15;15,17;17,9
9,15;15,17;17,35
9,15;15,18;18,9
9,15;15,18;18,35
9,15;15,19;19,9
9,15;15,19;19,35
9,15;15,20;20,9
9,15;15,20;20,35
9,15;15,21;21,9
9,15;15,21;21,35
9,15;15,23;23,9
9,15;15,23;23,35
9,15;15,24;24,9
9,15;15,24;24,35
9,15;15,25;25,9
9,15;15,25;25,35
9,15;15,26;26,9
9,15;15,26;26,35
9,15;15,27;27,9
9,15;15,27;27,35
9,15;15,28;28,9
9,15;15,28;28,35
9,16;16,17;17,9
9,16;16,17;17,35
9,16;16,18;18,9
9,16;16,18;18,35
9,16;16,19;19,9
9,16;16,19;19,35
9,16;16,20;20,9
9,16;16,20;20,35
9,16;16,21;21,9
9,16;16,21;21,35
9,16;16,23;23,9
9,16;16,23;23,35
9,16;16,24;24,9
9,16;16,24;24,35
9,16;16,25;25,9
9,16;16,25;25,35
9,16;16,26;26,9
9,16;16,26;26,35
9,16;16,27;27,9
9,16;16,27;27,35
9,17;17,18;18,9
9,17;17,18;18,35
9,17;17,19;19,9
9,17;17,19;19,35
9,17;17,20;20,9
9,17;17,20;20,35
9,17;17,21;21,9
9,17;17,21;21,35
9,17;17,23;23,9
9,17;17,23;23,35
9,17;17,24;24,9
9,17;17,24;24,35
9,17;17,25;25,9
9,17;17,25;25,35
9,17;17,26;26,9
9,17;17,26;26,35
9,18;18,19;19,9
9,18;18,19;19,35
9,18;18,20;20,9
9,18;18,20;20,35
9,18;18,21;21,9
9,18;18,21;21,35
9,18;18,23;23,9
9,18;18,23;23,35
9,18;18,24;24,9
9,18;18,24;24,35
9,18;18,25;25,9
9,18;18,25;25,35
9,19;19,20;20,9
9,19;19,20;20,35
9,19;19,21;21,9
9,19;19,21;21,35
9,19;19,23;23,9
9,19;19,23;23,35
9,19;19,24;24,9
9,19;19,24;24,35
9,20;20,21;21,9
9,20;20,21;21,35
9,20;20,23;23,9
9,20;20,23;23,35
10,11;11,12;12,10
10,11;11,12;12,34
10,11;11,13;13,10
10,11;11,13;13,34
10,11;11,14;14,10
10,11;11,14;14,34
10,11;11,15;15,10
10,11;11,15;15,34
10,11;11,16;16,10
10,11;11,16;16,34
10,11;11,17;17,10
10,11;11,17;17,34
10,11;11,18;18,10
10,11;11,18;18,34
10,11;11,19;19,10
10,11;11,19;19,34
10,11;11,20;20,10
10,11;11,20;20,34
10,11;11,21;21,10
10,11;11,21;21,34
10,11;11,23;23,10
10,11;11,23;23,34
10,11;11,24;24,10
10,11;11,24;24,34
10,11;11,25;25,10
10,11;11,25;25,34
10,11;11,26;26,10
10,11;11,26;26,34
10,11;11,27;27,10
10,11;11,27;27,34
10,11;11,28;28,10
10,11;11,28;28,34
10,11;11,29;29,10
10,11;11,29;29,34
10,11;11,30;30,10
10,11;11,30;30,34
10,11;11,31;31,10
10,11;11,31;31,34
10,11;11,32;32,10
10,11;11,32;32,34
10,12;12,13;13,10
10,12;12,13;13,34
10,12;12,14;14,10
10,12;12,14;14,34
10,12;12,15;15,10
10,12;12,15;15,34
10,12;12,16;16,10
10,12;12,16;16,34
10,12;12,17;17,10
10,12;12,17;17,34
10,12;12,18;18,10
10,12;12,18;18,34
10,12;12,19;19,10
10,12;12,19;19,34
10,12;12,20;20,10
10,12;12,20;20,34
10,12;12,21;21,10
10,12;12,21;21,34
10,12;12,23;23,10
10,12;12,23;23,34
10,12;12,24;24,10
10,12;12,24;24,34
10,12;12,25;25,10
10,12;12,25;25,34
10,12;12,26;26,10
10,12;12,26;26,34
10,12;12,27;27,10
10,12;12,27;27,34
10,12;12,28;28,10
10,12;12,28;28,34
10,12;12,29;29,10
10,12;12,29;29,34
10,12;12,30;30,10
10,12;12,30;30,34
10,12;12,31;31,10
10,12;12,31;31,34
10,13;13,14;14,10
10,13;13,14;14,34
10,13;13,15;15,10
10,13;13,15;15,34
10,13;13,16;16,10
10,13;13,16;16,34
10,13;13,17;17,10
10,13;13,17;17,34
10,13;13,18;18,10
10,13;13,18;18,34
10,13;13,19;19,10
10,13;13,19;19,34
10,13;13,20;20,10
10,13;13,20;20,34
10,13;13,21;21,10
10,13;13,21;21,34
10,13;13,23;23,10
10,13;13,23;23,34
10,13;13,24;24,10
10,13;13,24;24,34
10,13;13,25;25,10
10,13;13,25;25,34
10,13;13,26;26,10
10,13;13,26;26,34
10,13;13,27;27,10
10,13;13,27;27,34
10,13;13,28;28,10
10,13;13,28;28,34
10,13;13,29;29,10
10,13;13,29;29,34
10,13;13,30;30,10
10,13;13,30;30,34
10,14;14,15;15,10
10,14;14,15;15,34
10,14;14,16;16,10
10,14;14,16;16,34
10,14;14,17;17,10
10,14;14,17;17,34
10,14;14,18;18,10
10,14;14,18;18,34
10,14;14,19;19,10
10,14;14,19;19,34
10,14;14,20;20,10
10,14;14,20;20,34
10,14;14,21;21,10
10,14;14,21;21,34
10,14;14,23;23,10
10,14;14,23;23,34
10,14;14,24;24,10
10,14;14,24;24,34
10,14;14,25;25,10
10,14;14,25;25,34
10,14;14,26;26,10
10,14;14,26;26,34
10,14;14,27;27,10
10,14;14,27;27,34
10,14;14,28;28,10
10,14;14,28;28,34
10,14;14,29;29,10
10,14;14,29;29,34
10,15;15,16;16,10
10,15;15,16;16,34
10,15;15,17;17,10
10,15;15,17;17,34
10,15;15,18;18,10
10,15;15,18;18,34
10,15;15,19;19,10
10,15;15,19;19,34
10,15;15,20;20,10
10,15;15,20;20,34
10,15;15,21;21,10
10,15;15,21;21,34
10,15;15,23;23,10
10,15;15,23;23,34
10,15;15,24;24,10
10,15;15,24;24,34
10,15;15,25;25,10
10,15;15,25;25,34
10,15;15,26;26,10
10,15;15,26;26,34
10,15;15,27;27,10
10,15;15,27;27,34
10,15;15,28;28,10
10,15;15,28;28,34
10,16;16,17;17,10
10,16;16,17;17,34
10,16;16,18;18,10
10,16;16,18;18,34
10,16;16,19;19,10
10,16;16,19;19,34
10,16;16,20;20,10
10,16;16,20;20,34
10,16;16,21;21,10
10,16;16,21;21,34
10,16;16,23;23,10
10,16;16,23;23,34
10,16;16,24;24,10
10,16;16,24;24,34
10,16;16,25;25,10
10,16;16,25;25,34
10,16;16,26;26,10
10,16;16,26;26,34
10,16;16,27;27,10
10,16;16,27;27,34
10,17;17,18;18,10
10,17;17,18;18,34
10,17;17,19;19,10
10,17;17,19;19,34
10,17;17,20;20,10
10,17;17,20;20,34
10,17;17,21;21,10
10,17;17,21;21,34
10,17;17,23;23,10
10,17;17,23;23,34
10,17;17,24;24,10
10,17;17,24;24,34
10,17;17,25;25,10
10,17;17,25;25,34
10,17;17,26;26,10
10,17;17,26;26,34
10,18;18,19;19,10
10,18;18,19;19,34
10,18;18,20;20,10
10,18;18,20;20,34
10,18;18,21;21,10
10,18;18,21;21,34
10,18;18,23;23,10
10,18;18,23;23,34
10,18;18,24;24,10
10,18;18,24;24,34
10,18;18,25;25,10
10,18;18,25;25,34
10,19;19,20;20,10
10,19;19,20;20,34
10,19;19,21;21,10
10,19;19,21;21,34
10,19;19,23;23,10
10,19;19,23;23,34
10,19;19,24;24,10
10,19;19,24;24,34
10,20;20,21;21,10
10,20;20,21;21,34
10,20;20,23;23,10
10,20;20,23;23,34
11,12;12,13;13,11
11,12;12,13;13,33
11,12;12,14;14,11
11,12;12,14;14,33
11,12;12,15;15,11
11,12;12,15;15,33
11,12;12,16;16,11
11,12;12,16;16,33
11,12;12,17;17,11
11,12;12,17;17,33
11,12;12,18;18,11
11,12;12,18;18,33
11,12;12,19;19,11
11,12;12,19;19,33
11,12;12,20;20,11
11,12;12,20;20,33
11,12;12,21;21,11
11,12;12,21;21,33
11,12;12,23;23,11
11,12;12,23;23,33
11,12;12,24;24,11
11,12;12,24;24,33
11,12;12,25;25,11
11,12;12,25;25,33
11,12;12,26;26,11
11,12;12,26;26,33
11,12;12,27;27,11
11,12;12,27;27,33
11,12;12,28;28,11
11,12;12,28;28,33
11,12;12,29;29,11
11,12;12,29;29,33
11,12;12,30;30,11
11,12;12,30;30,33
11,12;12,31;31,11
11,12;12,31;31,33
11,13;13,14;14,11
11,13;13,14;14,33
11,13;13,15;15,11
11,13;13,15;15,33
11,13;13,16;16,11
11,13;13,16;16,33
11,13;13,17;17,11
11,13;13,17;17,33
11,13;13,18;18,11
11,13;13,18;18,33
11,13;13,19;19,11
11,13;13,19;19,33
11,13;13,20;20,11
11,13;13,20;20,33
11,13;13,21;21,11
11,13;13,21;21,33
11,13;13,23;23,11
11,13;13,23;23,33
11,13;13,24;24,11
11,13;13,24;24,33
11,13;13,25;25,11
11,13;13,25;25,33
11,13;13,26;26,11
11,13;13,26;26,33
11,13;13,27;27,11
11,13;13,27;27,33
11,13;13,28;28,11
11,13;13,28;28,33
11,13;13,29;29,11
11,13;13,29;29,33
11,13;13,30;30,11
11,13;13,30;30,33
11,14;14,15;15,11
11,14;14,15;15,33
11,14;14,16;16,11
11,14;14,16;16,33
11,14;14,17;17,11
11,14;14,17;17,33
11,14;14,18;18,11
11,14;14,18;18,33
11,14;14,19;19,11
11,14;14,19;19,33
11,14;14,20;20,11
11,14;14,20;20,33
11,14;14,21;21,11
11,14;14,21;21,33
11,14;14,23;23,11
11,14;14,23;23,33
11,14;14,24;24,11
11,14;14,24;24,33
11,14;14,25;25,11
11,14;14,25;25,33
11,14;14,26;26,11
11,14;14,26;26,33
11,14;14,27;27,11
11,14;14,27;27,33
11,14;14,28;28,11
11,14;14,28;28,33
11,14;14,29;29,11
11,14;14,29;29,33
11,15;15,16;16,11
11,15;15,16;16,33
11,15;15,17;17,11
11,15;15,17;17,33
11,15;15,18;18,11
11,15;15,18;18,33
11,15;15,19;19,11
11,15;15,19;19,33
11,15;15,20;20,11
11,15;15,20;20,33
11,15;15,21;21,11
11,15;15,21;21,33
11,15;15,23;23,11
11,15;15,23;23,33
11,15;15,24;24,11
11,15;15,24;24,33
11,15;15,25;25,11
11,15;15,25;25,33
11,15;15,26;26,11
11,15;15,26;26,33
11,15;15,27;27,11
11,15;15,27;27,33
11,15;15,28;28,11
11,15;15,28;28,33
11,16;16,17;17,11
11,16;16,17;17,33
11,16;16,18;18,11
11,16;16,18;18,33
11,16;16,19;19,11
11,16;16,19;19,33
11,16;16,20;20,11
11,16;16,20;20,33
11,16;16,21;21,11
11,16;16,21;21,33
11,16;16,23;23,11
11,16;16,23;23,33
11,16;16,24;24,11
11,16;16,24;24,33
11,16;16,25;25,11
11,16;16,25;25,33
11,16;16,26;26,11
11,16;16,26;26,33
11,16;16,27;27,11
11,16;16,27;27,33
11,17;17,18;18,11
11,17;17,18;18,33
11,17;17,19;19,11
11,17;17,19;19,33
11,17;17,20;20,11
11,17;17,20;20,33
11,17;17,21;21,11
11,17;17,21;21,33
11,17;17,23;23,11
11,17;17,23;23,33
11,17;17,24;24,11
11,17;17,24;24,33
11,17;17,25;25,11
11,17;17,25;25,33
11,17;17,26;26,11
11,17;17,26;26,33
11,18;18,19;19,11
11,18;18,19;19,33
11,18;18,20;20,11
11,18;18,20;20,33
11,18;18,21;21,11
11,18;18,21;21,33
11,18;18,23;23,11
11,18;18,23;23,33
11,18;18,24;24,11
11,18;18,24;24,33
11,18;18,25;25,11
11,18;18,25;25,33
11,19;19,20;20,11
11,19;19,20;20,33
11,19;19,21;21,11
11,19;19,21;21,33
11,19;19,23;23,11
11,19;19,23;23,33
11,19;19,24;24,11
11,19;19,24;24,33
11,20;20,21;21,11
11,20;20,21;21,33
11,20;20,23;23,11
11,20;20,23;23,33
12,13;13,14;14,12
12,13;13,14;14,32
12,13;13,15;15,12
12,13;13,15;15,32
12,13;13,16;16,12
12,13;13,16;16,32
12,13;13,17;17,12
12,13;13,17;17,32
12,13;13,18;18,12
12,13;13,18;18,32
12,13;13,19;19,12
12,13;13,19;19,32
12,13;13,20;20,12
12,13;13,20;20,32
12,13;13,21;21,12
12,13;13,21;21,32
12,13;13,23;23,12
12,13;13,23;23,32
12,13;13,24;24,12
12,13;13,24;24,32
12,13;13,25;25,12
12,13;13,25;25,32
12,13;13,26;26,12
12,13;13,26;26,32
12,13;13,27;27,12
12,13;13,27;27,32
12,13;13,28;28,12
12,13;13,28;28,32
12,13;13,29;29,12
12,13;13,29;29,32
12,13;13,30;30,12
12,13;13,30;30,32
12,14;14,15;15,12
12,14;14,15;15,32
12,14;14,16;16,12
12,14;14,16;16,32
12,14;14,17;17,12
12,14;14,17;17,32
12,14;14,18;18,12
12,14;14,18;18,32
12,14;14,19;19,12
12,14;14,19;19,32
12,14;14,20;20,12
12,14;14,20;20,32
12,14;14,21;21,12
12,14;14,21;21,32
12,14;14,23;23,12
12,14;14,23;23,32
12,14;14,24;24,12
12,14;14,24;24,32
12,14;14,25;25,12
12,14;14,25;25,32
12,14;14,26;26,12
12,14;14,26;26,32
12,14;14,27;27,12
12,14;14,27;27,32
12,14;14,28;28,12
12,14;14,28;28,32
12,14;14,29;29,12
12,14;14,29;29,32
12,15;15,16;16,12
12,15;15,16;16,32
12,15;15,17;17,12
12,15;15,17;17,32
12,15;15,18;18,12
12,15;15,18;18,32
12,15;15,19;19,12
12,15;15,19;19,32
12,15;15,20;20,12
12,15;15,20;20,32
12,15;15,21;21,12
12,15;15,21;21,32
12,15;15,23;23,12
12,15;15,23;23,32
12,15;15,24;24,12
12,15;15,24;24,32
12,15;15,25;25,12
12,15;15,25;25,32
12,15;15,26;26,12
12,15;15,26;26,32
12,15;15,27;27,12
12,15;15,27;27,32
12,15;15,28;28,12
12,15;15,28;28,32
12,16;16,17;17,12
12,16;16,17;17,32
12,16;16,18;18,12
12,16;16,18;18,32
12,16;16,19;19,12
12,16;16,19;19,32
12,16;16,20;20,12
12,16;16,20;20,32
12,16;16,21;21,12
12,16;16,21;21,32
12,16;16,23;23,12
12,16;16,23;23,32
12,16;16,24;24,12
12,16;16,24;24,32
12,16;16,25;25,12
12,16;16,25;25,32
12,16;16,26;26,12
12,16;16,26;26,32
12,16;16,27;27,12
12,16;16,27;27,32
12,17;17,18;18,12
12,17;17,18;18,32
12,17;17,19;19,12
12,17;17,19;19,32
12,17;17,20;20,12
12,17;17,20;20,32
12,17;17,21;21,12
12,17;17,21;21,32
12,17;17,23;23,12
12,17;17,23;23,32
12,17;17,24;24,12
12,17;17,24;24,32
12,17;17,25;25,12
12,17;17,25;25,32
12,17;17,26;26,12
12,17;17,26;26,32
12,18;18,19;19,12
12,18;18,19;19,32
12,18;18,20;20,12
12,18;18,20;20,32
12,18;18,21;21,12
12,18;18,21;21,32
12,18;18,23;23,12
12,18;18,23;23,32
12,18;18,24;24,12
12,18;18,24;24,32
12,18;18,25;25,12
12,18;18,25;25,32
12,19;19,20;20,12
12,19;19,20;20,32
12,19;19,21;21,12
12,19;19,21;21,32
12,19;19,23;23,12
12,19;19,23;23,32
12,19;19,24;24,12
12,19;19,24;24,32
12,20;20,21;21,12
12,20;20,21;21,32
12,20;20,23;23,12
12,20;20,23;23,32
13,14;14,15;15,13
13,14;14,15;15,31
13,14;14,16;16,13
13,14;14,16;16,31
13,14;14,17;17,13
13,14;14,17;17,31
13,14;14,18;18,13
13,14;14,18;18,31
13,14;14,19;19,13
13,14;14,19;19,31
13,14;14,20;20,13
13,14;14,20;20,31
13,14;14,21;21,13
13,14;14,21;21,31
13,14;14,23;23,13
13,14;14,23;23,31
13,14;14,24;24,13
13,14;14,24;24,31
13,14;14,25;25,13
13,14;14,25;25,31
13,14;14,26;26,13
13,14;14,26;26,31
13,14;14,27;27,13
13,14;14,27;27,31
13,14;14,28;28,13
13,14;14,28;28,31
13,14;14,29;29,13
13,14;14,29;29,31
13,15;15,16;16,13
13,15;15,16;16,31
13,15;15,17;17,13
13,15;15,17;17,31
13,15;15,18;18,13
13,15;15,18;18,31
13,15;15,19;19,13
13,15;15,19;19,31
13,15;15,20;20,13
13,15;15,20;20,31
13,15;15,21;21,13
13,15;15,21;21,31
13,15;15,23;23,13
13,15;15,23;23,31
13,15;15,24;24,13
13,15;15,24;24,31
13,15;15,25;25,13
13,15;15,25;25,31
13,15;15,26;26,13
13,15;15,26;26,31
13,15;15,27;27,13
13,15;15,27;27,31
13,15;15,28;28,13
13,15;15,28;28,31
13,16;16,17;17,13
13,16;16,17;17,31
13,16;16,18;18,13
13,16;16,18;18,31
13,16;16,19;19,13
13,16;16,19;19,31
13,16;16,20;20,13
13,16;16,20;20,31
13,16;16,21;21,13
13,16;16,21;21,31
13,16;16,23;23,13
13,16;16,23;23,31
13,16;16,24;24,13
13,16;16,24;24,31
13,16;16,25;25,13
13,16;16,25;25,31
13,16;16,26;26,13
13,16;16,26;26,31
13,16;16,27;27,13
13,16;16,27;27,31
13,17;17,18;18,13
13,17;17,18;18,31
13,17;17,19;19,13
13,17;17,19;19,31
13,17;17,20;20,13
13,17;17,20;20,31
13,17;17,21;21,13
13,17;17,21;21,31
13,17;17,23;23,13
13,17;17,23;23,31
13,17;17,24;24,13
13,17;17,24;24,31
13,17;17,25;25,13
13,17;17,25;25,31
13,17;17,26;26,13
13,17;17,26;26,31
13,18;18,19;19,13
13,18;18,19;19,31
13,18;18,20;20,13
13,18;18,20;20,31
13,18;18,21;21,13
13,18;18,21;21,31
13,18;18,23;23,13
13,18;18,23;23,31
13,18;18,24;24,13
13,18;18,24;24,31
13,18;18,25;25,13
13,18;18,25;25,31
13,19;19,20;20,13
13,19;19,20;20,31
13,19;19,21;21,13
13,19;19,21;21,31
13,19;19,23;23,13
13,19;19,23;23,31
13,19;19,24;24,13
13,19;19,24;24,31
13,20;20,21;21,13
13,20;20,21;21,31
13,20;20,23;23,13
13,20;20,23;23,31
14,15;15,16;16,14
14,15;15,16;16,30
14,15;15,17;17,14
14,15;15,17;17,30
14,15;15,18;18,14
14,15;15,18;18,30
14,15;15,19;19,14
14,15;15,19;19,30
14,15;15,20;20,14
14,15;15,20;20,30
14,15;15,21;21,14
14,15;15,21;21,30
14,15;15,23;23,14
14,15;15,23;23,30
14,15;15,24;24,14
14,15;15,24;24,30
14,15;15,25;25,14
14,15;15,25;25,30
14,15;15,26;26,14
14,15;15,26;26,30
14,15;15,27;27,14
14,15;15,27;27,30
14,15;15,28;28,14
14,15;15,28;28,30
14,16;16,17;17,14
14,16;16,17;17,30
14,16;16,18;18,14
14,16;16,18;18,30
14,16;16,19;19,14
14,16;16,19;19,30
14,16;16,20;20,14
14,16;16,20;20,30
14,16;16,21;21,14
14,16;16,21;21,30
14,16;16,23;23,14
14,16;16,23;23,30
14,16;16,24;24,14
14,16;16,24;24,30
14,16;16,25;25,14
14,16;16,25;25,30
14,16;16,26;26,14
14,16;16,26;26,30
14,16;16,27;27,14
14,16;16,27;27,30
14,17;17,18;18,14
14,17;17,18;18,30
14,17;17,19;19,14
14,17;17,19;19,30
14,17;17,20;20,14
14,17;17,20;20,30
14,17;17,21;21,14
14,17;17,21;21,30
14,17;17,23;23,14
14,17;17,23;23,30
14,17;17,24;24,14
14,17;17,24;24,30
14,17;17,25;25,14
14,17;17,25;25,30
14,17;17,26;26,14
14,17;17,26;26,30
14,18;18,19;19,14
14,18;18,19;19,30
14,18;18,20;20,14
14,18;18,20;20,30
14,18;18,21;21,14
14,18;18,21;21,30
14,18;18,23;23,14
14,18;18,23;23,30
14,18;18,24;24,14
14,18;18,24;24,30
14,18;18,25;25,14
14,18;18,25;25,30
14,19;19,20;20,14
14,19;19,20;20,30
14,19;19,21;21,14
14,19;19,21;21,30
14,19;19,23;23,14
14,19;19,23;23,30
14,19;19,24;24,14
14,19;19,24;24,30
14,20;20,21;21,14
14,20;20,21;21,30
14,20;20,23;23,14
14,20;20,23;23,30
15,16;16,17;17,15
15,16;16,17;17,29
15,16;16,18;18,15
15,16;16,18;18,29
15,16;16,19;19,15
15,16;16,19;19,29
15,16;16,20;20,15
15,16;16,20;20,29
15,16;16,21;21,15
15,16;16,21;21,29
15,16;16,23;23,15
15,16;16,23;23,29
15,16;16,24;24,15
15,16;16,24;24,29
15,16;16,25;25,15
15,16;16,25;25,29
15,16;16,26;26,15
15,16;16,26;26,29
15,16;16,27;27,15
15,16;16,27;27,29
15,17;17,18;18,15
15,17;17,18;18,29
15,17;17,19;19,15
15,17;17,19;19,29
15,17;17,20;20,15
15,17;17,20;20,29
15,17;17,21;21,15
15,17;17,21;21,29
15,17;17,23;23,15
15,17;17,23;23,29
15,17;17,24;24,15
15,17;17,24;24,29
15,17;17,25;25,15
15,17;17,25;25,29
15,17;17,26;26,15
15,17;17,26;26,29
15,18;18,19;19,15
15,18;18,19;19,29
15,18;18,20;20,15
15,18;18,20;20,29
15,18;18,21;21,15
15,18;18,21;21,29
15,18;18,23;23,15
15,18;18,23;23,29
15,18;18,24;24,15
15,18;18,24;24,29
15,18;18,25;25,15
15,18;18,25;25,29
15,19;19,20;20,15
15,19;19,20;20,29
15,19;19,21;21,15
15,19;19,21;21,29
15,19;19,23;23,15
15,19;19,23;23,29
15,19;19,24;24,15
15,19;19,24;24,29
15,20;20,21;21,15
15,20;20,21;21,29
15,20;20,23;23,15
15,20;20,23;23,29
16,17;17,18;18,16
16,17;17,18;18,28
16,17;17,19;19,16
16,17;17,19;19,28
16,17;17,20;20,16
16,17;17,20;20,28
16,17;17,21;21,16
16,17;17,21;21,28
16,17;17,23;23,16
16,17;17,23;23,28
16,17;17,24;24,16
16,17;17,24;24,28
16,17;17,25;25,16
16,17;17,25;25,28
16,17;17,26;26,16
16,17;17,26;26,28
16,18;18,19;19,16
16,18;18,19;19,28
16,18;18,20;20,16
16,18;18,20;20,28
16,18;18,21;21,16
16,18;18,21;21,28
16,18;18,23;23,16
16,18;18,23;23,28
16,18;18,24;24,16
16,18;18,24;24,28
16,18;18,25;25,16
16,18;18,25;25,28
16,19;19,20;20,16
16,19;19,20;20,28
16,19;19,21;21,16
16,19;19,21;21,28
16,19;19,23;23,16
16,19;19,23;23,28
16,19;19,24;24,16
16,19;19,24;24,28
16,20;20,21;21,16
16,20;20,21;21,28
16,20;20,23;23,16
16,20;20,23;23,28
17,18;18,19;19,17
17,18;18,19;19,27
17,18;18,20;20,17
17,18;18,20;20,27
17,18;18,21;21,17
17,18;18,21;21,27
17,18;18,23;23,17
17,18;18,23;23,27
17,18;18,24;24,17
17,18;18,24;24,27
17,18;18,25;25,17
17,18;18,25;25,27
17,19;19,20;20,17
17,19;19,20;20,27
17,19;19,21;21,17
17,19;19,21;21,27
17,19;19,23;23,17
17,19;19,23;23,27
17,19;19,24;24,17
17,19;19,24;24,27
17,20;20,21;21,17
17,20;20,21;21,27
17,20;20,23;23,17
17,20;20,23;23,27
18,19;19,20;20,18
18,19;19,20;20,26
18,19;19,21;21,18
18,19;19,21;21,26
18,19;19,23;23,18
18,19;19,23;23,26
18,19;19,24;24,18
18,19;19,24;24,26
18,20;20,21;21,18
18,20;20,21;21,26
18,20;20,23;23,18
18,20;20,23;23,26
19,20;20,21;21,19
19,20;20,21;21,25
19,20;20,23;23,19
19,20;20,23;23,25
