0,1;1,2;2,0
0,1;1,2;2,40
0,1;1,3;3,0
0,1;1,3;3,40
0,1;1,4;4,0
0,1;1,4;4,40
0,1;1,5;5,0
0,1;1,5;5,40
0,1;1,6;6,0
0,1;1,6;6,40
0,1;1,7;7,0
0,1;1,7;7,40
0,1;1,8;8,0
0,1;1,8;8,40
0,1;1,9;9,0
0,1;1,9;9,40
0,1;1,10;10,0
0,1;1,10;10,40
0,1;1,11;11,0
0,1;1,11;11,40
0,1;1,12;12,0
0,1;1,12;12,40
0,1;1,13;13,0
0,1;1,13;13,40
0,1;1,14;14,0
0,1;1,14;14,40
0,1;1,15;15,0
0,1;1,15;15,40
0,1;1,16;16,0
0,1;1,16;16,40
0,1;1,17;17,0
0,1;1,17;17,40
0,1;1,18;18,0
0,1;1,18;18,40
0,1;1,19;19,0
0,1;1,19;19,40
0,1;1,21;21,0
0,1;1,21;21,40
0,1;1,22;22,0
0,1;1,22;22,40
0,1;1,23;23,0
0,1;1,23;23,40
0,1;1,24;24,0
0,1;1,24;24,40
0,1;1,25;25,0
0,1;1,25;25,40
0,1;1,26;26,0
0,1;1,26;26,40
0,1;1,27;27,0
0,1;1,27;27,40
0,1;1,28;28,0
0,1;1,28;28,40
0,1;1,29;29,0
0,1;1,29;29,40
0,1;1,30;30,0
0,1;1,30;30,40
0,1;1,31;31,0
0,1;1,31;31,40
0,1;1,32;32,0
0,1;1,32;32,40
0,1;1,33;33,0
0,1;1,33;33,40
0,1;1,34;34,0
0,1;1,34;34,40
0,1;1,35;35,0
0,1;1,35;35,40
0,1;1,36;36,0
0,1;1,36;36,40
0,1;1,37;37,0
0,1;1,37;37,40
0,1;1,38;38,0
0,1;1,38;38,40
0,2;2,3;3,0
0,2;2,3;3,40
0,2;2,4;4,0
0,2;2,4;4,40
0,2;2,5;5,0
0,2;2,5;5,40
0,2;2,6;6,0
0,2;2,6;6,40
0,2;2,7;7,0
0,2;2,7;7,40
0,2;2,8;8,0
0,2;2,8;8,40
0,2;2,9;9,0
0,2;2,9;9,40
0,2;2,10;10,0
0,2;2,10;10,40
0,2;2,11;11,0
0,2;2,11;11,40
0,2;2,12;12,0
0,2;2,12;12,40
0,2;2,13;13,0
0,2;2,13;13,40
0,2;2,14;14,0
0,2;2,14;14,40
0,2;2,15;15,0
0,2;2,15;15,40
0,2;2,16;16,0
0,2;2,16;16,40
0,2;2,17;17,0
0,2;2,17;17,40
0,2;2,18;18,0
0,2;2,18;18,40
0,2;2,19;19,0
0,2;2,19;19,40
0,2;2,21;21,0
0,2;2,21;21,40
0,2;2,22;22,0
0,2;2,22;22,40
0,2;2,23;23,0
0,2;2,23;23,40
0,2;2,24;24,0
0,2;2,24;24,40
0,2;2,25;25,0
0,2;2,25;25,40
0,2;2,26;26,0
0,2;2,26;26,40
0,2;2,27;27,0
0,2;2,27;27,40
0,2;2,28;28,0
0,2;2,28;28,40
0,2;2,29;29,0
0,2;2,29;29,40
0,2;2,30;30,0
0,2;2,30;30,40
0,2;2,31;31,0
0,2;2,31;31,40
0,2;2,32;32,0
0,2;2,32;32,40
0,2;2,33;33,0
0,2;2,33;33,40
0,2;2,34;34,0
0,2;2,34;34,40
0,2;2,35;35,0
0,2;2,35;35,40
0,2;2,36;36,0
0,2;2,36;36,40
0,2;2,37;37,0
0,2;2,37;37,40
0,3;3,4;4,0
0,3;3,4;4,40
0,3;3,5;5,0
0,3;3,5;5,40
0,3;3,6;6,0
0,3;3,6;6,40
0,3;3,7;7,0
0,3;3,7;7,40
0,3;3,8;8,0
0,3;3,8;8,40
0,3;3,9;9,0
0,3;3,9;9,40
0,3;3,10;10,0
0,3;3,10;10,40
0,3;3,11;11,0
0,3;3,11;11,40
0,3;3,12;12,0
0,3;3,12;12,40
0,3;3,13;13,0
0,3;3,13;13,40
0,3;3,14;14,0
0,3;3,14;14,40
0,3;3,15;15,0
0,3;3,15;15,40
0,3;3,16;16,0
0,3;3,16;16,40
0,3;3,17;17,0
0,3;3,17;17,40
0,3;3,18;18,0
0,3;3,18;18,40
0,3;3,19;19,0
0,3;3,19;19,40
0,3;3,21;21,0
0,3;3,21;21,40
0,3;3,22;22,0
0,3;3,22;22,40
0,3;3,23;23,0
0,3;3,23;23,40
0,3;3,24;24,0
0,3;3,24;24,40
0,3;3,25;25,0
0,3;3,25;25,40
0,3;3,26;26,0
0,3;3,26;26,40
0,3;3,27;27,0
0,3;3,27;27,40
0,3;3,28;28,0
0,3;3,28;28,40
0,3;3,29;29,0
0,3;3,29;29,40
0,3;3,30;30,0
0,3;3,30;30,40
0,3;3,31;31,0
0,3;3,31;31,40
0,3;3,32;32,0
0,3;3,32;32,40
0,3;3,33;33,0
0,3;3,33;33,40
0,3;3,34;34,0
0,3;3,34;34,40
0,3;3,35;35,0
0,3;3,35;35,40
0,3;3,36;36,0
0,3;3,36;36,40
0,4;4,5;5,0
0,4;4,5;5,40
0,4;4,6;6,0
0,4;4,6;6,40
0,4;4,7;7,0
0,4;4,7;7,40
0,4;4,8;8,0
0,4;4,8;8,40
0,4;4,9;9,0
0,4;4,9;9,40
0,4;4,10;10,0
0,4;4,10;10,40
0,4;4,11;11,0
0,4;4,11;11,40
0,4;4,12;12,0
0,4;4,12;12,40
0,4;4,13;13,0
0,4;4,13;13,40
0,4;4,14;14,0
0,4;4,14;14,40
0,4;4,15;15,0
0,4;4,15;15,40
0,4;4,16;16,0
0,4;4,16;16,40
0,4;4,17;17,0
0,4;4,17;17,40
0,4;4,18;18,0
0,4;4,18;18,40
0,4;4,19;19,0
0,4;4,19;19,40
0,4;4,21;21,0
0,4;4,21;21,40
0,4;4,22;22,0
0,4;4,22;22,40
0,4;4,23;23,0
0,4;4,23;23,40
0,4;4,24;24,0
0,4;4,24;24,40
0,4;4,25;25,0
0,4;4,25;25,40
0,4;4,26;26,0
0,4;4,26;26,40
0,4;4,27;27,0
0,4;4,27;27,40
0,4;4,28;28,0
0,4;4,28;28,40
0,4;4,29;29,0
0,4;4,29;29,40
0,4;4,30;30,0
0,4;4,30;30,40
0,4;4,31;31,0
0,4;4,31;31,40
0,4;4,32;32,0
0,4;4,32;32,40
0,4;4,33;33,0
0,4;4,33;33,40
0,4;4,34;34,0
0,4;4,34;34,40
0,4;4,35;35,0
0,4;4,35;35,40
0,5;5,6;6,0
0,5;5,6;6,40
0,5;5,7;7,0
0,5;5,7;7,40
0,5;5,8;8,0
0,5;5,8;8,40
0,5;5,9;9,0
0,5;5,9;9,40
0,5;5,10;10,0
0,5;5,10;10,40
0,5;5,11;11,0
0,5;5,11;11,40
0,5;5,12;12,0
0,5;5,12;12,40
0,5;5,13;13,0
0,5;5,13;13,40
0,5;5,14;14,0
0,5;5,14;14,40
0,5;5,15;15,0
0,5;5,15;15,40
0,5;5,16;16,0
0,5;5,16;16,40
0,5;5,17;17,0
0,5;5,17;17,40
0,5;5,18;18,0
0,5;5,18;18,40
0,5;5,19;19,0
0,5;5,19;19,40
0,5;5,21;21,0
0,5;5,21;21,40
0,5;5,22;22,0
0,5;5,22;22,40
0,5;5,23;23,0
0,5;5,23;23,40
0,5;5,24;24,0
0,5;5,24;24,40
0,5;5,25;25,0
0,5;5,25;25,40
0,5;5,26;26,0
0,5;5,26;26,40
0,5;5,27;27,0
0,5;5,27;27,40
0,5;5,28;28,0
0,5;5,28;28,40
0,5;5,29;29,0
0,5;5,29;29,40
0,5;5,30;30,0
0,5;5,30;30,40
0,5;5,31;31,0
0,5;5,31;31,40
0,5;5,32;32,0
0,5;5,32;32,40
0,5;5,33;33,0
0,5;5,33;33,40
0,5;5,34;34,0
0,5;5,34;34,40
0,6;6,7;7,0
0,6;6,7;7,40
0,6;6,8;8,0
0,6;6,8;8,40
0,6;6,9;9,0
0,6;6,9;9,40
0,6;6,10;10,0
0,6;6,10;10,40
0,6;6,11;11,0
0,6;6,11;11,40
0,6;6,12;12,0
0,6;6,12;12,40
0,6;6,13;13,0
0,6;6,13;13,40
0,6;6,14;14,0
0,6;6,14;14,40
0,6;6,15;15,0
0,6;6,15;15,40
0,6;6,16;16,0
0,6;6,16;16,40
0,6;6,17;17,0
0,6;6,17;17,40
0,6;6,18;18,0
0,6;6,18;18,40
0,6;6,19;19,0
0,6;6,19;19,40
0,6;6,21;21,0
0,6;6,21;21,40
0,6;6,22;22,0
0,6;6,22;22,40
0,6;6,23;23,0
0,6;6,23;23,40
0,6;6,24;24,0
0,6;6,24;24,40
0,6;6,25;25,0
0,6;6,25;25,40
0,6;6,26;26,0
0,6;6,26;26,40
0,6;6,27;27,0
0,6;6,27;27,40
0,6;6,28;28,0
0,6;6,28;28,40
0,6;6,29;29,0
0,6;6,29;29,40
0,6;6,30;30,0
0,6;6,30;30,40
0,6;6,31;31,0
0,6;6,31;31,40
0,6;6,32;32,0
0,6;6,32;32,40
0,6;6,33;33,0
0,6;6,33;33,40
0,7;7,8;8,0
0,7;7,8;8,40
0,7;7,9;9,0
0,7;7,9;9,40
0,7;7,10;10,0
0,7;7,10;10,40
0,7;7,11;11,0
0,7;7,11;11,40
0,7;7,12;12,0
0,7;7,12;12,40
0,7;7,13;13,0
0,7;7,13;13,40
0,7;7,14;14,0
0,7;7,14;14,40
0,7;7,15;15,0
0,7;7,15;15,40
0,7;7,16;16,0
0,7;7,16;16,40
0,7;7,17;17,0
0,7;7,17;17,40
0,7;7,18;18,0
0,7;7,18;18,40
0,7;7,19;19,0
0,7;7,19;19,40
0,7;7,21;21,0
0,7;7,21;21,40
0,7;7,22;22,0
0,7;7,22;22,40
0,7;7,23;23,0
0,7;7,23;23,40
0,7;7,24;24,0
0,7;7,24;24,40
0,7;7,25;25,0
0,7;7,25;25,40
0,7;7,26;26,0
0,7;7,26;26,40
0,7;7,27;27,0
0,7;7,27;27,40
0,7;7,28;28,0
0,7;7,28;28,40
0,7;7,29;29,0
0,7;7,29;29,40
0,7;7,30;30,0
0,7;7,30;30,40
0,7;7,31;31,0
0,7;7,31;31,40
0,7;7,32;32,0
0,7;7,32;32,40
0,8;8,9;9,0
0,8;8,9;9,40
0,8;8,10;10,0
0,8;8,10;10,40
0,8;8,11;11,0
0,8;8,11;11,40
0,8;8,12;12,0
0,8;8,12;12,40
0,8;8,13;13,0
0,8;8,13;13,40
0,8;8,14;14,0
0,8;8,14;14,40
0,8;8,15;15,0
0,8;8,15;15,40
0,8;8,16;16,0
0,8;8,16;16,40
0,8;8,17;17,0
0,8;8,17;17,40
0,8;8,18;18,0
0,8;8,18;18,40
0,8;8,19;19,0
0,8;8,19;19,40
0,8;8,21;21,0
0,8;8,21;21,40
0,8;8,22;22,0
0,8;8,22;22,40
0,8;8,23;23,0
0,8;8,23;23,40
0,8;8,24;24,0
0,8;8,24;24,40
0,8;8,25;25,0
0,8;8,25;25,40
0,8;8,26;26,0
0,8;8,26;26,40
0,8;8,27;27,0
0,8;8,27;27,40
0,8;8,28;28,0
0,8;8,28;28,40
0,8;8,29;29,0
0,8;8,29;29,40
0,8;8,30;30,0
0,8;8,30;30,40
0,8;8,31;31,0
0,8;8,31;31,40
0,9;9,10;10,0
0,9;9,10;10,40
0,9;9,11;11,0
0,9;9,11;11,40
0,9;9,12;12,0
0,9;9,12;12,40
0,9;9,13;13,0
0,9;9,13;13,40
0,9;9,14;14,0
0,9;9,14;14,40
0,9;9,15;15,0
0,9;9,15;15,40
0,9;9,16;16,0
0,9;9,16;16,40
0,9;9,17;17,0
0,9;9,17;17,40
0,9;9,18;18,0
0,9;9,18;18,40
0,9;9,19;19,0
0,9;9,19;19,40
0,9;9,21;21,0
0,9;9,21;21,40
0,9;9,22;22,0
0,9;9,22;22,40
0,9;9,23;23,0
0,9;9,23;23,40
0,9;9,24;24,0
0,9;9,24;24,40
0,9;9,25;25,0
0,9;9,25;25,40
0,9;9,26;26,0
0,9;9,26;26,40
0,9;9,27;27,0
0,9;9,27;27,40
0,9;9,28;28,0
0,9;9,28;28,40
0,9;9,29;29,0
0,9;9,29;29,40
0,9;9,30;30,0
0,9;9,30;30,40
0,10;10,11;11,0
0,10;10,11;11,40
0,10;10,12;12,0
0,10;10,12;12,40
0,10;10,13;13,0
0,10;10,13;13,40
0,10;10,14;14,0
0,10;10,14;14,40
0,10;10,15;15,0
0,10;10,15;15,40
0,10;10,16;16,0
0,10;10,16;16,40
0,10;10,17;17,0
0,10;10,17;17,40
0,10;10,18;18,0
0,10;10,18;18,40
0,10;10,19;19,0
0,10;10,19;19,40
0,10;10,21;21,0
0,10;10,21;21,40
0,10;10,22;22,0
0,10;10,22;22,40
0,10;10,23;23,0
0,10;10,23;23,40
0,10;10,24;24,0
0,10;10,24;24,40
0,10;10,25;25,0
0,10;10,25;25,40
0,10;10,26;26,0
0,10;10,26;26,40
0,10;10,27;27,0
0,10;10,27;27,40
0,10;10,28;28,0
0,10;10,28;28,40
0,10;10,29;29,0
0,10;10,29;29,40
0,11;11,12;12,0
0,11;11,12;12,40
0,11;11,13;13,0
0,11;11,13;13,40
0,11;11,14;14,0
0,11;11,14;14,40
0,11;11,15;15,0
0,11;11,15;15,40
0,11;11,16;16,0
0,11;11,16;16,40
0,11;11,17;17,0
0,11;11,17;17,40
0,11;11,18;18,0
0,11;11,18;18,40
0,11;11,19;19,0
0,11;11,19;19,40
0,11;11,21;21,0
0,11;11,21;21,40
0,11;11,22;22,0
0,11;11,22;22,40
0,11;11,23;23,0
0,11;11,23;23,40
0,11;11,24;24,0
0,11;11,24;24,40
0,11;11,25;25,0
0,11;11,25;25,40
0,11;11,26;26,0
0,11;11,26;26,40
0,11;11,27;27,0
0,11;11,27;27,40
0,11;11,28;28,0
0,11;11,28;28,40
0,12;12,13;13,0
0,12;12,13;13,40
0,12;12,14;14,0
0,12;12,14;14,40
0,12;12,15;15,0
0,12;12,15;15,40
0,12;12,16;16,0
0,12;12,16;16,40
0,12;12,17;17,0
0,12;12,17;17,40
0,12;12,18;18,0
0,12;12,18;18,40
0,12;12,19;19,0
0,12;12,19;19,40
0,12;12,21;21,0
0,12;12,21;21,40
0,12;12,22;22,0
0,12;12,22;22,40
0,12;12,23;23,0
0,12;12,23;23,40
0,12;12,24;24,0
0,12;12,24;24,40
0,12;12,25;25,0
0,12;12,25;25,40
0,12;12,26;26,0
0,12;12,26;26,40
0,12;12,27;27,0
0,12;12,27;27,40
0,13;13,14;14,0
0,13;13,14;14,40
0,13;13,15;15,0
0,13;13,15;15,40
0,13;13,16;16,0
0,13;13,16;16,40
0,13;13,17;17,0
0,13;13,17;17,40
0,13;13,18;18,0
0,13;13,18;18,40
0,13;13,19;19,0
0,13;13,19;19,40
0,13;13,21;21,0
0,13;13,21;21,40
0,13;13,22;22,0
0,13;13,22;22,40
0,13;13,23;23,0
0,13;13,23;23,40
0,13;13,24;24,0
0,13;13,24;24,40
0,13;13,25;25,0
0,13;13,25;25,40
0,13;13,26;26,0
0,13;13,26;26,40
0,14;14,15;15,0
0,14;14,15;15,40
0,14;14,16;16,0
0,14;14,16;16,40
0,14;14,17;17,0
0,14;14,17;17,40
0,14;14,18;18,0
0,14;14,18;18,40
0,14;14,19;19,0
0,14;14,19;19,40
0,14;14,21;21,0
0,14;14,21;21,40
0,14;14,22;22,0
0,14;14,22;22,40
0,14;14,23;23,0
0,14;14,23;23,40
0,14;14,24;24,0
0,14;14,24;24,40
0,14;14,25;25,0
0,14;14,25;25,40
0,15;15,16;16,0
0,15;15,16;16,40
0,15;15,17;17,0
0,15;15,17;17,40
0,15;15,18;18,0
0,15;15,18;18,40
0,15;15,19;19,0
0,15;15,19;19,40
0,15;15,21;21,0
0,15;15,21;21,40
0,15;15,22;22,0
0,15;15,22;22,40
0,15;15,23;23,0
0,15;15,23;23,40
0,15;15,24;24,0
0,15;15,24;24,40
0,16;16,17;17,0
0,16;16,17;17,40
0,16;16,18;18,0
0,16;16,18;18,40
0,16;16,19;19,0
0,16;16,19;19,40
0,16;16,21;21,0
0,16;16,21;21,40
0,16;16,22;22,0
0,16;16,22;22,40
0,16;16,23;23,0
0,16;16,23;23,40
0,17;17,18;18,0
0,17;17,18;18,40
0,17;17,19;19,0
0,17;17,19;19,40
0,17;17,21;21,0
0,17;17,21;21,40
0,17;17,22;22,0
0,17;17,22;22,40
0,18;18,19;19,0
0,18;18,19;19,40
0,18;18,21;21,0
0,18;18,21;21,40
1,2;2,3;3,1
1,2;2,3;3,39
1,2;2,4;4,1
1,2;2,4;4,39
1,2;2,5;5,1
1,2;2,5;5,39
1,2;2,6;6,1
1,2;2,6;6,39
1,2;2,7;7,1
1,2;2,7;7,39
1,2;2,8;8,1
1,2;2,8;8,39
1,2;2,9;9,1
1,2;2,9;9,39
1,2;2,10;10,1
1,2;2,10;10,39
1,2;2,11;11,1
1,2;2,11;11,39
1,2;2,12;12,1
1,2;2,12;12,39
1,2;2,13;13,1
1,2;2,13;13,39
1,2;2,14;14,1
1,2;2,14;14,39
1,2;2,15;15,1
1,2;2,15;15,39
1,2;2,16;16,1
1,2;2,16;16,39
1,2;2,17;17,1
1,2;2,17;17,39
1,2;2,18;18,1
1,2;2,18;18,39
1,2;2,19;19,1
1,2;2,19;19,39
1,2;2,21;21,1
1,2;2,21;21,39
1,2;2,22;22,1
1,2;2,22;22,39
1,2;2,23;23,1
1,2;2,23;23,39
1,2;2,24;24,1
1,2;2,24;24,39
1,2;2,25;25,1
1,2;2,25;25,39
1,2;2,26;26,1
1,2;2,26;26,39
1,2;2,27;27,1
1,2;2,27;27,39
1,2;2,28;28,1
1,2;2,28;28,39
1,2;2,29;29,1
1,2;2,29;29,39
1,2;2,30;30,1
1,2;2,30;30,39
1,2;2,31;31,1
1,2;2,31;31,39
1,2;2,32;32,1
1,2;2,32;32,39
1,2;2,33;33,1
1,2;2,33;33,39
1,2;2,34;34,1
1,2;2,34;34,39
1,2;2,35;35,1
1,2;2,35;35,39
1,2;2,36;36,1
1,2;2,36;36,39
1,2;2,37;37,1
1,2;2,37;37,39
1,3;3,4;4,1
1,3;3,4;4,39
1,3;3,5;5,1
1,3;3,5;5,39
1,3;3,6;6,1
1,3;3,6;6,39
1,3;3,7;7,1
1,3;3,7;7,39
1,3;3,8;8,1
1,3;3,8;8,39
1,3;3,9;9,1
1,3;3,9;9,39
1,3;3,10;10,1
1,3;3,10;10,39
1,3;3,11;11,1
1,3;3,11;11,39
1,3;3,12;12,1
1,3;3,12;12,39
1,3;3,13;13,1
1,3;3,13;13,39
1,3;3,14;14,1
1,3;3,14;14,39
1,3;3,15;15,1
1,3;3,15;15,39
1,3;3,16;16,1
1,3;3,16;16,39
1,3;3,17;17,1
1,3;3,17;17,39
1,3;3,18;18,1
1,3;3,18;18,39
1,3;3,19;19,1
1,3;3,19;19,39
1,3;3,21;21,1
1,3;3,21;21,39
1,3;3,22;22,1
1,3;3,22;22,39
1,3;3,23;23,1
1,3;3,23;23,39
1,3;3,24;24,1
1,3;3,24;24,39
1,3;3,25;25,1
1,3;3,25;25,39
1,3;3,26;26,1
1,3;3,26;26,39
1,3;3,27;27,1
1,3;3,27;27,39
1,3;3,28;28,1
1,3;3,28;28,39
1,3;3,29;29,1
1,3;3,29;29,39
1,3;3,30;30,1
1,3;3,30;30,39
1,3;3,31;31,1
1,3;3,31;31,39
1,3;3,32;32,1
1,3;3,32;32,39
1,3;3,33;33,1
1,3;3,33;33,39
1,3;3,34;34,1
1,3;3,34;34,39
1,3;3,35;35,1
1,3;3,35;35,39
1,3;3,36;36,1
1,3;3,36;36,39
1,4;4,5;5,1
1,4;4,5;5,39
1,4;4,6;6,1
1,4;4,6;6,39
1,4;4,7;7,1
1,4;4,7;7,39
1,4;4,8;8,1
1,4;4,8;8,39
1,4;4,9;9,1
1,4;4,9;9,39
1,4;4,10;10,1
1,4;4,10;10,39
1,4;4,11;11,1
1,4;4,11;11,39
1,4;4,12;12,1
1,4;4,12;12,39
1,4;4,13;13,1
1,4;4,13;13,39
1,4;4,14;14,1
1,4;4,14;14,39
1,4;4,15;15,1
1,4;4,15;15,39
1,4;4,16;16,1
1,4;4,16;16,39
1,4;4,17;17,1
1,4;4,17;17,39
1,4;4,18;18,1
1,4;4,18;18,39
1,4;4,19;19,1
1,4;4,19;19,39
1,4;4,21;21,1
1,4;4,21;21,39
1,4;4,22;22,1
1,4;4,22;22,39
1,4;4,23;23,1
1,4;4,23;23,39
1,4;4,24;24,1
1,4;4,24;24,39
1,4;4,25;25,1
1,4;4,25;25,39
1,4;4,26;26,1
1,4;4,26;26,39
1,4;4,27;27,1
1,4;4,27;27,39
1,4;4,28;28,1
1,4;4,28;28,39
1,4;4,29;29,1
1,4;4,29;29,39
1,4;4,30;30,1
1,4;4,30;30,39
1,4;4,31;31,1
1,4;4,31;31,39
1,4;4,32;32,1
1,4;4,32;32,39
1,4;4,33;33,1
1,4;4,33;33,39
1,4;4,34;34,1
1,4;4,34;34,39
1,4;4,35;35,1
1,4;4,35;35,39
1,5;5,6;6,1
1,5;5,6;6,39
1,5;5,7;7,1
1,5;5,7;7,39
1,5;5,8;8,1
1,5;5,8;8,39
1,5;5,9;9,1
1,5;5,9;9,39
1,5;5,10;10,1
1,5;5,10;10,39
1,5;5,11;11,1
1,5;5,11;11,39
1,5;5,12;12,1
1,5;5,12;12,39
1,5;5,13;13,1
1,5;5,13;13,39
1,5;5,14;14,1
1,5;5,14;14,39
1,5;5,15;15,1
1,5;5,15;15,39
1,5;5,16;16,1
1,5;5,16;16,39
1,5;5,17;17,1
1,5;5,17;17,39
1,5;5,18;18,1
1,5;5,18;18,39
1,5;5,19;19,1
1,5;5,19;19,39
1,5;5,21;21,1
1,5;5,21;21,39
1,5;5,22;22,1
1,5;5,22;22,39
1,5;5,23;23,1
1,5;5,23;23,39
1,5;5,24;24,1
1,5;5,24;24,39
1,5;5,25;25,1
1,5;5,25;25,39
1,5;5,26;26,1
1,5;5,26;26,39
1,5;5,27;27,1
1,5;5,27;27,39
1,5;5,28;28,1
1,5;5,28;28,39
1,5;5,29;29,1
1,5;5,29;29,39
1,5;5,30;30,1
1,5;5,30;30,39
1,5;5,31;31,1
1,5;5,31;31,39
1,5;5,32;32,1
1,5;5,32;32,39
1,5;5,33;33,1
1,5;5,33;33,39
1,5;5,34;34,1
1,5;5,34;34,39
1,6;6,7;7,1
1,6;6,7;7,39
1,6;6,8;8,1
1,6;6,8;8,39
1,6;6,9;9,1
1,6;6,9;9,39
1,6;6,10;10,1
1,6;6,10;10,39
1,6;6,11;11,1
1,6;6,11;11,39
1,6;6,12;12,1
1,6;6,12;12,39
1,6;6,13;13,1
1,6;6,13;13,39
1,6;6,14;14,1
1,6;6,14;14,39
1,6;6,15;15,1
1,6;6,15;15,39
1,6;6,16;16,1
1,6;6,16;16,39
1,6;6,17;17,1
1,6;6,17;17,39
1,6;6,18;18,1
1,6;6,18;18,39
1,6;6,19;19,1
1,6;6,19;19,39
1,6;6,21;21,1
1,6;6,21;21,39
1,6;6,22;22,1
1,6;6,22;22,39
1,6;6,23;23,1
1,6;6,23;23,39
1,6;6,24;24,1
1,6;6,24;24,39
1,6;6,25;25,1
1,6;6,25;25,39
1,6;6,26;26,1
1,6;6,26;26,39
1,6;6,27;27,1
1,6;6,27;27,39
1,6;6,28;28,1
1,6;6,28;28,39
1,6;6,29;29,1
1,6;6,29;29,39
1,6;6,30;30,1
1,6;6,30;30,39
1,6;6,31;31,1
1,6;6,31;31,39
1,6;6,32;32,1
1,6;6,32;32,39
1,6;6,33;33,1
1,6;6,33;33,39
1,7;7,8;8,1
1,7;7,8;8,39
1,7;7,9;9,1
1,7;7,9;9,39
1,7;7,10;10,1
1,7;7,10;10,39
1,7;7,11;11,1
1,7;7,11;11,39
1,7;7,12;12,1
1,7;7,12;12,39
1,7;7,13;13,1
1,7;7,13;13,39
1,7;7,14;14,1
1,7;7,14;14,39
1,7;7,15;15,1
1,7;7,15;15,39
1,7;7,16;16,1
1,7;7,16;16,39
1,7;7,17;17,1
1,7;7,17;17,39
1,7;7,18;18,1
1,7;7,18;18,39
1,7;7,19;19,1
1,7;7,19;19,39
1,7;7,21;21,1
1,7;7,21;21,39
1,7;7,22;22,1
1,7;7,22;22,39
1,7;7,23;23,1
1,7;7,23;23,39
1,7;7,24;24,1
1,7;7,24;24,39
1,7;7,25;25,1
1,7;7,25;25,39
1,7;7,26;26,1
1,7;7,26;26,39
1,7;7,27;27,1
1,7;7,27;27,39
1,7;7,28;28,1
1,7;7,28;28,39
1,7;7,29;29,1
1,7;7,29;29,39
1,7;7,30;30,1
1,7;7,30;30,39
1,7;7,31;31,1
1,7;7,31;31,39
1,7;7,32;32,1
1,7;7,32;32,39
1,8;8,9;9,1
1,8;8,9;9,39
1,8;8,10;10,1
1,8;8,10;10,39
1,8;8,11;11,1
1,8;8,11;11,39
1,8;8,12;12,1
1,8;8,12;12,39
1,8;8,13;13,1
1,8;8,13;13,39
1,8;8,14;14,1
1,8;8,14;14,39
1,8;8,15;15,1
1,8;8,15;15,39
1,8;8,16;16,1
1,8;8,16;16,39
1,8;8,17;17,1
1,8;8,17;17,39
1,8;8,18;18,1
1,8;8,18;18,39
1,8;8,19;19,1
1,8;8,19;19,39
1,8;8,21;21,1
1,8;8,21;21,39
1,8;8,22;22,1
1,8;8,22;22,39
1,8;8,23;23,1
1,8;8,23;23,39
1,8;8,24;24,1
1,8;8,24;24,39
1,8;8,25;25,1
1,8;8,25;25,39
1,8;8,26;26,1
1,8;8,26;26,39
1,8;8,27;27,1
1,8;8,27;27,39
1,8;8,28;28,1
1,8;8,28;28,39
1,8;8,29;29,1
1,8;8,29;29,39
1,8;8,30;30,1
1,8;8,30;30,39
1,8;8,31;31,1
1,8;8,31;31,39
1,9;9,10;10,1
1,9;9,10;10,39
1,9;9,11;11,1
1,9;9,11;11,39
1,9;9,12;12,1
1,9;9,12;12,39
1,9;9,13;13,1
1,9;9,13;13,39
1,9;9,14;14,1
1,9;9,14;14,39
1,9;9,15;15,1
1,9;9,15;15,39
1,9;9,16;16,1
1,9;9,16;16,39
1,9;9,17;17,1
1,9;9,17;17,39
1,9;9,18;18,1
1,9;9,18;18,39
1,9;9,19;19,1
1,9;9,19;19,39
1,9;9,21;21,1
1,9;9,21;21,39
1,9;9,22;22,1
1,9;9,22;22,39
1,9;9,23;23,1
1,9;9,23;23,39
1,9;9,24;24,1
1,9;9,24;24,39
1,9;9,25;25,1
1,9;9,25;25,39
1,9;9,26;26,1
1,9;9,26;26,39
1,9;9,27;27,1
1,9;9,27;27,39
1,9;9,28;28,1
1,9;9,28;28,39
1,9;9,29;29,1
1,9;9,29;29,39
1,9;9,30;30,1
1,9;9,30;30,39
1,10;10,11;11,1
1,10;10,11;11,39
1,10;10,12;12,1
1,10;10,12;12,39
1,10;10,13;13,1
1,10;10,13;13,39
1,10;10,14;14,1
1,10;10,14;14,39
1,10;10,15;15,1
1,10;10,15;15,39
1,10;10,16;16,1
1,10;10,16;16,39
1,10;10,17;17,1
1,10;10,17;17,39
1,10;10,18;18,1
1,10;10,18;18,39
1,10;10,19;19,1
1,10;10,19;19,39
1,10;10,21;21,1
1,10;10,21;21,39
1,10;10,22;22,1
1,10;10,22;22,39
1,10;10,23;23,1
1,10;10,23;23,39
1,10;10,24;24,1
1,10;10,24;24,39
1,10;10,25;25,1
1,10;10,25;25,39
1,10;10,26;26,1
1,10;10,26;26,39
1,10;10,27;27,1
1,10;10,27;27,39
1,10;10,28;28,1
1,10;10,28;28,39
1,10;10,29;29,1
1,10;10,29;29,39
1,11;11,12;12,1
1,11;11,12;12,39
1,11;11,13;13,1
1,11;11,13;13,39
1,11;11,14;14,1
1,11;11,14;14,39
1,11;11,15;15,1
1,11;11,15;15,39
1,11;11,16;16,1
1,11;11,16;16,39
1,11;11,17;17,1
1,11;11,17;17,39
1,11;11,18;18,1
1,11;11,18;18,39
1,11;11,19;19,1
1,11;11,19;19,39
1,11;11,21;21,1
1,11;11,21;21,39
1,11;11,22;22,1
1,11;11,22;22,39
1,11;11,23;23,1
1,11;11,23;23,39
1,11;11,24;24,1
1,11;11,24;24,39
1,11;11,25;25,1
1,11;11,25;25,39
1,11;11,26;26,1
1,11;11,26;26,39
1,11;11,27;27,1
1,11;11,27;27,39
1,11;11,28;28,1
1,11;11,28;28,39
1,12;12,13;13,1
1,12;12,13;13,39
1,12;12,14;14,1
1,12;12,14;14,39
1,12;12,15;15,1
1,12;12,15;15,39
1,12;12,16;16,1
1,12;12,16;16,39
1,12;12,17;17,1
1,12;12,17;17,39
1,12;12,18;18,1
1,12;12,18;18,39
1,12;12,19;19,1
1,12;12,19;19,39
1,12;12,21;21,1
1,12;12,21;21,39
1,12;12,22;22,1
1,12;12,22;22,39
1,12;12,23;23,1
1,12;12,23;23,39
1,12;12,24;24,1
1,12;12,24;24,39
1,12;12,25;25,1
1,12;12,25;25,39
1,12;12,26;26,1
1,12;12,26;26,39
1,12;12,27;27,1
1,12;12,27;27,39
1,13;13,14;14,1
1,13;13,14;14,39
1,13;13,15;15,1
1,13;13,15;15,39
1,13;13,16;16,1
1,13;13,16;16,39
1,13;13,17;17,1
1,13;13,17;17,39
1,13;13,18;18,1
1,13;13,18;18,39
1,13;13,19;19,1
1,13;13,19;19,39
1,13;13,21;21,1
1,13;13,21;21,39
1,13;13,22;22,1
1,13;13,22;22,39
1,13;13,23;23,1
1,13;13,23;23,39
1,13;13,24;24,1
1,13;13,24;24,39
1,13;13,25;25,1
1,13;13,25;25,39
1,13;13,26;26,1
1,13;13,26;26,39
1,14;14,15;15,1
1,14;14,15;15,39
1,14;14,16;16,1
1,14;14,16;16,39
1,14;14,17;17,1
1,14;14,17;17,39
1,14;14,18;18,1
1,14;14,18;18,39
1,14;14,19;19,1
1,14;14,19;19,39
1,14;14,21;21,1
1,14;14,21;21,39
1,14;14,22;22,1
1,14;14,22;22,39
1,14;14,23;23,1
1,14;14,23;23,39
1,14;14,24;24,1
1,14;14,24;24,39
1,14;14,25;25,1
1,14;14,25;25,39
1,15;15,16;16,1
1,15;15,16;16,39
1,15;15,17;17,1
1,15;15,17;17,39
1,15;15,18;18,1
1,15;15,18;18,39
1,15;15,19;19,1
1,15;15,19;19,39
1,15;15,21;21,1
1,15;15,21;21,39
1,15;15,22;22,1
1,15;15,22;22,39
1,15;15,23;23,1
1,15;15,23;23,39
1,15;15,24;24,1
1,15;15,24;24,39
1,16;16,17;17,1
1,16;16,17;17,39
1,16;16,18;18,1
1,16;16,18;18,39
1,16;16,19;19,1
1,16;16,19;19,39
1,16;16,21;21,1
1,16;16,21;21,39
1,16;16,22;22,1
1,16;16,22;22,39
1,16;16,23;23,1
1,16;16,23;23,39
1,17;17,18;18,1
1,17;17,18;18,39
1,17;17,19;19,1
1,17;17,19;19,39
1,17;17,21;21,1
1,17;17,21;21,39
1,17;17,22;22,1
1,17;17,22;22,39
1,18;18,19;19,1
1,18;18,19;19,39
1,18;18,21;21,1
1,18;18,21;21,39
2,3;3,4;4,2
2,3;3,4;4,38
2,3;3,5;5,2
2,3;3,5;5,38
2,3;3,6;6,2
2,3;3,6;6,38
2,3;3,7;7,2
2,3;3,7;7,38
2,3;3,8;8,2
2,3;3,8;8,38
2,3;3,9;9,2
2,3;3,9;9,38
2,3;3,10;10,2
2,3;3,10;10,38
2,3;3,11;11,2
2,3;3,11;11,38
2,3;3,12;12,2
2,3;3,12;12,38
2,3;3,13;13,2
2,3;3,13;13,38
2,3;3,14;14,2
2,3;3,14;14,38
2,3;3,15;15,2
2,3;3,15;15,38
2,3;3,16;16,2
2,3;3,16;16,38
2,3;3,17;17,2
2,3;3,17;17,38
2,3;3,18;18,2
2,3;3,18;18,38
2,3;3,19;19,2
2,3;3,19;19,38
2,3;3,21;21,2
2,3;3,21;21,38
2,3;3,22;22,2
2,3;3,22;22,38
2,3;3,23;23,2
2,3;3,23;23,38
2,3;3,24;24,2
2,3;3,24;24,38
2,3;3,25;25,2
2,3;3,25;25,38
2,3;3,26;26,2
2,3;3,26;26,38
2,3;3,27;27,2
2,3;3,27;27,38
2,3;3,28;28,2
2,3;3,28;28,38
2,3;3,29;29,2
2,3;3,29;29,38
2,3;3,30;30,2
2,3;3,30;30,38
2,3;3,31;31,2
2,3;3,31;31,38
2,3;3,32;32,2
2,3;3,32;32,38
2,3;3,33;33,2
2,3;3,33;33,38
2,3;3,34;34,2
2,3;3,34;34,38
2,3;3,35;35,2
2,3;3,35;35,38
2,3;3,36;36,2
2,3;3,36;36,38
2,4;4,5;5,2
2,4;4,5;5,38
2,4;4,6;6,2
2,4;4,6;6,38
2,4;4,7;7,2
2,4;4,7;7,38
2,4;4,8;8,2
2,4;4,8;8,38
2,4;4,9;9,2
2,4;4,9;9,38
2,4;4,10;10,2
2,4;4,10;10,38
2,4;4,11;11,2
2,4;4,11;11,38
2,4;4,12;12,2
2,4;4,12;12,38
2,4;4,13;13,2
2,4;4,13;13,38
2,4;4,14;14,2
2,4;4,14;14,38
2,4;4,15;15,2
2,4;4,15;15,38
2,4;4,16;16,2
2,4;4,16;16,38
2,4;4,17;17,2
2,4;4,17;17,38
2,4;4,18;18,2
2,4;4,18;18,38
2,4;4,19;19,2
2,4;4,19;19,38
2,4;4,21;21,2
2,4;4,21;21,38
2,4;4,22;22,2
2,4;4,22;22,38
2,4;4,23;23,2
2,4;4,23;23,38
2,4;4,24;24,2
2,4;4,24;24,38
2,4;4,25;25,2
2,4;4,25;25,38
2,4;4,26;26,2
2,4;4,26;26,38
2,4;4,27;27,2
2,4;4,27;27,38
2,4;4,28;28,2
2,4;4,28;28,38
2,4;4,29;29,2
2,4;4,29;29,38
2,4;4,30;30,2
2,4;4,30;30,38
2,4;4,31;31,2
2,4;4,31;31,38
2,4;4,32;32,2
2,4;4,32;32,38
2,4;4,33;33,2
2,4;4,33;33,38
2,4;4,34;34,2
2,4;4,34;34,38
2,4;4,35;35,2
2,4;4,35;35,38
2,5;5,6;6,2
2,5;5,6;6,38
2,5;5,7;7,2
2,5;5,7;7,38
2,5;5,8;8,2
2,5;5,8;8,38
2,5;5,9;9,2
2,5;5,9;9,38
2,5;5,10;10,2
2,5;5,10;10,38
2,5;5,11;11,2
2,5;5,11;11,38
2,5;5,12;12,2
2,5;5,12;12,38
2,5;5,13;13,2
2,5;5,13;13,38
2,5;5,14;14,2
2,5;5,14;14,38
2,5;5,15;15,2
2,5;5,15;15,38
2,5;5,16;16,2
2,5;5,16;16,38
2,5;5,17;17,2
2,5;5,17;17,38
2,5;5,18;18,2
2,5;5,18;18,38
2,5;5,19;19,2
2,5;5,19;19,38
2,5;5,21;21,2
2,5;5,21;21,38
2,5;5,22;22,2
2,5;5,22;22,38
2,5;5,23;23,2
2,5;5,23;23,38
2,5;5,24;24,2
2,5;5,24;24,38
2,5;5,25;25,2
2,5;5,25;25,38
2,5;5,26;26,2
2,5;5,26;26,38
2,5;5,27;27,2
2,5;5,27;27,38
2,5;5,28;28,2
2,5;5,28;28,38
2,5;5,29;29,2
2,5;5,29;29,38
2,5;5,30;30,2
2,5;5,30;30,38
2,5;5,31;31,2
2,5;5,31;31,38
2,5;5,32;32,2
2,5;5,32;32,38
2,5;5,33;33,2
2,5;5,33;33,38
2,5;5,34;34,2
2,5;5,34;34,38
2,6;6,7;7,2
2,6;6,7;7,38
2,6;6,8;8,2
2,6;6,8;8,38
2,6;6,9;9,2
2,6;6,9;9,38
2,6;6,10;10,2
2,6;6,10;10,38
2,6;6,11;11,2
2,6;6,11;11,38
2,6;6,12;12,2
2,6;6,12;12,38
2,6;6,13;13,2
2,6;6,13;13,38
2,6;6,14;14,2
2,6;6,14;14,38
2,6;6,15;15,2
2,6;6,15;15,38
2,6;6,16;16,2
2,6;6,16;16,38
2,6;6,17;17,2
2,6;6,17;17,38
2,6;6,18;18,2
2,6;6,18;18,38
2,6;6,19;19,2
2,6;6,19;19,38
2,6;6,21;21,2
2,6;6,21;21,38
2,6;6,22;22,2
2,6;6,22;22,38
2,6;6,23;23,2
2,6;6,23;23,38
2,6;6,24;24,2
2,6;6,24;24,38
2,6;6,25;25,2
2,6;6,25;25,38
2,6;6,26;26,2
2,6;6,26;26,38
2,6;6,27;27,2
2,6;6,27;27,38
2,6;6,28;28,2
2,6;6,28;28,38
2,6;6,29;29,2
2,6;6,29;29,38
2,6;6,30;30,2
2,6;6,30;30,38
2,6;6,31;31,2
2,6;6,31;31,38
2,6;6,32;32,2
2,6;6,32;32,38
2,6;6,33;33,2
2,6;6,33;33,38
2,7;7,8;8,2
2,7;7,8;8,38
2,7;7,9;9,2
2,7;7,9;9,38
2,7;7,10;10,2
2,7;7,10;10,38
2,7;7,11;11,2
2,7;7,11;11,38
2,7;7,12;12,2
2,7;7,12;12,38
2,7;7,13;13,2
2,7;7,13;13,38
2,7;7,14;14,2
2,7;7,14;14,38
2,7;7,15;15,2
2,7;7,15;15,38
2,7;7,16;16,2
2,7;7,16;16,38
2,7;7,17;17,2
2,7;7,17;17,38
2,7;7,18;18,2
2,7;7,18;18,38
2,7;7,19;19,2
2,7;7,19;19,38
2,7;7,21;21,2
2,7;7,21;21,38
2,7;7,22;22,2
2,7;7,22;22,38
2,7;7,23;23,2
2,7;7,23;23,38
2,7;7,24;24,2
2,7;7,24;24,38
2,7;7,25;25,2
2,7;7,25;25,38
2,7;7,26;26,2
2,7;7,26;26,38
2,7;7,27;27,2
2,7;7,27;27,38
2,7;7,28;28,2
2,7;7,28;28,38
2,7;7,29;29,2
2,7;7,29;29,38
2,7;7,30;30,2
2,7;7,30;30,38
2,7;7,31;31,2
2,7;7,31;31,38
2,7;7,32;32,2
2,7;7,32;32,38
2,8;8,9;9,2
2,8;8,9;9,38
2,8;8,10;10,2
2,8;8,10;10,38
2,8;8,11;11,2
2,8;8,11;11,38
2,8;8,12;12,2
2,8;8,12;12,38
2,8;8,13;13,2
2,8;8,13;13,38
2,8;8,14;14,2
2,8;8,14;14,38
2,8;8,15;15,2
2,8;8,15;15,38
2,8;8,16;16,2
2,8;8,16;16,38
2,8;8,17;17,2
2,8;8,17;17,38
2,8;8,18;18,2
2,8;8,18;18,38
2,8;8,19;19,2
2,8;8,19;19,38
2,8;8,21;21,2
2,8;8,21;21,38
2,8;8,22;22,2
2,8;8,22;22,38
2,8;8,23;23,2
2,8;8,23;23,38
2,8;8,24;24,2
2,8;8,24;24,38
2,8;8,25;25,2
2,8;8,25;25,38
2,8;8,26;26,2
2,8;8,26;26,38
2,8;8,27;27,2
2,8;8,27;27,38
2,8;8,28;28,2
2,8;8,28;28,38
2,8;8,29;29,2
2,8;8,29;29,38
2,8;8,30;30,2
2,8;8,30;30,38
2,8;8,31;31,2
2,8;8,31;31,38
2,9;9,10;10,2
2,9;9,10;10,38
2,9;9,11;11,2
2,9;9,11;11,38
2,9;9,12;12,2
2,9;9,12;12,38
2,9;9,13;13,2
2,9;9,13;13,38
2,9;9,14;14,2
2,9;9,14;14,38
2,9;9,15;15,2
2,9;9,15;15,38
2,9;9,16;16,2
2,9;9,16;16,38
2,9;9,17;17,2
2,9;9,17;17,38
2,9;9,18;18,2
2,9;9,18;18,38
2,9;9,19;19,2
2,9;9,19;19,38
2,9;9,21;21,2
2,9;9,21;21,38
2,9;9,22;22,2
2,9;9,22;22,38
2,9;9,23;23,2
2,9;9,23;23,38
2,9;9,24;24,2
2,9;9,24;24,38
2,9;9,25;25,2
2,9;9,25;25,38
2,9;9,26;26,2
2,9;9,26;26,38
2,9;9,27;27,2
2,9;9,27;27,38
2,9;9,28;28,2
2,9;9,28;28,38
2,9;9,29;29,2
2,9;9,29;29,38
2,9;9,30;30,2
2,9;9,30;30,38
2,10;10,11;11,2
2,10;10,11;11,38
2,10;10,12;12,2
2,10;10,12;12,38
2,10;10,13;13,2
2,10;10,13;13,38
2,10;10,14;14,2
2,10;10,14;14,38
2,10;10,15;15,2
2,10;10,15;15,38
2,10;10,16;16,2
2,10;10,16;16,38
2,10;10,17;17,2
2,10;10,17;17,38
2,10;10,18;18,2
2,10;10,18;18,38
2,10;10,19;19,2
2,10;10,19;19,38
2,10;10,21;21,2
2,10;10,21;21,38
2,10;10,22;22,2
2,10;10,22;22,38
2,10;10,23;23,2
2,10;10,23;23,38
2,10;10,24;24,2
2,10;10,24;24,38
2,10;10,25;25,2
2,10;10,25;25,38
2,10;10,26;26,2
2,10;10,26;26,38
2,10;10,27;27,2
2,10;10,27;27,38
2,10;10,28;28,2
2,10;10,28;28,38
2,10;10,29;29,2
2,10;10,29;29,38
2,11;11,12;12,2
2,11;11,12;12,38
2,11;11,13;13,2
2,11;11,13;13,38
2,11;11,14;14,2
2,11;11,14;14,38
2,11;11,15;15,2
2,11;11,15;15,38
2,11;11,16;16,2
2,11;11,16;16,38
2,11;11,17;17,2
2,11;11,17;17,38
2,11;11,18;18,2
2,11;11,18;18,38
2,11;11,19;19,2
2,11;11,19;19,38
2,11;11,21;21,2
2,11;11,21;21,38
2,11;11,22;22,2
2,11;11,22;22,38
2,11;11,23;23,2
2,11;11,23;23,38
2,11;11,24;24,2
2,11;11,24;24,38
2,11;11,25;25,2
2,11;11,25;25,38
2,11;11,26;26,2
2,11;11,26;26,38
2,11;11,27;27,2
2,11;11,27;27,38
2,11;11,28;28,2
2,11;11,28;28,38
2,12;12,13;13,2
2,12;12,13;13,38
2,12;12,14;14,2
2,12;12,14;14,38
2,12;12,15;15,2
2,12;12,15;15,38
2,12;12,16;16,2
2,12;12,16;16,38
2,12;12,17;17,2
2,12;12,17;17,38
2,12;12,18;18,2
2,12;12,18;18,38
2,12;12,19;19,2
2,12;12,19;19,38
2,12;12,21;21,2
2,12;12,21;21,38
2,12;12,22;22,2
2,12;12,22;22,38
2,12;12,23;23,2
2,12;12,23;23,38
2,12;12,24;24,2
2,12;12,24;24,38
2,12;12,25;25,2
2,12;12,25;25,38
2,12;12,26;26,2
2,12;12,26;26,38
2,12;12,27;27,2
2,12;12,27;27,38
2,13;13,14;14,2
2,13;13,14;14,38
2,13;13,15;15,2
2,13;13,15;15,38
2,13;13,16;16,2
2,13;13,16;16,38
2,13;13,17;17,2
2,13;13,17;17,38
2,13;13,18;18,2
2,13;13,18;18,38
2,13;13,19;19,2
2,13;13,19;19,38
2,13;13,21;21,2
2,13;13,21;21,38
2,13;13,22;22,2
2,13;13,22;22,38
2,13;13,23;23,2
2,13;13,23;23,38
2,13;13,24;24,2
2,13;13,24;24,38
2,13;13,25;25,2
2,13;13,25;25,38
2,13;13,26;26,2
2,13;13,26;26,38
2,14;14,15;15,2
2,14;14,15;15,38
2,14;14,16;16,2
2,14;14,16;16,38
2,14;14,17;17,2
2,14;14,17;17,38
2,14;14,18;18,2
2,14;14,18;18,38
2,14;14,19;19,2
2,14;14,19;19,38
2,14;14,21;21,2
2,14;14,21;21,38
2,14;14,22;22,2
2,14;14,22;22,38
2,14;14,23;23,2
2,14;14,23;23,38
2,14;14,24;24,2
2,14;14,24;24,38
2,14;14,25;25,2
2,14;14,25;25,38
2,15;15,16;16,2
2,15;15,16;16,38
2,15;15,17;17,2
2,15;15,17;17,38
2,15;15,18;18,2
2,15;15,18;18,38
2,15;15,19;19,2
2,15;15,19;19,38
2,15;15,21;21,2
2,15;15,21;21,38
2,15;15,22;22,2
2,15;15,22;22,38
2,15;15,23;23,2
2,15;15,23;23,38
2,15;15,24;24,2
2,15;15,24;24,38
2,16;16,17;17,2
2,16;16,17;17,38
2,16;16,18;18,2
2,16;16,18;18,38
2,16;16,19;19,2
2,16;16,19;19,38
2,16;16,21;21,2
2,16;16,21;21,38
2,16;16,22;22,2
2,16;16,22;22,38
2,16;16,23;23,2
2,16;16,23;23,38
2,17;17,18;18,2
2,17;17,18;18,38
2,17;17,19;19,2
2,17;17,19;19,38
2,17;17,21;21,2
2,17;17,21;21,38
2,17;17,22;22,2
2,17;17,22;22,38
2,18;18,19;19,2
2,18;18,19;19,38
2,18;18,21;21,2
2,18;18,21;21,38
3,4;4,5;5,3
3,4;4,5;5,37
3,4;4,6;6,3
3,4;4,6;6,37
3,4;4,7;7,3
3,4;4,7;7,37
3,4;4,8;8,3
3,4;4,8;8,37
3,4;4,9;9,3
3,4;4,9;9,37
3,4;4,10;10,3
3,4;4,10;10,37
3,4;4,11;11,3
3,4;4,11;11,37
3,4;4,12;12,3
3,4;4,12;12,37
3,4;4,13;13,3
3,4;4,13;13,37
3,4;4,14;14,3
3,4;4,14;14,37
3,4;4,15;15,3
3,4;4,15;15,37
3,4;4,16;16,3
3,4;4,16;16,37
3,4;4,17;17,3
3,4;4,17;17,37
3,4;4,18;18,3
3,4;4,18;18,37
3,4;4,19;19,3
3,4;4,19;19,37
3,4;4,21;21,3
3,4;4,21;21,37
3,4;4,22;22,3
3,4;4,22;22,37
3,4;4,23;23,3
3,4;4,23;23,37
3,4;4,24;24,3
3,4;4,24;24,37
3,4;4,25;25,3
3,4;4,25;25,37
3,4;4,26;26,3
3,4;4,26;26,37
3,4;4,27;27,3
3,4;4,27;27,37
3,4;4,28;28,3
3,4;4,28;28,37
3,4;4,29;29,3
3,4;4,29;29,37
3,4;4,30;30,3
3,4;4,30;30,37
3,4;4,31;31,3
3,4;4,31;31,37
3,4;4,32;32,3
3,4;4,32;32,37
3,4;4,33;33,3
3,4;4,33;33,37
3,4;4,34;34,3
3,4;4,34;34,37
3,4;4,35;35,3
3,4;4,35;35,37
3,5;5,6;6,3
3,5;5,6;6,37
3,5;5,7;7,3
3,5;5,7;7,37
3,5;5,8;8,3
3,5;5,8;8,37
3,5;5,9;9,3
3,5;5,9;9,37
3,5;5,10;10,3
3,5;5,10;10,37
3,5;5,11;11,3
3,5;5,11;11,37
3,5;5,12;12,3
3,5;5,12;12,37
3,5;5,13;13,3
3,5;5,13;13,37
3,5;5,14;14,3
3,5;5,14;14,37
3,5;5,15;15,3
3,5;5,15;15,37
3,5;5,16;16,3
3,5;5,16;16,37
3,5;5,17;17,3
3,5;5,17;17,37
3,5;5,18;18,3
3,5;5,18;18,37
3,5;5,19;19,3
3,5;5,19;19,37
3,5;5,21;21,3
3,5;5,21;21,37
3,5;5,22;22,3
3,5;5,22;22,37
3,5;5,23;23,3
3,5;5,23;23,37
3,5;5,24;24,3
3,5;5,24;24,37
3,5;5,25;25,3
3,5;5,25;25,37
3,5;5,26;26,3
3,5;5,26;26,37
3,5;5,27;27,3
3,5;5,27;27,37
3,5;5,28;28,3
3,5;5,28;28,37
3,5;5,29;29,3
3,5;5,29;29,37
3,5;5,30;30,3
3,5;5,30;30,37
3,5;5,31;31,3
3,5;5,31;31,37
3,5;5,32;32,3
3,5;5,32;32,37
3,5;5,33;33,3
3,5;5,33;33,37
3,5;5,34;34,3
3,5;5,34;34,37
3,6;6,7;7,3
3,6;6,7;7,37
3,6;6,8;8,3
3,6;6,8;8,37
3,6;6,9;9,3
3,6;6,9;9,37
3,6;6,10;10,3
3,6;6,10;10,37
3,6;6,11;11,3
3,6;6,11;11,37
3,6;6,12;12,3
3,6;6,12;12,37
3,6;6,13;13,3
3,6;6,13;13,37
3,6;6,14;14,3
3,6;6,14;14,37
3,6;6,15;15,3
3,6;6,15;15,37
3,6;6,16;16,3
3,6;6,16;16,37
3,6;6,17;17,3
3,6;6,17;17,37
3,6;6,18;18,3
3,6;6,18;18,37
3,6;6,19;19,3
3,6;6,19;19,37
3,6;6,21;21,3
3,6;6,21;21,37
3,6;6,22;22,3
3,6;6,22;22,37
3,6;6,23;23,3
3,6;6,23;23,37
3,6;6,24;24,3
3,6;6,24;24,37
3,6;6,25;25,3
3,6;6,25;25,37
3,6;6,26;26,3
3,6;6,26;26,37
3,6;6,27;27,3
3,6;6,27;27,37
3,6;6,28;28,3
3,6;6,28;28,37
3,6;6,29;29,3
3,6;6,29;29,37
3,6;6,30;30,3
3,6;6,30;30,37
3,6;6,31;31,3
3,6;6,31;31,37
3,6;6,32;32,3
3,6;6,32;32,37
3,6;6,33;33,3
3,6;6,33;33,37
3,7;7,8;8,3
3,7;7,8;8,37
3,7;7,9;9,3
3,7;7,9;9,37
3,7;7,10;10,3
3,7;7,10;10,37
3,7;7,11;11,3
3,7;7,11;11,37
3,7;7,12;12,3
3,7;7,12;12,37
3,7;7,13;13,3
3,7;7,13;13,37
3,7;7,14;14,3
3,7;7,14;14,37
3,7;7,15;15,3
3,7;7,15;15,37
3,7;7,16;16,3
3,7;7,16;16,37
3,7;7,17;17,3
3,7;7,17;17,37
3,7;7,18;18,3
3,7;7,18;18,37
3,7;7,19;19,3
3,7;7,19;19,37
3,7;7,21;21,3
3,7;7,21;21,37
3,7;7,22;22,3
3,7;7,22;22,37
3,7;7,23;23,3
3,7;7,23;23,37
3,7;7,24;24,3
3,7;7,24;24,37
3,7;7,25;25,3
3,7;7,25;25,37
3,7;7,26;26,3
3,7;7,26;26,37
3,7;7,27;27,3
3,7;7,27;27,37
3,7;7,28;28,3
3,7;7,28;28,37
3,7;7,29;29,3
3,7;7,29;29,37
3,7;7,30;30,3
3,7;7,30;30,37
3,7;7,31;31,3
3,7;7,31;31,37
3,7;7,32;32,3
3,7;7,32;32,37
3,8;8,9;9,3
3,8;8,9;9,37
3,8;8,10;10,3
3,8;8,10;10,37
3,8;8,11;11,3
3,8;8,11;11,37
3,8;8,12;12,3
3,8;8,12;12,37
3,8;8,13;13,3
3,8;8,13;13,37
3,8;8,14;14,3
3,8;8,14;14,37
3,8;8,15;15,3
3,8;8,15;15,37
3,8;8,16;16,3
3,8;8,16;16,37
3,8;8,17;17,3
3,8;8,17;17,37
3,8;8,18;18,3
3,8;8,18;18,37
3,8;8,19;19,3
3,8;8,19;19,37
3,8;8,21;21,3
3,8;8,21;21,37
3,8;8,22;22,3
3,8;8,22;22,37
3,8;8,23;23,3
3,8;8,23;23,37
3,8;8,24;24,3
3,8;8,24;24,37
3,8;8,25;25,3
3,8;8,25;25,37
3,8;8,26;26,3
3,8;8,26;26,37
3,8;8,27;27,3
3,8;8,27;27,37
3,8;8,28;28,3
3,8;8,28;28,37
3,8;8,29;29,3
3,8;8,29;29,37
3,8;8,30;30,3
3,8;8,30;30,37
3,8;8,31;31,3
3,8;8,31;31,37
3,9;9,10;10,3
3,9;9,10;10,37
3,9;9,11;11,3
3,9;9,11;11,37
3,9;9,12;12,3
3,9;9,12;12,37
3,9;9,13;13,3
3,9;9,13;13,37
3,9;9,14;14,3
3,9;9,14;14,37
3,9;9,15;15,3
3,9;9,15;15,37
3,9;9,16;16,3
3,9;9,16;16,37
3,9;9,17;17,3
3,9;9,17;17,37
3,9;9,18;18,3
3,9;9,18;18,37
3,9;9,19;19,3
3,9;9,19;19,37
3,9;9,21;21,3
3,9;9,21;21,37
3,9;9,22;22,3
3,9;9,22;22,37
3,9;9,23;23,3
3,9;9,23;23,37
3,9;9,24;24,3
3,9;9,24;24,37
3,9;9,25;25,3
3,9;9,25;25,37
3,9;9,26;26,3
3,9;9,26;26,37
3,9;9,27;27,3
3,9;9,27;27,37
3,9;9,28;28,3
3,9;9,28;28,37
3,9;9,29;29,3
3,9;9,29;29,37
3,9;9,30;30,3
3,9;9,30;30,37
3,10;10,11;11,3
3,10;10,11;11,37
3,10;10,12;12,3
3,10;10,12;12,37
3,10;10,13;13,3
3,10;10,13;13,37
3,10;10,14;14,3
3,10;10,14;14,37
3,10;10,15;15,3
3,10;10,15;15,37
3,10;10,16;16,3
3,10;10,16;16,37
3,10;10,17;17,3
3,10;10,17;17,37
3,10;10,18;18,3
3,10;10,18;18,37
3,10;10,19;19,3
3,10;10,19;19,37
3,10;10,21;21,3
3,10;10,21;21,37
3,10;10,22;22,3
3,10;10,22;22,37
3,10;10,23;23,3
3,10;10,23;23,37
3,10;10,24;24,3
3,10;10,24;24,37
3,10;10,25;25,3
3,10;10,25;25,37
3,10;10,26;26,3
3,10;10,26;26,37
3,10;10,27;27,3
3,10;10,27;27,37
3,10;10,28;28,3
3,10;10,28;28,37
3,10;10,29;29,3
3,10;10,29;29,37
3,11;11,12;12,3
3,11;11,12;12,37
3,11;11,13;13,3
3,11;11,13;13,37
3,11;11,14;14,3
3,11;11,14;14,37
3,11;11,15;15,3
3,11;11,15;15,37
3,11;11,16;16,3
3,11;11,16;16,37
3,11;11,17;17,3
3,11;11,17;17,37
3,11;11,18;18,3
3,11;11,18;18,37
3,11;11,19;19,3
3,11;11,19;19,37
3,11;11,21;21,3
3,11;11,21;21,37
3,11;11,22;22,3
3,11;11,22;22,37
3,11;11,23;23,3
3,11;11,23;23,37
3,11;11,24;24,3
3,11;11,24;24,37
3,11;11,25;25,3
3,11;11,25;25,37
3,11;11,26;26,3
3,11;11,26;26,37
3,11;11,27;27,3
3,11;11,27;27,37
3,11;11,28;28,3
3,11;11,28;28,37
3,12;12,13;13,3
3,12;12,13;13,37
3,12;12,14;14,3
3,12;12,14;14,37
3,12;12,15;15,3
3,12;12,15;15,37
3,12;12,16;16,3
3,12;12,16;16,37
3,12;12,17;17,3
3,12;12,17;17,37
3,12;12,18;18,3
3,12;12,18;18,37
3,12;12,19;19,3
3,12;12,19;19,37
3,12;12,21;21,3
3,12;12,21;21,37
3,12;12,22;22,3
3,12;12,22;22,37
3,12;12,23;23,3
3,12;12,23;23,37
3,12;12,24;24,3
3,12;12,24;24,37
3,12;12,25;25,3
3,12;12,25;25,37
3,12;12,26;26,3
3,12;12,26;26,37
3,12;12,27;27,3
3,12;12,27;27,37
3,13;13,14;14,3
3,13;13,14;14,37
3,13;13,15;15,3
3,13;13,15;15,37
3,13;13,16;16,3
3,13;13,16;16,37
3,13;13,17;17,3
3,13;13,17;17,37
3,13;13,18;18,3
3,13;13,18;18,37
3,13;13,19;19,3
3,13;13,19;19,37
3,13;13,21;21,3
3,13;13,21;21,37
3,13;13,22;22,3
3,13;13,22;22,37
3,13;13,23;23,3
3,13;13,23;23,37
3,13;13,24;24,3
3,13;13,24;24,37
3,13;13,25;25,3
3,13;13,25;25,37
3,13;13,26;26,3
3,13;13,26;26,37
3,14;14,15;15,3
3,14;14,15;15,37
3,14;14,16;16,3
3,14;14,16;16,37
3,14;14,17;17,3
3,14;14,17;17,37
3,14;14,18;18,3
3,14;14,18;18,37
3,14;14,19;19,3
3,14;14,19;19,37
3,14;14,21;21,3
3,14;14,21;21,37
3,14;14,22;22,3
3,14;14,22;22,37
3,14;14,23;23,3
3,14;14,23;23,37
3,14;14,24;24,3
3,14;14,24;24,37
3,14;14,25;25,3
3,14;14,25;25,37
3,15;15,16;16,3
3,15;15,16;16,37
3,15;15,17;17,3
3,15;15,17;17,37
3,15;15,18;18,3
3,15;15,18;18,37
3,15;15,19;19,3
3,15;15,19;19,37
3,15;15,21;21,3
3,15;15,21;21,37
3,15;15,22;22,3
3,15;15,22;22,37
3,15;15,23;23,3
3,15;15,23;23,37
3,15;15,24;24,3
3,15;15,24;24,37
3,16;16,17;17,3
3,16;16,17;17,37
3,16;16,18;18,3
3,16;16,18;18,37
3,16;16,19;19,3
3,16;16,19;19,37
3,16;16,21;21,3
3,16;16,21;21,37
3,16;16,22;22,3
3,16;16,22;22,37
3,16;16,23;23,3
3,16;16,23;23,37
3,17;17,18;18,3
3,17;17,18;18,37
3,17;17,19;19,3
3,17;17,19;19,37
3,17;17,21;21,3
3,17;17,21;21,37
3,17;17,22;22,3
3,17;17,22;22,37
3,18;18,19;19,3
3,18;18,19;19,37
3,18;18,21;21,3
3,18;18,21;21,37
4,5;5,6;6,4
4,5;5,6;6,36
4,5;5,7;7,4
4,5;5,7;7,36
4,5;5,8;8,4
4,5;5,8;8,36
4,5;5,9;9,4
4,5;5,9;9,36
4,5;5,10;10,4
4,5;5,10;10,36
4,5;5,11;11,4
4,5;5,11;11,36
4,5;5,12;12,4
4,5;5,12;12,36
4,5;5,13;13,4
4,5;5,13;13,36
4,5;5,14;14,4
4,5;5,14;14,36
4,5;5,15;15,4
4,5;5,15;15,36
4,5;5,16;16,4
4,5;5,16;16,36
4,5;5,17;17,4
4,5;5,17;17,36
4,5;5,18;18,4
4,5;5,18;18,36
4,5;5,19;19,4
4,5;5,19;19,36
4,5;5,21;21,4
4,5;5,21;21,36
4,5;5,22;22,4
4,5;5,22;22,36
4,5;5,23;23,4
4,5;5,23;23,36
4,5;5,24;24,4
4,5;5,24;24,36
4,5;5,25;25,4
4,5;5,25;25,36
4,5;5,26;26,4
4,5;5,26;26,36
4,5;5,27;27,4
4,5;5,27;27,36
4,5;5,28;28,4
4,5;5,28;28,36
4,5;5,29;29,4
4,5;5,29;29,36
4,5;5,30;30,4
4,5;5,30;30,36
4,5;5,31;31,4
4,5;5,31;31,36
4,5;5,32;32,4
4,5;5,32;32,36
4,5;5,33;33,4
4,5;5,33;33,36
4,5;5,34;34,4
4,5;5,34;34,36
4,6;6,7;7,4
4,6;6,7;7,36
4,6;6,8;8,4
4,6;6,8;8,36
4,6;6,9;9,4
4,6;6,9;9,36
4,6;6,10;10,4
4,6;6,10;10,36
4,6;6,11;11,4
4,6;6,11;11,36
4,6;6,12;12,4
4,6;6,12;12,36
4,6;6,13;13,4
4,6;6,13;13,36
4,6;6,14;14,4
4,6;6,14;14,36
4,6;6,15;15,4
4,6;6,15;15,36
4,6;6,16;16,4
4,6;6,16;16,36
4,6;6,17;17,4
4,6;6,17;17,36
4,6;6,18;18,4
4,6;6,18;18,36
4,6;6,19;19,4
4,6;6,19;19,36
4,6;6,21;21,4
4,6;6,21;21,36
4,6;6,22;22,4
4,6;6,22;22,36
4,6;6,23;23,4
4,6;6,23;23,36
4,6;6,24;24,4
4,6;6,24;24,36
4,6;6,25;25,4
4,6;6,25;25,36
4,6;6,26;26,4
4,6;6,26;26,36
4,6;6,27;27,4
4,6;6,27;27,36
4,6;6,28;28,4
4,6;6,28;28,36
4,6;6,29;29,4
4,6;6,29;29,36
4,6;6,30;30,4
4,6;6,30;30,36
4,6;6,31;31,4
4,6;6,31;31,36
4,6;6,32;32,4
4,6;6,32;32,36
4,6;6,33;33,4
4,6;6,33;33,36
4,7;7,8;8,4
4,7;7,8;8,36
4,7;7,9;9,4
4,7;7,9;9,36
4,7;7,10;10,4
4,7;7,10;10,36
4,7;7,11;11,4
4,7;7,11;11,36
4,7;7,12;12,4
4,7;7,12;12,36
4,7;7,13;13,4
4,7;7,13;13,36
4,7;7,14;14,4
4,7;7,14;14,36
4,7;7,15;15,4
4,7;7,15;15,36
4,7;7,16;16,4
4,7;7,16;16,36
4,7;7,17;17,4
4,7;7,17;17,36
4,7;7,18;18,4
4,7;7,18;18,36
4,7;7,19;19,4
4,7;7,19;19,36
4,7;7,21;21,4
4,7;7,21;21,36
4,7;7,22;22,4
4,7;7,22;22,36
4,7;7,23;23,4
4,7;7,23;23,36
4,7;7,24;24,4
4,7;7,24;24,36
4,7;7,25;25,4
4,7;7,25;25,36
4,7;7,26;26,4
4,7;7,26;26,36
4,7;7,27;27,4
4,7;7,27;27,36
4,7;7,28;28,4
4,7;7,28;28,36
4,7;7,29;29,4
4,7;7,29;29,36
4,7;7,30;30,4
4,7;7,30;30,36
4,7;7,31;31,4
4,7;7,31;31,36
4,7;7,32;32,4
4,7;7,32;32,36
4,8;8,9;9,4
4,8;8,9;9,36
4,8;8,10;10,4
4,8;8,10;10,36
4,8;8,11;11,4
4,8;8,11;11,36
4,8;8,12;12,4
4,8;8,12;12,36
4,8;8,13;13,4
4,8;8,13;13,36
4,8;8,14;14,4
4,8;8,14;14,36
4,8;8,15;15,4
4,8;8,15;15,36
4,8;8,16;16,4
4,8;8,16;16,36
4,8;8,17;17,4
4,8;8,17;17,36
4,8;8,18;18,4
4,8;8,18;18,36
4,8;8,19;19,4
4,8;8,19;19,36
4,8;8,21;21,4
4,8;8,21;21,36
4,8;8,22;22,4
4,8;8,22;22,36
4,8;8,23;23,4
4,8;8,23;23,36
4,8;8,24;24,4
4,8;8,24;24,36
4,8;8,25;25,4
4,8;8,25;25,36
4,8;8,26;26,4
4,8;8,26;26,36
4,8;8,27;27,4
4,8;8,27;27,36
4,8;8,28;28,4
4,8;8,28;28,36
4,8;8,29;29,4
4,8;8,29;29,36
4,8;8,30;30,4
4,8;8,30;30,36
4,8;8,31;31,4
4,8;8,31;31,36
4,9;9,10;10,4
4,9;9,10;10,36
4,9;9,11;11,4
4,9;9,11;11,36
4,9;9,12;12,4
4,9;9,12;12,36
4,9;9,13;13,4
4,9;9,13;13,36
4,9;9,14;14,4
4,9;9,14;14,36
4,9;9,15;15,4
4,9;9,15;15,36
4,9;9,16;16,4
4,9;9,16;16,36
4,9;9,17;17,4
4,9;9,17;17,36
4,9;9,18;18,4
4,9;9,18;18,36
4,9;9,19;19,4
4,9;9,19;19,36
4,9;9,21;21,4
4,9;9,21;21,36
4,9;9,22;22,4
4,9;9,22;22,36
4,9;9,23;23,4
4,9;9,23;23,36
4,9;9,24;24,4
4,9;9,24;24,36
4,9;9,25;25,4
4,9;9,25;25,36
4,9;9,26;26,4
4,9;9,26;26,36
4,9;9,27;27,4
4,9;9,27;27,36
4,9;9,28;28,4
4,9;9,28;28,36
4,9;9,29;29,4
4,9;9,29;29,36
4,9;9,30;30,4
4,9;9,30;30,36
4,10;10,11;11,4
4,10;10,11;11,36
4,10;10,12;12,4
4,10;10,12;12,36
4,10;10,13;13,4
4,10;10,13;13,36
4,10;10,14;14,4
4,10;10,14;14,36
4,10;10,15;15,4
4,10;10,15;15,36
4,10;10,16;16,4
4,10;10,16;16,36
4,10;10,17;17,4
4,10;10,17;17,36
4,10;10,18;18,4
4,10;10,18;18,36
4,10;10,19;19,4
4,10;10,19;19,36
4,10;10,21;21,4
4,10;10,21;21,36
4,10;10,22;22,4
4,10;10,22;22,36
4,10;10,23;23,4
4,10;10,23;23,36
4,10;10,24;24,4
4,10;10,24;24,36
4,10;10,25;25,4
4,10;10,25;25,36
4,10;10,26;26,4
4,10;10,26;26,36
4,10;10,27;27,4
4,10;10,27;27,36
4,10;10,28;28,4
4,10;10,28;28,36
4,10;10,29;29,4
4,10;10,29;29,36
4,11;11,12;12,4
4,11;11,12;12,36
4,11;11,13;13,4
4,11;11,13;13,36
4,11;11,14;14,4
4,11;11,14;14,36
4,11;11,15;15,4
4,11;11,15;15,36
4,11;11,16;16,4
4,11;11,16;16,36
4,11;11,17;17,4
4,11;11,17;17,36
4,11;11,18;18,4
4,11;11,18;18,36
4,11;11,19;19,4
4,11;11,19;19,36
4,11;11,21;21,4
4,11;11,21;21,36
4,11;11,22;22,4
4,11;11,22;22,36
4,11;11,23;23,4
4,11;11,23;23,36
4,11;11,24;24,4
4,11;11,24;24,36
4,11;11,25;25,4
4,11;11,25;25,36
4,11;11,26;26,4
4,11;11,26;26,36
4,11;11,27;27,4
4,11;11,27;27,36
4,11;11,28;28,4
4,11;11,28;28,36
4,12;12,13;13,4
4,12;12,13;13,36
4,12;12,14;14,4
4,12;12,14;14,36
4,12;12,15;15,4
4,12;12,15;15,36
4,12;12,16;16,4
4,12;12,16;16,36
4,12;12,17;17,4
4,12;12,17;17,36
4,12;12,18;18,4
4,12;12,18;18,36
4,12;12,19;19,4
4,12;12,19;19,36
4,12;12,21;21,4
4,12;12,21;21,36
4,12;12,22;22,4
4,12;12,22;22,36
4,12;12,23;23,4
4,12;12,23;23,36
4,12;12,24;24,4
4,12;12,24;24,36
4,12;12,25;25,4
4,12;12,25;25,36
4,12;12,26;26,4
4,12;12,26;26,36
4,12;12,27;27,4
4,12;12,27;27,36
4,13;13,14;14,4
4,13;13,14;14,36
4,13;13,15;15,4
4,13;13,15;15,36
4,13;13,16;16,4
4,13;13,16;16,36
4,13;13,17;17,4
4,13;13,17;17,36
4,13;13,18;18,4
4,13;13,18;18,36
4,13;13,19;19,4
4,13;13,19;19,36
4,13;13,21;21,4
4,13;13,21;21,36
4,13;13,22;22,4
4,13;13,22;22,36
4,13;13,23;23,4
4,13;13,23;23,36
4,13;13,24;24,4
4,13;13,24;24,36
4,13;13,25;25,4
4,13;13,25;25,36
4,13;13,26;26,4
4,13;13,26;26,36
4,14;14,15;15,4
4,14;14,15;15,36
4,14;14,16;16,4
4,14;14,16;16,36
4,14;14,17;17,4
4,14;14,17;17,36
4,14;14,18;18,4
4,14;14,18;18,36
4,14;14,19;19,4
4,14;14,19;19,36
4,14;14,21;21,4
4,14;14,21;21,36
4,14;14,22;22,4
4,14;14,22;22,36
4,14;14,23;23,4
4,14;14,23;23,36
4,14;14,24;24,4
4,14;14,24;24,36
4,14;14,25;25,4
4,14;14,25;25,36
4,15;15,16;16,4
4,15;15,16;16,36
4,15;15,17;17,4
4,15;15,17;17,36
4,15;15,18;18,4
4,15;15,18;18,36
4,15;15,19;19,4
4,15;15,19;19,36
4,15;15,21;21,4
4,15;15,21;21,36
4,15;15,22;22,4
4,15;15,22;22,36
4,15;15,23;23,4
4,15;15,23;23,36
4,15;15,24;24,4
4,15;15,24;24,36
4,16;16,17;17,4
4,16;16,17;17,36
4,16;16,18;18,4
4,16;16,18;18,36
4,16;16,19;19,4
4,16;16,19;19,36
4,16;16,21;21,4
4,16;16,21;21,36
4,16;16,22;22,4
4,16;16,22;22,36
4,16;16,23;23,4
4,16;16,23;23,36
4,17;17,18;18,4
4,17;17,18;18,36
4,17;17,19;19,4
4,17;17,19;19,36
4,17;17,21;21,4
4,17;17,21;21,36
4,17;17,22;22,4
4,17;17,22;22,36
4,18;18,19;19,4
4,18;18,19;19,36
4,18;18,21;21,4
4,18;18,21;21,36
5,6;6,7;7,5
5,6;6,7;7,35
5,6;6,8;8,5
5,6;6,8;8,35
5,6;6,9;9,5
5,6;6,9;9,35
5,6;6,10;10,5
5,6;6,10;10,35
5,6;6,11;11,5
5,6;6,11;11,35
5,6;6,12;12,5
5,6;6,12;12,35
5,6;6,13;13,5
5,6;6,13;13,35
5,6;6,14;14,5
5,6;6,14;14,35
5,6;6,15;15,5
5,6;6,15;15,35
5,6;6,16;16,5
5,6;6,16;16,35
5,6;6,17;17,5
5,6;6,17;17,35
5,6;6,18;18,5
5,6;6,18;18,35
5,6;6,19;19,5
5,6;6,19;19,35
5,6;6,21;21,5
5,6;6,21;21,35
5,6;6,22;22,5
5,6;6,22;22,35
5,6;6,23;23,5
5,6;6,23;23,35
5,6;6,24;24,5
5,6;6,24;24,35
5,6;6,25;25,5
5,6;6,25;25,35
5,6;6,26;26,5
5,6;6,26;26,35
5,6;6,27;27,5
5,6;6,27;27,35
5,6;6,28;28,5
5,6;6,28;28,35
5,6;6,29;29,5
5,6;6,29;29,35
5,6;6,30;30,5
5,6;6,30;30,35
5,6;6,31;31,5
5,6;6,31;31,35
5,6;6,32;32,5
5,6;6,32;32,35
5,6;6,33;33,5
5,6;6,33;33,35
5,7;7,8;8,5
5,7;7,8;8,35
5,7;7,9;9,5
5,7;7,9;9,35
5,7;7,10;10,5
5,7;7,10;10,35
5,7;7,11;11,5
5,7;7,11;11,35
5,7;7,12;12,5
5,7;7,12;12,35
5,7;7,13;13,5
5,7;7,13;13,35
5,7;7,14;14,5
5,7;7,14;14,35
5,7;7,15;15,5
5,7;7,15;15,35
5,7;7,16;16,5
5,7;7,16;16,35
5,7;7,17;17,5
5,7;7,17;17,35
5,7;7,18;18,5
5,7;7,18;18,35
5,7;7,19;19,5
5,7;7,19;19,35
5,7;7,21;21,5
5,7;7,21;21,35
5,7;7,22;22,5
5,7;7,22;22,35
5,7;7,23;23,5
5,7;7,23;23,35
5,7;7,24;24,5
5,7;7,24;24,35
5,7;7,25;25,5
5,7;7,25;25,35
5,7;7,26;26,5
5,7;7,26;26,35
5,7;7,27;27,5
5,7;7,27;27,35
5,7;7,28;28,5
5,7;7,28;28,35
5,7;7,29;29,5
5,7;7,29;29,35
5,7;7,30;30,5
5,7;7,30;30,35
5,7;7,31;31,5
5,7;7,31;31,35
5,7;7,32;32,5
5,7;7,32;32,35
5,8;8,9;9,5
5,8;8,9;9,35
5,8;8,10;10,5
5,8;8,10;10,35
5,8;8,11;11,5
5,8;8,11;11,35
5,8;8,12;12,5
5,8;8,12;12,35
5,8;8,13;13,5
5,8;8,13;13,35
5,8;8,14;14,5
5,8;8,14;14,35
5,8;8,15;15,5
5,8;8,15;15,35
5,8;8,16;16,5
5,8;8,16;16,35
5,8;8,17;17,5
5,8;8,17;17,35
5,8;8,18;18,5
5,8;8,18;18,35
5,8;8,19;19,5
5,8;8,19;19,35
5,8;8,21;21,5
5,8;8,21;21,35
5,8;8,22;22,5
5,8;8,22;22,35
5,8;8,23;23,5
5,8;8,23;23,35
5,8;8,24;24,5
5,8;8,24;24,35
5,8;8,25;25,5
5,8;8,25;25,35
5,8;8,26;26,5
5,8;8,26;26,35
5,8;8,27;27,5
5,8;8,27;27,35
5,8;8,28;28,5
5,8;8,28;28,35
5,8;8,29;29,5
5,8;8,29;29,35
5,8;8,30;30,5
5,8;8,30;30,35
5,8;8,31;31,5
5,8;8,31;31,35
5,9;9,10;10,5
5,9;9,10;10,35
5,9;9,11;11,5
5,9;9,11;11,35
5,9;9,12;12,5
5,9;9,12;12,35
5,9;9,13;13,5
5,9;9,13;13,35
5,9;9,14;14,5
5,9;9,14;14,35
5,9;9,15;15,5
5,9;9,15;15,35
5,9;9,16;16,5
5,9;9,16;16,35
5,9;9,17;17,5
5,9;9,17;17,35
5,9;9,18;18,5
5,9;9,18;18,35
5,9;9,19;19,5
5,9;9,19;19,35
5,9;9,21;21,5
5,9;9,21;21,35
5,9;9,22;22,5
5,9;9,22;22,35
5,9;9,23;23,5
5,9;9,23;23,35
5,9;9,24;24,5
5,9;9,24;24,35
5,9;9,25;25,5
5,9;9,25;25,35
5,9;9,26;26,5
5,9;9,26;26,35
5,9;9,27;27,5
5,9;9,27;27,35
5,9;9,28;28,5
5,9;9,28;28,35
5,9;9,29;29,5
5,9;9,29;29,35
5,9;9,30;30,5
5,9;9,30;30,35
5,10;10,11;11,5
5,10;10,11;11,35
5,10;10,12;12,5
5,10;10,12;12,35
5,10;10,13;13,5
5,10;10,13;13,35
5,10;10,14;14,5
5,10;10,14;14,35
5,10;10,15;15,5
5,10;10,15;15,35
5,10;10,16;16,5
5,10;10,16;16,35
5,10;10,17;17,5
5,10;10,17;17,35
5,10;10,18;18,5
5,10;10,18;18,35
5,10;10,19;19,5
5,10;10,19;19,35
5,10;10,21;21,5
5,10;10,21;21,35
5,10;10,22;22,5
5,10;10,22;22,35
5,10;10,23;23,5
5,10;10,23;23,35
5,10;10,24;24,5
5,10;10,24;24,35
5,10;10,25;25,5
5,10;10,25;25,35
5,10;10,26;26,5
5,10;10,26;26,35
5,10;10,27;27,5
5,10;10,27;27,35
5,10;10,28;28,5
5,10;10,28;28,35
5,10;10,29;29,5
5,10;10,29;29,35
5,11;11,12;12,5
5,11;11,12;12,35
5,11;11,13;13,5
5,11;11,13;13,35
5,11;11,14;14,5
5,11;11,14;14,35
5,11;11,15;15,5
5,11;11,15;15,35
5,11;11,16;16,5
5,11;11,16;16,35
5,11;11,17;17,5
5,11;11,17;17,35
5,11;11,18;18,5
5,11;11,18;18,35
5,11;11,19;19,5
5,11;11,19;19,35
5,11;11,21;21,5
5,11;11,21;21,35
5,11;11,22;22,5
5,11;11,22;22,35
5,11;11,23;23,5
5,11;11,23;23,35
5,11;11,24;24,5
5,11;11,24;24,35
5,11;11,25;25,5
5,11;11,25;25,35
5,11;11,26;26,5
5,11;11,26;26,35
5,11;11,27;27,5
5,11;11,27;27,35
5,11;11,28;28,5
5,11;11,28;28,35
5,12;12,13;13,5
5,12;12,13;13,35
5,12;12,14;14,5
5,12;12,14;14,35
5,12;12,15;15,5
5,12;12,15;15,35
5,12;12,16;16,5
5,12;12,16;16,35
5,12;12,17;17,5
5,12;12,17;17,35
5,12;12,18;18,5
5,12;12,18;18,35
5,12;12,19;19,5
5,12;12,19;19,35
5,12;12,21;21,5
5,12;12,21;21,35
5,12;12,22;22,5
5,12;12,22;22,35
5,12;12,23;23,5
5,12;12,23;23,35
5,12;12,24;24,5
5,12;12,24;24,35
5,12;12,25;25,5
5,12;12,25;25,35
5,12;12,26;26,5
5,12;12,26;26,35
5,12;12,27;27,5
5,12;12,27;27,35
5,13;13,14;14,5
5,13;13,14;14,35
5,13;13,15;15,5
5,13;13,15;15,35
5,13;13,16;16,5
5,13;13,16;16,35
5,13;13,17;17,5
5,13;13,17;17,35
5,13;13,18;18,5
5,13;13,18;18,35
5,13;13,19;19,5
5,13;13,19;19,35
5,13;13,21;21,5
5,13;13,21;21,35
5,13;13,22;22,5
5,13;13,22;22,35
5,13;13,23;23,5
5,13;13,23;23,35
5,13;13,24;24,5
5,13;13,24;24,35
5,13;13,25;25,5
5,13;13,25;25,35
5,13;13,26;26,5
5,13;13,26;26,35
5,14;14,15;15,5
5,14;14,15;15,35
5,14;14,16;16,5
5,14;14,16;16,35
5,14;14,17;17,5
5,14;14,17;17,35
5,14;14,18;18,5
5,14;14,18;18,35
5,14;14,19;19,5
5,14;14,19;19,35
5,14;14,21;21,5
5,14;14,21;21,35
5,14;14,22;22,5
5,14;14,22;22,35
5,14;14,23;23,5
5,14;14,23;23,35
5,14;14,24;24,5
5,14;14,24;24,35
5,14;14,25;25,5
5,14;14,25;25,35
5,15;15,16;16,5
5,15;15,16;16,35
5,15;15,17;17,5
5,15;15,17;17,35
5,15;15,18;18,5
5,15;15,18;18,35
5,15;15,19;19,5
5,15;15,19;19,35
5,15;15,21;21,5
5,15;15,21;21,35
5,15;15,22;22,5
5,15;15,22;22,35
5,15;15,23;23,5
5,15;15,23;23,35
5,15;15,24;24,5
5,15;15,24;24,35
5,16;16,17;17,5
5,16;16,17;17,35
5,16;16,18;18,5
5,16;16,18;18,35
5,16;16,19;19,5
5,16;16,19;19,35
5,16;16,21;21,5
5,16;16,21;21,35
5,16;16,22;22,5
5,16;16,22;22,35
5,16;16,23;23,5
5,16;16,23;23,35
5,17;17,18;18,5
5,17;17,18;18,35
5,17;17,19;19,5
5,17;17,19;19,35
5,17;17,21;21,5
5,17;17,21;21,35
5,17;17,22;22,5
5,17;17,22;22,35
5,18;18,19;19,5
5,18;18,19;19,35
5,18;18,21;21,5
5,18;18,21;21,35
6,7;7,8;8,6
6,7;7,8;8,34
6,7;7,9;9,6
6,7;7,9;9,34
6,7;7,10;10,6
6,7;7,10;10,34
6,7;7,11;11,6
6,7;7,11;11,34
6,7;7,12;12,6
6,7;7,12;12,34
6,7;7,13;13,6
6,7;7,13;13,34
6,7;7,14;14,6
6,7;7,14;14,34
6,7;7,15;15,6
6,7;7,15;15,34
6,7;7,16;16,6
6,7;7,16;16,34
6,7;7,17;17,6
6,7;7,17;17,34
6,7;7,18;18,6
6,7;7,18;18,34
6,7;7,19;19,6
6,7;7,19;19,34
6,7;7,21;21,6
6,7;7,21;21,34
6,7;7,22;22,6
6,7;7,22;22,34
6,7;7,23;23,6
6,7;7,23;23,34
6,7;7,24;24,6
6,7;7,24;24,34
6,7;7,25;25,6
6,7;7,25;25,34
6,7;7,26;26,6
6,7;7,26;26,34
6,7;7,27;27,6
6,7;7,27;27,34
6,7;7,28;28,6
6,7;7,28;28,34
6,7;7,29;29,6
6,7;7,29;29,34
6,7;7,30;30,6
6,7;7,30;30,34
6,7;7,31;31,6
6,7;7,31;31,34
6,7;7,32;32,6
6,7;7,32;32,34
6,8;8,9;9,6
6,8;8,9;9,34
6,8;8,10;10,6
6,8;8,10;10,34
6,8;8,11;11,6
6,8;8,11;11,34
6,8;8,12;12,6
6,8;8,12;12,34
6,8;8,13;13,6
6,8;8,13;13,34
6,8;8,14;14,6
6,8;8,14;14,34
6,8;8,15;15,6
6,8;8,15;15,34
6,8;8,16;16,6
6,8;8,16;16,34
6,8;8,17;17,6
6,8;8,17;17,34
6,8;8,18;18,6
6,8;8,18;18,34
6,8;8,19;19,6
6,8;8,19;19,34
6,8;8,21;21,6
6,8;8,21;21,34
6,8;8,22;22,6
6,8;8,22;22,34
6,8;8,23;23,6
6,8;8,23;23,34
6,8;8,24;24,6
6,8;8,24;24,34
6,8;8,25;25,6
6,8;8,25;25,34
6,8;8,26;26,6
6,8;8,26;26,34
6,8;8,27;27,6
6,8;8,27;27,34
6,8;8,28;28,6
6,8;8,28;28,34
6,8;8,29;29,6
6,8;8,29;29,34
6,8;8,30;30,6
6,8;8,30;30,34
6,8;8,31;31,6
6,8;8,31;31,34
6,9;9,10;10,6
6,9;9,10;10,34
6,9;9,11;11,6
6,9;9,11;11,34
6,9;9,12;12,6
6,9;9,12;12,34
6,9;9,13;13,6
6,9;9,13;13,34
6,9;9,14;14,6
6,9;9,14;14,34
6,9;9,15;15,6
6,9;9,15;15,34
6,9;9,16;16,6
6,9;9,16;16,34
6,9;9,17;17,6
6,9;9,17;17,34
6,9;9,18;18,6
6,9;9,18;18,34
6,9;9,19;19,6
6,9;9,19;19,34
6,9;9,21;21,6
6,9;9,21;21,34
6,9;9,22;22,6
6,9;9,22;22,34
6,9;9,23;23,6
6,9;9,23;23,34
6,9;9,24;24,6
6,9;9,24;24,34
6,9;9,25;25,6
6,9;9,25;25,34
6,9;9,26;26,6
6,9;9,26;26,34
6,9;9,27;27,6
6,9;9,27;27,34
6,9;9,28;28,6
6,9;9,28;28,34
6,9;9,29;29,6
6,9;9,29;29,34
6,9;9,30;30,6
6,9;9,30;30,34
6,10;10,11;11,6
6,10;10,11;11,34
6,10;10,12;12,6
6,10;10,12;12,34
6,10;10,13;13,6
6,10;10,13;13,34
6,10;10,14;14,6
6,10;10,14;14,34
6,10;10,15;15,6
6,10;10,15;15,34
6,10;10,16;16,6
6,10;10,16;16,34
6,10;10,17;17,6
6,10;10,17;17,34
6,10;10,18;18,6
6,10;10,18;18,34
6,10;10,19;19,6
6,10;10,19;19,34
6,10;10,21;21,6
6,10;10,21;21,34
6,10;10,22;22,6
6,10;10,22;22,34
6,10;10,23;23,6
6,10;10,23;23,34
6,10;10,24;24,6
6,10;10,24;24,34
6,10;10,25;25,6
6,10;10,25;25,34
6,10;10,26;26,6
6,10;10,26;26,34
6,10;10,27;27,6
6,10;10,27;27,34
6,10;10,28;28,6
6,10;10,28;28,34
6,10;10,29;29,6
6,10;10,29;29,34
6,11;11,12;12,6
6,11;11,12;12,34
6,11;11,13;13,6
6,11;11,13;13,34
6,11;11,14;14,6
6,11;11,14;14,34
6,11;11,15;15,6
6,11;11,15;15,34
6,11;11,16;16,6
6,11;11,16;16,34
6,11;11,17;17,6
6,11;11,17;17,34
6,11;11,18;18,6
6,11;11,18;18,34
6,11;11,19;19,6
6,11;11,19;19,34
6,11;11,21;21,6
6,11;11,21;21,34
6,11;11,22;22,6
6,11;11,22;22,34
6,11;11,23;23,6
6,11;11,23;23,34
6,11;11,24;24,6
6,11;11,24;24,34
6,11;11,25;25,6
6,11;11,25;25,34
6,11;11,26;26,6
6,11;11,26;26,34
6,11;11,27;27,6
6,11;11,27;27,34
6,11;11,28;28,6
6,11;11,28;28,34
6,12;12,13;13,6
6,12;12,13;13,34
6,12;12,14;14,6
6,12;12,14;14,34
6,12;12,15;15,6
6,12;12,15;15,34
6,12;12,16;16,6
6,12;12,16;16,34
6,12;12,17;17,6
6,12;12,17;17,34
6,12;12,18;18,6
6,12;12,18;18,34
6,12;12,19;19,6
6,12;12,19;19,34
6,12;12,21;21,6
6,12;12,21;21,34
6,12;12,22;22,6
6,12;12,22;22,34
6,12;12,23;23,6
6,12;12,23;23,34
6,12;12,24;24,6
6,12;12,24;24,34
6,12;12,25;25,6
6,12;12,25;25,34
6,12;12,26;26,6
6,12;12,26;26,34
6,12;12,27;27,6
6,12;12,27;27,34
6,13;13,14;14,6
6,13;13,14;14,34
6,13;13,15;15,6
6,13;13,15;15,34
6,13;13,16;16,6
6,13;13,16;16,34
6,13;13,17;17,6
6,13;13,17;17,34
6,13;13,18;18,6
6,13;13,18;18,34
6,13;13,19;19,6
6,13;13,19;19,34
6,13;13,21;21,6
6,13;13,21;21,34
6,13;13,22;22,6
6,13;13,22;22,34
6,13;13,23;23,6
6,13;13,23;23,34
6,13;13,24;24,6
6,13;13,24;24,34
6,13;13,25;25,6
6,13;13,25;25,34
6,13;13,26;26,6
6,13;13,26;26,34
6,14;14,15;15,6
6,14;14,15;15,34
6,14;14,16;16,6
6,14;14,16;16,34
6,14;14,17;17,6
6,14;14,17;17,34
6,14;14,18;18,6
6,14;14,18;18,34
6,14;14,19;19,6
6,14;14,19;19,34
6,14;14,21;21,6
6,14;14,21;21,34
6,14;14,22;22,6
6,14;14,22;22,34
6,14;14,23;23,6
6,14;14,23;23,34
6,14;14,24;24,6
6,14;14,24;24,34
6,14;14,25;25,6
6,14;14,25;25,34
6,15;15,16;16,6
6,15;15,16;16,34
6,15;15,17;17,6
6,15;15,17;17,34
6,15;15,18;18,6
6,15;15,18;18,34
6,15;15,19;19,6
6,15;15,19;19,34
6,15;15,21;21,6
6,15;15,21;21,34
6,15;15,22;22,6
6,15;15,22;22,34
6,15;15,23;23,6
6,15;15,23;23,34
6,15;15,24;24,6
6,15;15,24;24,34
6,16;16,17;17,6
6,16;16,17;17,34
6,16;16,18;18,6
6,16;16,18;18,34
6,16;16,19;19,6
6,16;16,19;19,34
6,16;16,21;21,6
6,16;16,21;21,34
6,16;16,22;22,6
6,16;16,22;22,34
6,16;16,23;23,6
6,16;16,23;23,34
6,17;17,18;18,6
6,17;17,18;18,34
6,17;17,19;19,6
6,17;17,19;19,34
6,17;17,21;21,6
6,17;17,21;21,34
6,17;17,22;22,6
6,17;17,22;22,34
6,18;18,19;19,6
6,18;18,19;19,34
6,18;18,21;21,6
6,18;18,21;21,34
7,8;8,9;9,7
7,8;8,9;9,33
7,8;8,10;10,7
7,8;8,10;10,33
7,8;8,11;11,7
7,8;8,11;11,33
7,8;8,12;12,7
7,8;8,12;12,33
7,8;8,13;13,7
7,8;8,13;13,33
7,8;8,14;14,7
7,8;8,14;14,33
7,8;8,15;15,7
7,8;8,15;15,33
7,8;8,16;16,7
7,8;8,16;16,33
7,8;8,17;17,7
7,8;8,17;17,33
7,8;8,18;18,7
7,8;8,18;18,33
7,8;8,19;19,7
7,8;8,19;19,33
7,8;8,21;21,7
7,8;8,21;21,33
7,8;8,22;22,7
7,8;8,22;22,33
7,8;8,23;23,7
7,8;8,23;23,33
7,8;8,24;24,7
7,8;8,24;24,33
7,8;8,25;25,7
7,8;8,25;25,33
7,8;8,26;26,7
7,8;8,26;26,33
7,8;8,27;27,7
7,8;8,27;27,33
7,8;8,28;28,7
7,8;8,28;28,33
7,8;8,29;29,7
7,8;8,29;29,33
7,8;8,30;30,7
7,8;8,30;30,33
7,8;8,31;31,7
7,8;8,31;31,33
7,9;9,10;10,7
7,9;9,10;10,33
7,9;9,11;11,7
7,9;9,11;11,33
7,9;9,12;12,7
7,9;9,12;12,33
7,9;9,13;13,7
7,9;9,13;13,33
7,9;9,14;14,7
7,9;9,14;14,33
7,9;9,15;15,7
7,9;9,15;15,33
7,9;9,16;16,7
7,9;9,16;16,33
7,9;9,17;17,7
7,9;9,17;17,33
7,9;9,18;18,7
7,9;9,18;18,33
7,9;9,19;19,7
7,9;9,19;19,33
7,9;9,21;21,7
7,9;9,21;21,33
7,9;9,22;22,7
7,9;9,22;22,33
7,9;9,23;23,7
7,9;9,23;23,33
7,9;9,24;24,7
7,9;9,24;24,33
7,9;9,25;25,7
7,9;9,25;25,33
7,9;9,26;26,7
7,9;9,26;26,33
7,9;9,27;27,7
7,9;9,27;27,33
7,9;9,28;28,7
7,9;9,28;28,33
7,9;9,29;29,7
7,9;9,29;29,33
7,9;9,30;30,7
7,9;9,30;30,33
7,10;10,11;11,7
7,10;10,11;11,33
7,10;10,12;12,7
7,10;10,12;12,33
7,10;10,13;13,7
7,10;10,13;13,33
7,10;10,14;14,7
7,10;10,14;14,33
7,10;10,15;15,7
7,10;10,15;15,33
7,10;10,16;16,7
7,10;10,16;16,33
7,10;10,17;17,7
7,10;10,17;17,33
7,10;10,18;18,7
7,10;10,18;18,33
7,10;10,19;19,7
7,10;10,19;19,33
7,10;10,21;21,7
7,10;10,21;21,33
7,10;10,22;22,7
7,10;10,22;22,33
7,10;10,23;23,7
7,10;10,23;23,33
7,10;10,24;24,7
7,10;10,24;24,33
7,10;10,25;25,7
7,10;10,25;25,33
7,10;10,26;26,7
7,10;10,26;26,33
7,10;10,27;27,7
7,10;10,27;27,33
7,10;10,28;28,7
7,10;10,28;28,33
7,10;10,29;29,7
7,10;10,29;29,33
7,11;11,12;12,7
7,11;11,12;12,33
7,11;11,13;13,7
7,11;11,13;13,33
7,11;11,14;14,7
7,11;11,14;14,33
7,11;11,15;15,7
7,11;11,15;15,33
7,11;11,16;16,7
7,11;11,16;16,33
7,11;11,17;17,7
7,11;11,17;17,33
7,11;11,18;18,7
7,11;11,18;18,33
7,11;11,19;19,7
7,11;11,19;19,33
7,11;11,21;21,7
7,11;11,21;21,33
7,11;11,22;22,7
7,11;11,22;22,33
7,11;11,23;23,7
7,11;11,23;23,33
7,11;11,24;24,7
7,11;11,24;24,33
7,11;11,25;25,7
7,11;11,25;25,33
7,11;11,26;26,7
7,11;11,26;26,33
7,11;11,27;27,7
7,11;11,27;27,33
7,11;11,28;28,7
7,11;11,28;28,33
7,12;12,13;13,7
7,12;12,13;13,33
7,12;12,14;14,7
7,12;12,14;14,33
7,12;12,15;15,7
7,12;12,15;15,33
7,12;12,16;16,7
7,12;12,16;16,33
7,12;12,17;17,7
7,12;12,17;17,33
7,12;12,18;18,7
7,12;12,18;18,33
7,12;12,19;19,7
7,12;12,19;19,33
7,12;12,21;21,7
7,12;12,21;21,33
7,12;12,22;22,7
7,12;12,22;22,33
7,12;12,23;23,7
7,12;12,23;23,33
7,12;12,24;24,7
7,12;12,24;24,33
7,12;12,25;25,7
7,12;12,25;25,33
7,12;12,26;26,7
7,12;12,26;26,33
7,12;12,27;27,7
7,12;12,27;27,33
7,13;13,14;14,7
7,13;13,14;14,33
7,13;13,15;15,7
7,13;13,15;15,33
7,13;13,16;16,7
7,13;13,16;16,33
7,13;13,17;17,7
7,13;13,17;17,33
7,13;13,18;18,7
7,13;13,18;18,33
7,13;13,19;19,7
7,13;13,19;19,33
7,13;13,21;21,7
7,13;13,21;21,33
7,13;13,22;22,7
7,13;13,22;22,33
7,13;13,23;23,7
7,13;13,23;23,33
7,13;13,24;24,7
7,13;13,24;24,33
7,13;13,25;25,7
7,13;13,25;25,33
7,13;13,26;26,7
7,13;13,26;26,33
7,14;14,15;15,7
7,14;14,15;15,33
7,14;14,16;16,7
7,14;14,16;16,33
7,14;14,17;17,7
7,14;14,17;17,33
7,14;14,18;18,7
7,14;14,18;18,33
7,14;14,19;19,7
7,14;14,19;19,33
7,14;14,21;21,7
7,14;14,21;21,33
7,14;14,22;22,7
7,14;14,22;22,33
7,14;14,23;23,7
7,14;14,23;23,33
7,14;14,24;24,7
7,14;14,24;24,33
7,14;14,25;25,7
7,14;14,25;25,33
7,15;15,16;16,7
7,15;15,16;16,33
7,15;15,17;17,7
7,15;15,17;17,33
7,15;15,18;18,7
7,15;15,18;18,33
7,15;15,19;19,7
7,15;15,19;19,33
7,15;15,21;21,7
7,15;15,21;21,33
7,15;15,22;22,7
7,15;15,22;22,33
7,15;15,23;23,7
7,15;15,23;23,33
7,15;15,24;24,7
7,15;15,24;24,33
7,16;16,17;17,7
7,16;16,17;17,33
7,16;16,18;18,7
7,16;16,18;18,33
7,16;16,19;19,7
7,16;16,19;19,33
7,16;16,21;21,7
7,16;16,21;21,33
7,16;16,22;22,7
7,16;16,22;22,33
7,16;16,23;23,7
7,16;16,23;23,33
7,17;17,18;18,7
7,17;17,18;18,33
7,17;17,19;19,7
7,17;17,19;19,33
7,17;17,21;21,7
7,17;17,21;21,33
7,17;17,22;22,7
7,17;17,22;22,33
7,18;18,19;19,7
7,18;18,19;19,33
7,18;18,21;21,7
7,18;18,21;21,33
8,9;9,10;10,8
8,9;9,10;10,32
8,9;9,11;11,8
8,9;9,11;11,32
8,9;9,12;12,8
8,9;9,12;12,32
8,9;9,13;13,8
8,9;9,13;13,32
8,9;9,14;14,8
8,9;9,14;14,32
8,9;9,15;15,8
8,9;9,15;15,32
8,9;9,16;16,8
8,9;9,16;16,32
8,9;9,17;17,8
8,9;9,17;17,32
8,9;9,18;18,8
8,9;9,18;18,32
8,9;9,19;19,8
8,9;9,19;19,32
8,9;9,21;21,8
8,9;9,21;21,32
8,9;9,22;22,8
8,9;9,22;22,32
8,9;9,23;23,8
8,9;9,23;23,32
8,9;9,24;24,8
8,9;9,24;24,32
8,9;9,25;25,8
8,9;9,25;25,32
8,9;9,26;26,8
8,9;9,26;26,32
8,9;9,27;27,8
8,9;9,27;27,32
8,9;9,28;28,8
8,9;9,28;28,32
8,9;9,29;29,8
8,9;9,29;29,32
8,9;9,30;30,8
8,9;9,30;30,32
8,10;10,11;11,8
8,10;10,11;11,32
8,10;10,12;12,8
8,10;10,12;12,32
8,10;10,13;13,8
8,10;10,13;13,32
8,10;10,14;14,8
8,10;10,14;14,32
8,10;10,15;15,8
8,10;10,15;15,32
8,10;10,16;16,8
8,10;10,16;16,32
8,10;10,17;17,8
8,10;10,17;17,32
8,10;10,18;18,8
8,10;10,18;18,32
8,10;10,19;19,8
8,10;10,19;19,32
8,10;10,21;21,8
8,10;10,21;21,32
8,10;10,22;22,8
8,10;10,22;22,32
8,10;10,23;23,8
8,10;10,23;23,32
8,10;10,24;24,8
8,10;10,24;24,32
8,10;10,25;25,8
8,10;10,25;25,32
8,10;10,26;26,8
8,10;10,26;26,32
8,10;10,27;27,8
8,10;10,27;27,32
8,10;10,28;28,8
8,10;10,28;28,32
8,10;10,29;29,8
8,10;10,29;29,32
8,11;11,12;12,8
8,11;11,12;12,32
8,11;11,13;13,8
8,11;11,13;13,32
8,11;11,14;14,8
8,11;11,14;14,32
8,11;11,15;15,8
8,11;11,15;15,32
8,11;11,16;16,8
8,11;11,16;16,32
8,11;11,17;17,8
8,11;11,17;17,32
8,11;11,18;18,8
8,11;11,18;18,32
8,11;11,19;19,8
8,11;11,19;19,32
8,11;11,21;21,8
8,11;11,21;21,32
8,11;11,22;22,8
8,11;11,22;22,32
8,11;11,23;23,8
8,11;11,23;23,32
8,11;11,24;24,8
8,11;11,24;24,32
8,11;11,25;25,8
8,11;11,25;25,32
8,11;11,26;26,8
8,11;11,26;26,32
8,11;11,27;27,8
8,11;11,27;27,32
8,11;11,28;28,8
8,11;11,28;28,32
8,12;12,13;13,8
8,12;12,13;13,32
8,12;12,14;14,8
8,12;12,14;14,32
8,12;12,15;15,8
8,12;12,15;15,32
8,12;12,16;16,8
8,12;12,16;16,32
8,12;12,17;17,8
8,12;12,17;17,32
8,12;12,18;18,8
8,12;12,18;18,32
8,12;12,19;19,8
8,12;12,19;19,32
8,12;12,21;21,8
8,12;12,21;21,32
8,12;12,22;22,8
8,12;12,22;22,32
8,12;12,23;23,8
8,12;12,23;23,32
8,12;12,24;24,8
8,12;12,24;24,32
8,12;12,25;25,8
8,12;12,25;25,32
8,12;12,26;26,8
8,12;12,26;26,32
8,12;12,27;27,8
8,12;12,27;27,32
8,13;13,14;14,8
8,13;13,14;14,32
8,13;13,15;15,8
8,13;13,15;15,32
8,13;13,16;16,8
8,13;13,16;16,32
8,13;13,17;17,8
8,13;13,17;17,32
8,13;13,18;18,8
8,13;13,18;18,32
8,13;13,19;19,8
8,13;13,19;19,32
8,13;13,21;21,8
8,13;13,21;21,32
8,13;13,22;22,8
8,13;13,22;22,32
8,13;13,23;23,8
8,13;13,23;23,32
8,13;13,24;24,8
8,13;13,24;24,32
8,13;13,25;25,8
8,13;13,25;25,32
8,13;13,26;26,8
8,13;13,26;26,32
8,14;14,15;15,8
8,14;14,15;15,32
8,14;14,16;16,8
8,14;14,16;16,32
8,14;14,17;17,8
8,14;14,17;17,32
8,14;14,18;18,8
8,14;14,18;18,32
8,14;14,19;19,8
8,14;14,19;19,32
8,14;14,21;21,8
8,14;14,21;21,32
8,14;14,22;22,8
8,14;14,22;22,32
8,14;14,23;23,8
8,14;14,23;23,32
8,14;14,24;24,8
8,14;14,24;24,32
8,14;14,25;25,8
8,14;14,25;25,32
8,15;15,16;16,8
8,15;15,16;16,32
8,15;15,17;17,8
8,15;15,17;17,32
8,15;15,18;18,8
8,15;15,18;18,32
8,15;15,19;19,8
8,15;15,19;19,32
8,15;15,21;21,8
8,15;15,21;21,32
8,15;15,22;22,8
8,15;15,22;22,32
8,15;15,23;23,8
8,15;15,23;23,32
8,15;15,24;24,8
8,15;15,24;24,32
8,16;16,17;17,8
8,16;16,17;17,32
8,16;16,18;18,8
8,16;16,18;18,32
8,16;16,19;19,8
8,16;16,19;19,32
8,16;16,21;21,8
8,16;16,21;21,32
8,16;16,22;22,8
8,16;16,22;22,32
8,16;16,23;23,8
8,16;16,23;23,32
8,17;17,18;18,8
8,17;17,18;18,32
8,17;17,19;19,8
8,17;17,19;19,32
8,17;17,21;21,8
8,17;17,21;21,32
8,17;17,22;22,8
8,17;17,22;22,32
8,18;18,19;19,8
8,18;18,19;19,32
8,18;18,21;21,8
8,18;18,21;21,32
9,10;10,11;11,9
9,10;10,11;11,31
9,10;10,12;12,9
9,10;10,12;12,31
9,10;10,13;13,9
9,10;10,13;13,31
9,10;10,14;14,9
9,10;10,14;14,31
9,10;10,15;15,9
9,10;10,15;15,31
9,10;10,16;16,9
9,10;10,16;16,31
9,10;10,17;17,9
9,10;10,17;17,31
9,10;10,18;18,9
9,10;10,18;18,31
9,10;10,19;19,9
9,10;10,19;19,31
9,10;10,21;21,9
9,10;10,21;21,31
9,10;10,22;22,9
9,10;10,22;22,31
9,10;10,23;23,9
9,10;10,23;23,31
9,10;10,24;24,9
9,10;10,24;24,31
9,10;10,25;25,9
9,10;10,25;25,31
9,10;10,26;26,9
9,10;10,26;26,31
9,10;10,27;27,9
9,10;10,27;27,31
9,10;10,28;28,9
9,10;10,28;28,31
9,10;10,29;29,9
9,10;10,29;29,31
9,11;11,12;12,9
9,11;11,12;12,31
9,11;11,13;13,9
9,11;11,13;13,31
9,11;11,14;14,9
9,11;11,14;14,31
9,11;11,15;15,9
9,11;11,15;15,31
9,11;11,16;16,9
9,11;11,16;16,31
9,11;11,17;17,9
9,11;11,17;17,31
9,11;11,18;18,9
9,11;11,18;18,31
9,11;11,19;19,9
9,11;11,19;19,31
9,11;11,21;21,9
9,11;11,21;21,31
9,11;11,22;22,9
9,11;11,22;22,31
9,11;11,23;23,9
9,11;11,23;23,31
9,11;11,24;24,9
9,11;11,24;24,31
9,11;11,25;25,9
9,11;11,25;25,31
9,11;11,26;26,9
9,11;11,26;26,31
9,11;11,27;27,9
9,11;11,27;27,31
9,11;11,28;28,9
9,11;11,28;28,31
9,12;12,13;13,9
9,12;12,13;13,31
9,12;12,14;14,9
9,12;12,14;14,31
9,12;12,15;15,9
9,12;12,15;15,31
9,12;12,16;16,9
9,12;12,16;16,31
9,12;12,17;17,9
9,12;12,17;17,31
9,12;12,18;18,9
9,12;12,18;18,31
9,12;12,19;19,9
9,12;12,19;19,31
9,12;12,21;21,9
9,12;12,21;21,31
9,12;12,22;22,9
9,12;12,22;22,31
9,12;12,23;23,9
9,12;12,23;23,31
9,12;12,24;24,9
9,12;12,24;24,31
9,12;12,25;25,9
9,12;12,25;25,31
9,12;12,26;26,9
9,12;12,26;26,31
9,12;12,27;27,9
9,12;12,27;27,31
9,13;13,14;14,9
9,13;13,14;14,31
9,13;13,15;15,9
9,13;13,15;15,31
9,13;13,16;16,9
9,13;13,16;16,31
9,13;13,17;17,9
9,13;13,17;17,31
9,13;13,18;18,9
9,13;13,18;18,31
9,13;13,19;19,9
9,13;13,19;19,31
9,13;13,21;21,9
9,13;13,21;21,31
9,13;13,22;22,9
9,13;13,22;22,31
9,13;13,23;23,9
9,13;13,23;23,31
9,13;13,24;24,9
9,13;13,24;24,31
9,13;13,25;25,9
9,13;13,25;25,31
9,13;13,26;26,9
9,13;13,26;26,31
9,14;14,15;15,9
9,14;14,15;15,31
9,14;14,16;16,9
9,14;14,16;16,31
9,14;14,17;17,9
9,14;14,17;17,31
9,14;14,18;18,9
9,14;14,18;18,31
9,14;14,19;19,9
9,14;14,19;19,31
9,14;14,21;21,9
9,14;14,21;21,31
9,14;14,22;22,9
9,14;14,22;22,31
9,14;14,23;23,9
9,14;14,23;23,31
9,14;14,24;24,9
9,14;14,24;24,31
9,14;14,25;25,9
9,14;14,25;25,31
9,15;15,16;16,9
9,15;15,16;16,31
9,15;15,17;17,9
9,15;15,17;17,31
9,15;15,18;18,9
9,15;15,18;18,31
9,15;15,19;19,9
9,15;15,19;19,31
9,15;15,21;21,9
9,15;15,21;21,31
9,15;15,22;22,9
9,15;15,22;22,31
9,15;15,23;23,9
9,15;15,23;23,31
9,15;15,24;24,9
9,15;15,24;24,31
9,16;16,17;17,9
9,16;16,17;17,31
9,16;16,18;18,9
9,16;16,18;18,31
9,16;16,19;19,9
9,16;16,19;19,31
9,16;16,21;21,9
9,16;16,21;21,31
9,16;16,22;22,9
9,16;16,22;22,31
9,16;16,23;23,9
9,16;16,23;23,31
9,17;17,18;18,9
9,17;17,18;18,31
9,17;17,19;19,9
9,17;17,19;19,31
9,17;17,21;21,9
9,17;17,21;21,31
9,17;17,22;22,9
9,17;17,22;22,31
9,18;18,19;19,9
9,18;18,19;19,31
9,18;18,21;21,9
9,18;18,21;21,31
10,11;11,12;12,10
10,11;11,12;12,30
10,11;11,13;13,10
10,11;11,13;13,30
10,11;11,14;14,10
10,11;11,14;14,30
10,11;11,15;15,10
10,11;11,15;15,30
10,11;11,16;16,10
10,11;11,16;16,30
10,11;11,17;17,10
10,11;11,17;17,30
10,11;11,18;18,10
10,11;11,18;18,30
10,11;11,19;19,10
10,11;11,19;19,30
10,11;11,21;21,10
10,11;11,21;21,30
10,11;11,22;22,10
10,11;11,22;22,30
10,11;11,23;23,10
10,11;11,23;23,30
10,11;11,24;24,10
10,11;11,24;24,30
10,11;11,25;25,10
10,11;11,25;25,30
10,11;11,26;26,10
10,11;11,26;26,30
10,11;11,27;27,10
10,11;11,27;27,30
10,11;11,28;28,10
10,11;11,28;28,30
10,12;12,13;13,10
10,12;12,13;13,30
10,12;12,14;14,10
10,12;12,14;14,30
10,12;12,15;15,10
10,12;12,15;15,30
10,12;12,16;16,10
10,12;12,16;16,30
10,12;12,17;17,10
10,12;12,17;17,30
10,12;12,18;18,10
10,12;12,18;18,30
10,12;12,19;19,10
10,12;12,19;19,30
10,12;12,21;21,10
10,12;12,21;21,30
10,12;12,22;22,10
10,12;12,22;22,30
10,12;12,23;23,10
10,12;12,23;23,30
10,12;12,24;24,10
10,12;12,24;24,30
10,12;12,25;25,10
10,12;12,25;25,30
10,12;12,26;26,10
10,12;12,26;26,30
10,12;12,27;27,10
10,12;12,27;27,30
10,13;13,14;14,10
10,13;13,14;14,30
10,13;13,15;15,10
10,13;13,15;15,30
10,13;13,16;16,10
10,13;13,16;16,30
10,13;13,17;17,10
10,13;13,17;17,30
10,13;13,18;18,10
10,13;13,18;18,30
10,13;13,19;19,10
10,13;13,19;19,30
10,13;13,21;21,10
10,13;13,21;21,30
10,13;13,22;22,10
10,13;13,22;22,30
10,13;13,23;23,10
10,13;13,23;23,30
10,13;13,24;24,10
10,13;13,24;24,30
10,13;13,25;25,10
10,13;13,25;25,30
10,13;13,26;26,10
10,13;13,26;26,30
10,14;14,15;15,10
10,14;14,15;15,30
10,14;14,16;16,10
10,14;14,16;16,30
10,14;14,17;17,10
10,14;14,17;17,30
10,14;14,18;18,10
10,14;14,18;18,30
10,14;14,19;19,10
10,14;14,19;19,30
10,14;14,21;21,10
10,14;14,21;21,30
10,14;14,22;22,10
10,14;14,22;22,30
10,14;14,23;23,10
10,14;14,23;23,30
10,14;14,24;24,10
10,14;14,24;24,30
10,14;14,25;25,10
10,14;14,25;25,30
10,15;15,16;16,10
10,15;15,16;16,30
10,15;15,17;17,10
10,15;15,17;17,30
10,15;15,18;18,10
10,15;15,18;18,30
10,15;15,19;19,10
10,15;15,19;19,30
10,15;15,21;21,10
10,15;15,21;21,30
10,15;15,22;22,10
10,15;15,22;22,30
10,15;15,23;23,10
10,15;15,23;23,30
10,15;15,24;24,10
10,15;15,24;24,30
10,16;16,17;17,10
10,16;16,17;17,30
10,16;16,18;18,10
10,16;16,18;18,30
10,16;16,19;19,10
10,16;16,19;19,30
10,16;16,21;21,10
10,16;16,21;21,30
10,16;16,22;22,10
10,16;16,22;22,30
10,16;16,23;23,10
10,16;16,23;23,30
10,17;17,18;18,10
10,17;17,18;18,30
10,17;17,19;19,10
10,17;17,19;19,30
10,17;17,21;21,10
10,17;17,21;21,30
10,17;17,22;22,10
10,17;17,22;22,30
10,18;18,19;19,10
10,18;18,19;19,30
10,18;18,21;21,10
10,18;18,21;21,30
11,12;12,13;13,11
11,12;12,13;13,29
11,12;12,14;14,11
11,12;12,14;14,29
11,12;12,15;15,11
11,12;12,15;15,29
11,12;12,16;16,11
11,12;12,16;16,29
11,12;12,17;17,11
11,12;12,17;17,29
11,12;12,18;18,11
11,12;12,18;18,29
11,12;12,19;19,11
11,12;12,19;19,29
11,12;12,21;21,11
11,12;12,21;21,29
11,12;12,22;22,11
11,12;12,22;22,29
11,12;12,23;23,11
11,12;12,23;23,29
11,12;12,24;24,11
11,12;12,24;24,29
11,12;12,25;25,11
11,12;12,25;25,29
11,12;12,26;26,11
11,12;12,26;26,29
11,12;12,27;27,11
11,12;12,27;27,29
11,13;13,14;14,11
11,13;13,14;14,29
11,13;13,15;15,11
11,13;13,15;15,29
11,13;13,16;16,11
11,13;13,16;16,29
11,13;13,17;17,11
11,13;13,17;17,29
11,13;13,18;18,11
11,13;13,18;18,29
11,13;13,19;19,11
11,13;13,19;19,29
11,13;13,21;21,11
11,13;13,21;21,29
11,13;13,22;22,11
11,13;13,22;22,29
11,13;13,23;23,11
11,13;13,23;23,29
11,13;13,24;24,11
11,13;13,24;24,29
11,13;13,25;25,11
11,13;13,25;25,29
11,13;13,26;26,11
11,13;13,26;26,29
11,14;14,15;15,11
11,14;14,15;15,29
11,14;14,16;16,11
11,14;14,16;16,29
11,14;14,17;17,11
11,14;14,17;17,29
11,14;14,18;18,11
11,14;14,18;18,29
11,14;14,19;19,11
11,14;14,19;19,29
11,14;14,21;21,11
11,14;14,21;21,29
11,14;14,22;22,11
11,14;14,22;22,29
11,14;14,23;23,11
11,14;14,23;23,29
11,14;14,24;24,11
11,14;14,24;24,29
11,14;14,25;25,11
11,14;14,25;25,29
11,15;15,16;16,11
11,15;15,16;16,29
11,15;15,17;17,11
11,15;15,17;17,29
11,15;15,18;18,11
11,15;15,18;18,29
11,15;15,19;19,11
11,15;15,19;19,29
11,15;15,21;21,11
11,15;15,21;21,29
11,15;15,22;22,11
11,15;15,22;22,29
11,15;15,23;23,11
11,15;15,23;23,29
11,15;15,24;24,11
11,15;15,24;24,29
11,16;16,17;17,11
11,16;16,17;17,29
11,16;16,18;18,11
11,16;16,18;18,29
11,16;16,19;19,11
11,16;16,19;19,29
11,16;16,21;21,11
11,16;16,21;21,29
11,16;16,22;22,11
11,16;16,22;22,29
11,16;16,23;23,11
11,16;16,23;23,29
11,17;17,18;18,11
11,17;17,18;18,29
11,17;17,19;19,11
11,17;17,19;19,29
11,17;17,21;21,11
11,17;17,21;21,29
11,17;17,22;22,11
11,17;17,22;22,29
11,18;18,19;19,11
11,18;18,19;19,29
11,18;18,21;21,11
11,18;18,21;21,29
12,13;13,14;14,12
12,13;13,14;14,28
12,13;13,15;15,12
12,13;13,15;15,28
12,13;13,16;16,12
12,13;13,16;16,28
12,13;13,17;17,12
12,13;13,17;17,28
12,13;13,18;18,12
12,13;13,18;18,28
12,13;13,19;19,12
12,13;13,19;19,28
12,13;13,21;21,12
12,13;13,21;21,28
12,13;13,22;22,12
12,13;13,22;22,28
12,13;13,23;23,12
12,13;13,23;23,28
12,13;13,24;24,12
12,13;13,24;24,28
12,13;13,25;25,12
12,13;13,25;25,28
12,13;13,26;26,12
12,13;13,26;26,28
12,14;14,15;15,12
12,14;14,15;15,28
12,14;14,16;16,12
12,14;14,16;16,28
12,14;14,17;17,12
12,14;14,17;17,28
12,14;14,18;18,12
12,14;14,18;18,28
12,14;14,19;19,12
12,14;14,19;19,28
12,14;14,21;21,12
12,14;14,21;21,28
12,14;14,22;22,12
12,14;14,22;22,28
12,14;14,23;23,12
12,14;14,23;23,28
12,14;14,24;24,12
12,14;14,24;24,28
12,14;14,25;25,12
12,14;14,25;25,28
12,15;15,16;16,12
12,15;15,16;16,28
12,15;15,17;17,12
12,15;15,17;17,28
12,15;15,18;18,12
12,15;15,18;18,28
12,15;15,19;19,12
12,15;15,19;19,28
12,15;15,21;21,12
12,15;15,21;21,28
12,15;15,22;22,12
12,15;15,22;22,28
12,15;15,23;23,12
12,15;15,23;23,28
12,15;15,24;24,12
12,15;15,24;24,28
12,16;16,17;17,12
12,16;16,17;17,28
12,16;16,18;18,12
12,16;16,18;18,28
12,16;16,19;19,12
12,16;16,19;19,28
12,16;16,21;21,12
12,16;16,21;21,28
12,16;16,22;22,12
12,16;16,22;22,28
12,16;16,23;23,12
12,16;16,23;23,28
12,17;17,18;18,12
12,17;17,18;18,28
12,17;17,19;19,12
12,17;17,19;19,28
12,17;17,21;21,12
12,17;17,21;21,28
12,17;17,22;22,12
12,17;17,22;22,28
12,18;18,19;19,12
12,18;18,19;19,28
12,18;18,21;21,12
12,18;18,21;21,28
13,14;14,15;15,13
13,14;14,15;15,27
13,14;14,16;16,13
13,14;14,16;16,27
13,14;14,17;17,13
13,14;14,17;17,27
13,14;14,18;18,13
13,14;14,18;18,27
13,14;14,19;19,13
13,14;14,19;19,27
13,14;14,21;21,13
13,14;14,21;21,27
13,14;14,22;22,13
13,14;14,22;22,27
13,14;14,23;23,13
13,14;14,23;23,27
13,14;14,24;24,13
13,14;14,24;24,27
13,14;14,25;25,13
13,14;14,25;25,27
13,15;15,16;16,13
13,15;15,16;16,27
13,15;15,17;17,13
13,15;15,17;17,27
13,15;15,18;18,13
13,15;15,18;18,27
13,15;15,19;19,13
13,15;15,19;19,27
13,15;15,21;21,13
13,15;15,21;21,27
13,15;15,22;22,13
13,15;15,22;22,27
13,15;15,23;23,13
13,15;15,23;23,27
13,15;15,24;24,13
13,15;15,24;24,27
13,16;16,17;17,13
13,16;16,17;17,27
13,16;16,18;18,13
13,16;16,18;18,27
13,16;16,19;19,13
13,16;16,19;19,27
13,16;16,21;21,13
13,16;16,21;21,27
13,16;16,22;22,13
13,16;16,22;22,27
13,16;16,23;23,13
13,16;16,23;23,27
13,17;17,18;18,13
13,17;17,18;18,27
13,17;17,19;19,13
13,17;17,19;19,27
13,17;17,21;21,13
13,17;17,21;21,27
13,17;17,22;22,13
13,17;17,22;22,27
13,18;18,19;19,13
13,18;18,19;19,27
13,18;18,21;21,13
13,18;18,21;21,27
14,15;15,16;16,14
14,15;15,16;16,26
14,15;15,17;17,14
14,15;15,17;17,26
14,15;15,18;18,14
14,15;15,18;18,26
14,15;15,19;19,14
14,15;15,19;19,26
14,15;15,21;21,14
14,15;15,21;21,26
14,15;15,22;22,14
14,15;15,22;22,26
14,15;15,23;23,14
14,15;15,23;23,26
14,15;15,24;24,14
14,15;15,24;24,26
14,16;16,17;17,14
14,16;16,17;17,26
14,16;16,18;18,14
14,16;16,18;18,26
14,16;16,19;19,14
14,16;16,19;19,26
14,16;16,21;21,14
14,16;16,21;21,26
14,16;16,22;22,14
14,16;16,22;22,26
14,16;16,23;23,14
14,16;16,23;23,26
14,17;17,18;18,14
14,17;17,18;18,26
14,17;17,19;19,14
14,17;17,19;19,26
14,17;17,21;21,14
14,17;17,21;21,26
14,17;17,22;22,14
14,17;17,22;22,26
14,18;18,19;19,14
14,18;18,19;19,26
14,18;18,21;21,14
14,18;18,21;21,26
15,16;16,17;17,15
15,16;16,17;17,25
15,16;16,18;18,15
15,16;16,18;18,25
15,16;16,19;19,15
15,16;16,19;19,25
15,16;16,21;21,15
15,16;16,21;21,25
15,16;16,22;22,15
15,16;16,22;22,25
15,16;16,23;23,15
15,16;16,23;23,25
15,17;17,18;18,15
15,17;17,18;18,25
15,17;17,19;19,15
15,17;17,19;19,25
15,17;17,21;21,15
15,17;17,21;21,25
15,17;17,22;22,15
15,17;17,22;22,25
15,18;18,19;19,15
15,18;18,19;19,25
15,18;18,21;21,15
15,18;18,21;21,25
16,17;17,18;18,16
16,17;17,18;18,24
16,17;17,19;19,16
16,17;17,19;19,24
16,17;17,21;21,16
16,17;17,21;21,24
16,17;17,22;22,16
16,17;17,22;22,24
16,18;18,19;19,16
16,18;18,19;19,24
16,18;18,21;21,16
16,18;18,21;21,24
17,18;18,19;19,17
17,18;18,19;19,23
17,18;18,21;21,17
17,18;18,21;21,23
