0,1;1,2;2,0
0,1;1,2;2,36
0,1;1,3;3,0
0,1;1,3;3,36
0,1;1,4;4,0
0,1;1,4;4,36
0,1;1,5;5,0
0,1;1,5;5,36
0,1;1,6;6,0
0,1;1,6;6,36
0,1;1,7;7,0
0,1;1,7;7,36
0,1;1,8;8,0
0,1;1,8;8,36
0,1;1,9;9,0
0,1;1,9;9,36
0,1;1,10;10,0
0,1;1,10;10,36
0,1;1,11;11,0
0,1;1,11;11,36
0,1;1,12;12,0
0,1;1,12;12,36
0,1;1,13;13,0
0,1;1,13;13,36
0,1;1,14;14,0
0,1;1,14;14,36
0,1;1,15;15,0
0,1;1,15;15,36
0,1;1,16;16,0
0,1;1,16;16,36
0,1;1,17;17,0
0,1;1,17;17,36
0,1;1,19;19,0
0,1;1,19;19,36
0,1;1,20;20,0
0,1;1,20;20,36
0,1;1,21;21,0
0,1;1,21;21,36
0,1;1,22;22,0
0,1;1,22;22,36
0,1;1,23;23,0
0,1;1,23;23,36
0,1;1,24;24,0
0,1;1,24;24,36
0,1;1,25;25,0
0,1;1,25;25,36
0,1;1,26;26,0
0,1;1,26;26,36
0,1;1,27;27,0
0,1;1,27;27,36
0,1;1,28;28,0
0,1;1,28;28,36
0,1;1,29;29,0
0,1;1,29;29,36
0,1;1,30;30,0
0,1;1,30;30,36
0,1;1,31;31,0
0,1;1,31;31,36
0,1;1,32;32,0
0,1;1,32;32,36
0,1;1,33;33,0
0,1;1,33;33,36
0,1;1,34;34,0
0,1;1,34;34,36
0,2;2,3;3,0
0,2;2,3;3,36
0,2;2,4;4,0
0,2;2,4;4,36
0,2;2,5;5,0
0,2;2,5;5,36
0,2;2,6;6,0
0,2;2,6;6,36
0,2;2,7;7,0
0,2;2,7;7,36
0,2;2,8;8,0
0,2;2,8;8,36
0,2;2,9;9,0
0,2;2,9;9,36
0,2;2,10;10,0
0,2;2,10;10,36
0,2;2,11;11,0
0,2;2,11;11,36
0,2;2,12;12,0
0,2;2,12;12,36
0,2;2,13;13,0
0,2;2,13;13,36
0,2;2,14;14,0
0,2;2,14;14,36
0,2;2,15;15,0
0,2;2,15;15,36
0,2;2,16;16,0
0,2;2,16;16,36
0,2;2,17;17,0
0,2;2,17;17,36
0,2;2,19;19,0
0,2;2,19;19,36
0,2;2,20;20,0
0,2;2,20;20,36
0,2;2,21;21,0
0,2;2,21;21,36
0,2;2,22;22,0
0,2;2,22;22,36
0,2;2,23;23,0
0,2;2,23;23,36
0,2;2,24;24,0
0,2;2,24;24,36
0,2;2,25;25,0
0,2;2,25;25,36
0,2;2,26;26,0
0,2;2,26;26,36
0,2;2,27;27,0
0,2;2,27;27,36
0,2;2,28;28,0
0,2;2,28;28,36
0,2;2,29;29,0
0,2;2,29;29,36
0,2;2,30;30,0
0,2;2,30;30,36
0,2;2,31;31,0
0,2;2,31;31,36
0,2;2,32;32,0
0,2;2,32;32,36
0,2;2,33;33,0
0,2;2,33;33,36
0,3;3,4;4,0
0,3;3,4;4,36
0,3;3,5;5,0
0,3;3,5;5,36
0,3;3,6;6,0
0,3;3,6;6,36
0,3;3,7;7,0
0,3;3,7;7,36
0,3;3,8;8,0
0,3;3,8;8,36
0,3;3,9;9,0
0,3;3,9;9,36
0,3;3,10;10,0
0,3;3,10;10,36
0,3;3,11;11,0
0,3;3,11;11,36
0,3;3,12;12,0
0,3;3,12;12,36
0,3;3,13;13,0
0,3;3,13;13,36
0,3;3,14;14,0
0,3;3,14;14,36
0,3;3,15;15,0
0,3;3,15;15,36
0,3;3,16;16,0
0,3;3,16;16,36
0,3;3,17;17,0
0,3;3,17;17,36
0,3;3,19;19,0
0,3;3,19;19,36
0,3;3,20;20,0
0,3;3,20;20,36
0,3;3,21;21,0
0,3;3,21;21,36
0,3;3,22;22,0
0,3;3,22;22,36
0,3;3,23;23,0
0,3;3,23;23,36
0,3;3,24;24,0
0,3;3,24;24,36
0,3;3,25;25,0
0,3;3,25;25,36
0,3;3,26;26,0
0,3;3,26;26,36
0,3;3,27;27,0
0,3;3,27;27,36
0,3;3,28;28,0
0,3;3,28;28,36
0,3;3,29;29,0
0,3;3,29;29,36
0,3;3,30;30,0
0,3;3,30;30,36
0,3;3,31;31,0
0,3;3,31;31,36
0,3;3,32;32,0
0,3;3,32;32,36
0,4;4,5;5,0
0,4;4,5;5,36
0,4;4,6;6,0
0,4;4,6;6,36
0,4;4,7;7,0
0,4;4,7;7,36
0,4;4,8;8,0
0,4;4,8;8,36
0,4;4,9;9,0
0,4;4,9;9,36
0,4;4,10;10,0
0,4;4,10;10,36
0,4;4,11;11,0
0,4;4,11;11,36
0,4;4,12;12,0
0,4;4,12;12,36
0,4;4,13;13,0
0,4;4,13;13,36
0,4;4,14;14,0
0,4;4,14;14,36
0,4;4,15;15,0
0,4;4,15;15,36
0,4;4,16;16,0
0,4;4,16;16,36
0,4;4,17;17,0
0,4;4,17;17,36
0,4;4,19;19,0
0,4;4,19;19,36
0,4;4,20;20,0
0,4;4,20;20,36
0,4;4,21;21,0
0,4;4,21;21,36
0,4;4,22;22,0
0,4;4,22;22,36
0,4;4,23;23,0
0,4;4,23;23,36
0,4;4,24;24,0
0,4;4,24;24,36
0,4;4,25;25,0
0,4;4,25;25,36
0,4;4,26;26,0
0,4;4,26;26,36
0,4;4,27;27,0
0,4;4,27;27,36
0,4;4,28;28,0
0,4;4,28;28,36
0,4;4,29;29,0
0,4;4,29;29,36
0,4;4,30;30,0
0,4;4,30;30,36
0,4;4,31;31,0
0,4;4,31;31,36
0,5;5,6;6,0
0,5;5,6;6,36
0,5;5,7;7,0
0,5;5,7;7,36
0,5;5,8;8,0
0,5;5,8;8,36
0,5;5,9;9,0
0,5;5,9;9,36
0,5;5,10;10,0
0,5;5,10;10,36
0,5;5,11;11,0
0,5;5,11;11,36
0,5;5,12;12,0
0,5;5,12;12,36
0,5;5,13;13,0
0,5;5,13;13,36
0,5;5,14;14,0
0,5;5,14;14,36
0,5;5,15;15,0
0,5;5,15;15,36
0,5;5,16;16,0
0,5;5,16;16,36
0,5;5,17;17,0
0,5;5,17;17,36
0,5;5,19;19,0
0,5;5,19;19,36
0,5;5,20;20,0
0,5;5,20;20,36
0,5;5,21;21,0
0,5;5,21;21,36
0,5;5,22;22,0
0,5;5,22;22,36
0,5;5,23;23,0
0,5;5,23;23,36
0,5;5,24;24,0
0,5;5,24;24,36
0,5;5,25;25,0
0,5;5,25;25,36
0,5;5,26;26,0
0,5;5,26;26,36
0,5;5,27;27,0
0,5;5,27;27,36
0,5;5,28;28,0
0,5;5,28;28,36
0,5;5,29;29,0
0,5;5,29;29,36
0,5;5,30;30,0
0,5;5,30;30,36
0,6;6,7;7,0
0,6;6,7;7,36
0,6;6,8;8,0
0,6;6,8;8,36
0,6;6,9;9,0
0,6;6,9;9,36
0,6;6,10;10,0
0,6;6,10;10,36
0,6;6,11;11,0
0,6;6,11;11,36
0,6;6,12;12,0
0,6;6,12;12,36
0,6;6,13;13,0
0,6;6,13;13,36
0,6;6,14;14,0
0,6;6,14;14,36
0,6;6,15;15,0
0,6;6,15;15,36
0,6;6,16;16,0
0,6;6,16;16,36
0,6;6,17;17,0
0,6;6,17;17,36
0,6;6,19;19,0
0,6;6,19;19,36
0,6;6,20;20,0
0,6;6,20;20,36
0,6;6,21;21,0
0,6;6,21;21,36
0,6;6,22;22,0
0,6;6,22;22,36
0,6;6,23;23,0
0,6;6,23;23,36
0,6;6,24;24,0
0,6;6,24;24,36
0,6;6,25;25,0
0,6;6,25;25,36
0,6;6,26;26,0
0,6;6,26;26,36
0,6;6,27;27,0
0,6;6,27;27,36
0,6;6,28;28,0
0,6;6,28;28,36
0,6;6,29;29,0
0,6;6,29;29,36
0,7;7,8;8,0
0,7;7,8;8,36
0,7;7,9;9,0
0,7;7,9;9,36
0,7;7,10;10,0
0,7;7,10;10,36
0,7;7,11;11,0
0,7;7,11;11,36
0,7;7,12;12,0
0,7;7,12;12,36
0,7;7,13;13,0
0,7;7,13;13,36
0,7;7,14;14,0
0,7;7,14;14,36
0,7;7,15;15,0
0,7;7,15;15,36
0,7;7,16;16,0
0,7;7,16;16,36
0,7;7,17;17,0
0,7;7,17;17,36
0,7;7,19;19,0
0,7;7,19;19,36
0,7;7,20;20,0
0,7;7,20;20,36
0,7;7,21;21,0
0,7;7,21;21,36
0,7;7,22;22,0
0,7;7,22;22,36
0,7;7,23;23,0
0,7;7,23;23,36
0,7;7,24;24,0
0,7;7,24;24,36
0,7;7,25;25,0
0,7;7,25;25,36
0,7;7,26;26,0
0,7;7,26;26,36
0,7;7,27;27,0
0,7;7,27;27,36
0,7;7,28;28,0
0,7;7,28;28,36
0,8;8,9;9,0
0,8;8,9;9,36
0,8;8,10;10,0
0,8;8,10;10,36
0,8;8,11;11,0
0,8;8,11;11,36
0,8;8,12;12,0
0,8;8,12;12,36
0,8;8,13;13,0
0,8;8,13;13,36
0,8;8,14;14,0
0,8;8,14;14,36
0,8;8,15;15,0
0,8;8,15;15,36
0,8;8,16;16,0
0,8;8,16;16,36
0,8;8,17;17,0
0,8;8,17;17,36
0,8;8,19;19,0
0,8;8,19;19,36
0,8;8,20;20,0
0,8;8,20;20,36
0,8;8,21;21,0
0,8;8,21;21,36
0,8;8,22;22,0
0,8;8,22;22,36
0,8;8,23;23,0
0,8;8,23;23,36
0,8;8,24;24,0
0,8;8,24;24,36
0,8;8,25;25,0
0,8;8,25;25,36
0,8;8,26;26,0
0,8;8,26;26,36
0,8;8,27;27,0
0,8;8,27;27,36
0,9;9,10;10,0
0,9;9,10;10,36
0,9;9,11;11,0
0,9;9,11;11,36
0,9;9,12;12,0
0,9;9,12;12,36
0,9;9,13;13,0
0,9;9,13;13,36
0,9;9,14;14,0
0,9;9,14;14,36
0,9;9,15;15,0
0,9;9,15;15,36
0,9;9,16;16,0
0,9;9,16;16,36
0,9;9,17;17,0
0,9;9,17;17,36
0,9;9,19;19,0
0,9;9,19;19,36
0,9;9,20;20,0
0,9;9,20;20,36
0,9;9,21;21,0
0,9;9,21;21,36
0,9;9,22;22,0
0,9;9,22;22,36
0,9;9,23;23,0
0,9;9,23;23,36
0,9;9,24;24,0
0,9;9,24;24,36
0,9;9,25;25,0
0,9;9,25;25,36
0,9;9,26;26,0
0,9;9,26;26,36
0,10;10,11;11,0
0,10;10,11;11,36
0,10;10,12;12,0
0,10;10,12;12,36
0,10;10,13;13,0
0,10;10,13;13,36
0,10;10,14;14,0
0,10;10,14;14,36
0,10;10,15;15,0
0,10;10,15;15,36
0,10;10,16;16,0
0,10;10,16;16,36
0,10;10,17;17,0
0,10;10,17;17,36
0,10;10,19;19,0
0,10;10,19;19,36
0,10;10,20;20,0
0,10;10,20;20,36
0,10;10,21;21,0
0,10;10,21;21,36
0,10;10,22;22,0
0,10;10,22;22,36
0,10;10,23;23,0
0,10;10,23;23,36
0,10;10,24;24,0
0,10;10,24;24,36
0,10;10,25;25,0
0,10;10,25;25,36
0,11;11,12;12,0
0,11;11,12;12,36
0,11;11,13;13,0
0,11;11,13;13,36
0,11;11,14;14,0
0,11;11,14;14,36
0,11;11,15;15,0
0,11;11,15;15,36
0,11;11,16;16,0
0,11;11,16;16,36
0,11;11,17;17,0
0,11;11,17;17,36
0,11;11,19;19,0
0,11;11,19;19,36
0,11;11,20;20,0
0,11;11,20;20,36
0,11;11,21;21,0
0,11;11,21;21,36
0,11;11,22;22,0
0,11;11,22;22,36
0,11;11,23;23,0
0,11;11,23;23,36
0,11;11,24;24,0
0,11;11,24;24,36
0,12;12,13;13,0
0,12;12,13;13,36
0,12;12,14;14,0
0,12;12,14;14,36
0,12;12,15;15,0
0,12;12,15;15,36
0,12;12,16;16,0
0,12;12,16;16,36
0,12;12,17;17,0
0,12;12,17;17,36
0,12;12,19;19,0
0,12;12,19;19,36
0,12;12,20;20,0
0,12;12,20;20,36
0,12;12,21;21,0
0,12;12,21;21,36
0,12;12,22;22,0
0,12;12,22;22,36
0,12;12,23;23,0
0,12;12,23;23,36
0,13;13,14;14,0
0,13;13,14;14,36
0,13;13,15;15,0
0,13;13,15;15,36
0,13;13,16;16,0
0,13;13,16;16,36
0,13;13,17;17,0
0,13;13,17;17,36
0,13;13,19;19,0
0,13;13,19;19,36
0,13;13,20;20,0
0,13;13,20;20,36
0,13;13,21;21,0
0,13;13,21;21,36
0,13;13,22;22,0
0,13;13,22;22,36
0,14;14,15;15,0
0,14;14,15;15,36
0,14;14,16;16,0
0,14;14,16;16,36
0,14;14,17;17,0
0,14;14,17;17,36
0,14;14,19;19,0
0,14;14,19;19,36
0,14;14,20;20,0
0,14;14,20;20,36
0,14;14,21;21,0
0,14;14,21;21,36
0,15;15,16;16,0
0,15;15,16;16,36
0,15;15,17;17,0
0,15;15,17;17,36
0,15;15,19;19,0
0,15;15,19;19,36
0,15;15,20;20,0
0,15;15,20;20,36
0,16;16,17;17,0
0,16;16,17;17,36
0,16;16,19;19,0
0,16;16,19;19,36
1,2;2,3;3,1
1,2;2,3;3,35
1,2;2,4;4,1
1,2;2,4;4,35
1,2;2,5;5,1
1,2;2,5;5,35
1,2;2,6;6,1
1,2;2,6;6,35
1,2;2,7;7,1
1,2;2,7;7,35
1,2;2,8;8,1
1,2;2,8;8,35
1,2;2,9;9,1
1,2;2,9;9,35
1,2;2,10;10,1
1,2;2,10;10,35
1,2;2,11;11,1
1,2;2,11;11,35
1,2;2,12;12,1
1,2;2,12;12,35
1,2;2,13;13,1
1,2;2,13;13,35
1,2;2,14;14,1
1,2;2,14;14,35
1,2;2,15;15,1
1,2;2,15;15,35
1,2;2,16;16,1
1,2;2,16;16,35
1,2;2,17;17,1
1,2;2,17;17,35
1,2;2,19;19,1
1,2;2,19;19,35
1,2;2,20;20,1
1,2;2,20;20,35
1,2;2,21;21,1
1,2;2,21;21,35
1,2;2,22;22,1
1,2;2,22;22,35
1,2;2,23;23,1
1,2;2,23;23,35
1,2;2,24;24,1
1,2;2,24;24,35
1,2;2,25;25,1
1,2;2,25;25,35
1,2;2,26;26,1
1,2;2,26;26,35
1,2;2,27;27,1
1,2;2,27;27,35
1,2;2,28;28,1
1,2;2,28;28,35
1,2;2,29;29,1
1,2;2,29;29,35
1,2;2,30;30,1
1,2;2,30;30,35
1,2;2,31;31,1
1,2;2,31;31,35
1,2;2,32;32,1
1,2;2,32;32,35
1,2;2,33;33,1
1,2;2,33;33,35
1,3;3,4;4,1
1,3;3,4;4,35
1,3;3,5;5,1
1,3;3,5;5,35
1,3;3,6;6,1
1,3;3,6;6,35
1,3;3,7;7,1
1,3;3,7;7,35
1,3;3,8;8,1
1,3;3,8;8,35
1,3;3,9;9,1
1,3;3,9;9,35
1,3;3,10;10,1
1,3;3,10;10,35
1,3;3,11;11,1
1,3;3,11;11,35
1,3;3,12;12,1
1,3;3,12;12,35
1,3;3,13;13,1
1,3;3,13;13,35
1,3;3,14;14,1
1,3;3,14;14,35
1,3;3,15;15,1
1,3;3,15;15,35
1,3;3,16;16,1
1,3;3,16;16,35
1,3;3,17;17,1
1,3;3,17;17,35
1,3;3,19;19,1
1,3;3,19;19,35
1,3;3,20;20,1
1,3;3,20;20,35
1,3;3,21;21,1
1,3;3,21;21,35
1,3;3,22;22,1
1,3;3,22;22,35
1,3;3,23;23,1
1,3;3,23;23,35
1,3;3,24;24,1
1,3;3,24;24,35
1,3;3,25;25,1
1,3;3,25;25,35
1,3;3,26;26,1
1,3;3,26;26,35
1,3;3,27;27,1
1,3;3,27;27,35
1,3;3,28;28,1
1,3;3,28;28,35
1,3;3,29;29,1
1,3;3,29;29,35
1,3;3,30;30,1
1,3;3,30;30,35
1,3;3,31;31,1
1,3;3,31;31,35
1,3;3,32;32,1
1,3;3,32;32,35
1,4;4,5;5,1
1,4;4,5;5,35
1,4;4,6;6,1
1,4;4,6;6,35
1,4;4,7;7,1
1,4;4,7;7,35
1,4;4,8;8,1
1,4;4,8;8,35
1,4;4,9;9,1
1,4;4,9;9,35
1,4;4,10;10,1
1,4;4,10;10,35
1,4;4,11;11,1
1,4;4,11;11,35
1,4;4,12;12,1
1,4;4,12;12,35
1,4;4,13;13,1
1,4;4,13;13,35
1,4;4,14;14,1
1,4;4,14;14,35
1,4;4,15;15,1
1,4;4,15;15,35
1,4;4,16;16,1
1,4;4,16;16,35
1,4;4,17;17,1
1,4;4,17;17,35
1,4;4,19;19,1
1,4;4,19;19,35
1,4;4,20;20,1
1,4;4,20;20,35
1,4;4,21;21,1
1,4;4,21;21,35
1,4;4,22;22,1
1,4;4,22;22,35
1,4;4,23;23,1
1,4;4,23;23,35
1,4;4,24;24,1
1,4;4,24;24,35
1,4;4,25;25,1
1,4;4,25;25,35
1,4;4,26;26,1
1,4;4,26;26,35
1,4;4,27;27,1
1,4;4,27;27,35
1,4;4,28;28,1
1,4;4,28;28,35
1,4;4,29;29,1
1,4;4,29;29,35
1,4;4,30;30,1
1,4;4,30;30,35
1,4;4,31;31,1
1,4;4,31;31,35
1,5;5,6;6,1
1,5;5,6;6,35
1,5;5,7;7,1
1,5;5,7;7,35
1,5;5,8;8,1
1,5;5,8;8,35
1,5;5,9;9,1
1,5;5,9;9,35
1,5;5,10;10,1
1,5;5,10;10,35
1,5;5,11;11,1
1,5;5,11;11,35
1,5;5,12;12,1
1,5;5,12;12,35
1,5;5,13;13,1
1,5;5,13;13,35
1,5;5,14;14,1
1,5;5,14;14,35
1,5;5,15;15,1
1,5;5,15;15,35
1,5;5,16;16,1
1,5;5,16;16,35
1,5;5,17;17,1
1,5;5,17;17,35
1,5;5,19;19,1
1,5;5,19;19,35
1,5;5,20;20,1
1,5;5,20;20,35
1,5;5,21;21,1
1,5;5,21;21,35
1,5;5,22;22,1
1,5;5,22;22,35
1,5;5,23;23,1
1,5;5,23;23,35
1,5;5,24;24,1
1,5;5,24;24,35
1,5;5,25;25,1
1,5;5,25;25,35
1,5;5,26;26,1
1,5;5,26;26,35
1,5;5,27;27,1
1,5;5,27;27,35
1,5;5,28;28,1
1,5;5,28;28,35
1,5;5,29;29,1
1,5;5,29;29,35
1,5;5,30;30,1
1,5;5,30;30,35
1,6;6,7;7,1
1,6;6,7;7,35
1,6;6,8;8,1
1,6;6,8;8,35
1,6;6,9;9,1
1,6;6,9;9,35
1,6;6,10;10,1
1,6;6,10;10,35
1,6;6,11;11,1
1,6;6,11;11,35
1,6;6,12;12,1
1,6;6,12;12,35
1,6;6,13;13,1
1,6;6,13;13,35
1,6;6,14;14,1
1,6;6,14;14,35
1,6;6,15;15,1
1,6;6,15;15,35
1,6;6,16;16,1
1,6;6,16;16,35
1,6;6,17;17,1
1,6;6,17;17,35
1,6;6,19;19,1
1,6;6,19;19,35
1,6;6,20;20,1
1,6;6,20;20,35
1,6;6,21;21,1
1,6;6,21;21,35
1,6;6,22;22,1
1,6;6,22;22,35
1,6;6,23;23,1
1,6;6,23;23,35
1,6;6,24;24,1
1,6;6,24;24,35
1,6;6,25;25,1
1,6;6,25;25,35
1,6;6,26;26,1
1,6;6,26;26,35
1,6;6,27;27,1
1,6;6,27;27,35
1,6;6,28;28,1
1,6;6,28;28,35
1,6;6,29;29,1
1,6;6,29;29,35
1,7;7,8;8,1
1,7;7,8;8,35
1,7;7,9;9,1
1,7;7,9;9,35
1,7;7,10;10,1
1,7;7,10;10,35
1,7;7,11;11,1
1,7;7,11;11,35
1,7;7,12;12,1
1,7;7,12;12,35
1,7;7,13;13,1
1,7;7,13;13,35
1,7;7,14;14,1
1,7;7,14;14,35
1,7;7,15;15,1
1,7;7,15;15,35
1,7;7,16;16,1
1,7;7,16;16,35
1,7;7,17;17,1
1,7;7,17;17,35
1,7;7,19;19,1
1,7;7,19;19,35
1,7;7,20;20,1
1,7;7,20;20,35
1,7;7,21;21,1
1,7;7,21;21,35
1,7;7,22;22,1
1,7;7,22;22,35
1,7;7,23;23,1
1,7;7,23;23,35
1,7;7,24;24,1
1,7;7,24;24,35
1,7;7,25;25,1
1,7;7,25;25,35
1,7;7,26;26,1
1,7;7,26;26,35
1,7;7,27;27,1
1,7;7,27;27,35
1,7;7,28;28,1
1,7;7,28;28,35
1,8;8,9;9,1
1,8;8,9;9,35
1,8;8,10;10,1
1,8;8,10;10,35
1,8;8,11;11,1
1,8;8,11;11,35
1,8;8,12;12,1
1,8;8,12;12,35
1,8;8,13;13,1
1,8;8,13;13,35
1,8;8,14;14,1
1,8;8,14;14,35
1,8;8,15;15,1
1,8;8,15;15,35
1,8;8,16;16,1
1,8;8,16;16,35
1,8;8,17;17,1
1,8;8,17;17,35
1,8;8,19;19,1
1,8;8,19;19,35
1,8;8,20;20,1
1,8;8,20;20,35
1,8;8,21;21,1
1,8;8,21;21,35
1,8;8,22;22,1
1,8;8,22;22,35
1,8;8,23;23,1
1,8;8,23;23,35
1,8;8,24;24,1
1,8;8,24;24,35
1,8;8,25;25,1
1,8;8,25;25,35
1,8;8,26;26,1
1,8;8,26;26,35
1,8;8,27;27,1
1,8;8,27;27,35
1,9;9,10;10,1
1,9;9,10;10,35
1,9;9,11;11,1
1,9;9,11;11,35
1,9;9,12;12,1
1,9;9,12;12,35
1,9;9,13;13,1
1,9;9,13;13,35
1,9;9,14;14,1
1,9;9,14;14,35
1,9;9,15;15,1
1,9;9,15;15,35
1,9;9,16;16,1
1,9;9,16;16,35
1,9;9,17;17,1
1,9;9,17;17,35
1,9;9,19;19,1
1,9;9,19;19,35
1,9;9,20;20,1
1,9;9,20;20,35
1,9;9,21;21,1
1,9;9,21;21,35
1,9;9,22;22,1
1,9;9,22;22,35
1,9;9,23;23,1
1,9;9,23;23,35
1,9;9,24;24,1
1,9;9,24;24,35
1,9;9,25;25,1
1,9;9,25;25,35
1,9;9,26;26,1
1,9;9,26;26,35
1,10;10,11;11,1
1,10;10,11;11,35
1,10;10,12;12,1
1,10;10,12;12,35
1,10;10,13;13,1
1,10;10,13;13,35
1,10;10,14;14,1
1,10;10,14;14,35
1,10;10,15;15,1
1,10;10,15;15,35
1,10;10,16;16,1
1,10;10,16;16,35
1,10;10,17;17,1
1,10;10,17;17,35
1,10;10,19;19,1
1,10;10,19;19,35
1,10;10,20;20,1
1,10;10,20;20,35
1,10;10,21;21,1
1,10;10,21;21,35
1,10;10,22;22,1
1,10;10,22;22,35
1,10;10,23;23,1
1,10;10,23;23,35
1,10;10,24;24,1
1,10;10,24;24,35
1,10;10,25;25,1
1,10;10,25;25,35
1,11;11,12;12,1
1,11;11,12;12,35
1,11;11,13;13,1
1,11;11,13;13,35
1,11;11,14;14,1
1,11;11,14;14,35
1,11;11,15;15,1
1,11;11,15;15,35
1,11;11,16;16,1
1,11;11,16;16,35
1,11;11,17;17,1
1,11;11,17;17,35
1,11;11,19;19,1
1,11;11,19;19,35
1,11;11,20;20,1
1,11;11,20;20,35
1,11;11,21;21,1
1,11;11,21;21,35
1,11;11,22;22,1
1,11;11,22;22,35
1,11;11,23;23,1
1,11;11,23;23,35
1,11;11,24;24,1
1,11;11,24;24,35
1,12;12,13;13,1
1,12;12,13;13,35
1,12;12,14;14,1
1,12;12,14;14,35
1,12;12,15;15,1
1,12;12,15;15,35
1,12;12,16;16,1
1,12;12,16;16,35
1,12;12,17;17,1
1,12;12,17;17,35
1,12;12,19;19,1
1,12;12,19;19,35
1,12;12,20;20,1
1,12;12,20;20,35
1,12;12,21;21,1
1,12;12,21;21,35
1,12;12,22;22,1
1,12;12,22;22,35
1,12;12,23;23,1
1,12;12,23;23,35
1,13;13,14;14,1
1,13;13,14;14,35
1,13;13,15;15,1
1,13;13,15;15,35
1,13;13,16;16,1
1,13;13,16;16,35
1,13;13,17;17,1
1,13;13,17;17,35
1,13;13,19;19,1
1,13;13,19;19,35
1,13;13,20;20,1
1,13;13,20;20,35
1,13;13,21;21,1
1,13;13,21;21,35
1,13;13,22;22,1
1,13;13,22;22,35
1,14;14,15;15,1
1,14;14,15;15,35
1,14;14,16;16,1
1,14;14,16;16,35
1,14;14,17;17,1
1,14;14,17;17,35
1,14;14,19;19,1
1,14;14,19;19,35
1,14;14,20;20,1
1,14;14,20;20,35
1,14;14,21;21,1
1,14;14,21;21,35
1,15;15,16;16,1
1,15;15,16;16,35
1,15;15,17;17,1
1,15;15,17;17,35
1,15;15,19;19,1
1,15;15,19;19,35
1,15;15,20;20,1
1,15;15,20;20,35
1,16;16,17;17,1
1,16;16,17;17,35
1,16;16,19;19,1
1,16;16,19;19,35
2,3;3,4;4,2
2,3;3,4;4,34
2,3;3,5;5,2
2,3;3,5;5,34
2,3;3,6;6,2
2,3;3,6;6,34
2,3;3,7;7,2
2,3;3,7;7,34
2,3;3,8;8,2
2,3;3,8;8,34
2,3;3,9;9,2
2,3;3,9;9,34
2,3;3,10;10,2
2,3;3,10;10,34
2,3;3,11;11,2
2,3;3,11;11,34
2,3;3,12;12,2
2,3;3,12;12,34
2,3;3,13;13,2
2,3;3,13;13,34
2,3;3,14;14,2
2,3;3,14;14,34
2,3;3,15;15,2
2,3;3,15;15,34
2,3;3,16;16,2
2,3;3,16;16,34
2,3;3,17;17,2
2,3;3,17;17,34
2,3;3,19;19,2
2,3;3,19;19,34
2,3;3,20;20,2
2,3;3,20;20,34
2,3;3,21;21,2
2,3;3,21;21,34
2,3;3,22;22,2
2,3;3,22;22,34
2,3;3,23;23,2
2,3;3,23;23,34
2,3;3,24;24,2
2,3;3,24;24,34
2,3;3,25;25,2
2,3;3,25;25,34
2,3;3,26;26,2
2,3;3,26;26,34
2,3;3,27;27,2
2,3;3,27;27,34
2,3;3,28;28,2
2,3;3,28;28,34
2,3;3,29;29,2
2,3;3,29;29,34
2,3;3,30;30,2
2,3;3,30;30,34
2,3;3,31;31,2
2,3;3,31;31,34
2,3;3,32;32,2
2,3;3,32;32,34
2,4;4,5;5,2
2,4;4,5;5,34
2,4;4,6;6,2
2,4;4,6;6,34
2,4;4,7;7,2
2,4;4,7;7,34
2,4;4,8;8,2
2,4;4,8;8,34
2,4;4,9;9,2
2,4;4,9;9,34
2,4;4,10;10,2
2,4;4,10;10,34
2,4;4,11;11,2
2,4;4,11;11,34
2,4;4,12;12,2
2,4;4,12;12,34
2,4;4,13;13,2
2,4;4,13;13,34
2,4;4,14;14,2
2,4;4,14;14,34
2,4;4,15;15,2
2,4;4,15;15,34
2,4;4,16;16,2
2,4;4,16;16,34
2,4;4,17;17,2
2,4;4,17;17,34
2,4;4,19;19,2
2,4;4,19;19,34
2,4;4,20;20,2
2,4;4,20;20,34
2,4;4,21;21,2
2,4;4,21;21,34
2,4;4,22;22,2
2,4;4,22;22,34
2,4;4,23;23,2
2,4;4,23;23,34
2,4;4,24;24,2
2,4;4,24;24,34
2,4;4,25;25,2
2,4;4,25;25,34
2,4;4,26;26,2
2,4;4,26;26,34
2,4;4,27;27,2
2,4;4,27;27,34
2,4;4,28;28,2
2,4;4,28;28,34
2,4;4,29;29,2
2,4;4,29;29,34
2,4;4,30;30,2
2,4;4,30;30,34
2,4;4,31;31,2
2,4;4,31;31,34
2,5;5,6;6,2
2,5;5,6;6,34
2,5;5,7;7,2
2,5;5,7;7,34
2,5;5,8;8,2
2,5;5,8;8,34
2,5;5,9;9,2
2,5;5,9;9,34
2,5;5,10;10,2
2,5;5,10;10,34
2,5;5,11;11,2
2,5;5,11;11,34
2,5;5,12;12,2
2,5;5,12;12,34
2,5;5,13;13,2
2,5;5,13;13,34
2,5;5,14;14,2
2,5;5,14;14,34
2,5;5,15;15,2
2,5;5,15;15,34
2,5;5,16;16,2
2,5;5,16;16,34
2,5;5,17;17,2
2,5;5,17;17,34
2,5;5,19;19,2
2,5;5,19;19,34
2,5;5,20;20,2
2,5;5,20;20,34
2,5;5,21;21,2
2,5;5,21;21,34
2,5;5,22;22,2
2,5;5,22;22,34
2,5;5,23;23,2
2,5;5,23;23,34
2,5;5,24;24,2
2,5;5,24;24,34
2,5;5,25;25,2
2,5;5,25;25,34
2,5;5,26;26,2
2,5;5,26;26,34
2,5;5,27;27,2
2,5;5,27;27,34
2,5;5,28;28,2
2,5;5,28;28,34
2,5;5,29;29,2
2,5;5,29;29,34
2,5;5,30;30,2
2,5;5,30;30,34
2,6;6,7;7,2
2,6;6,7;7,34
2,6;6,8;8,2
2,6;6,8;8,34
2,6;6,9;9,2
2,6;6,9;9,34
2,6;6,10;10,2
2,6;6,10;10,34
2,6;6,11;11,2
2,6;6,11;11,34
2,6;6,12;12,2
2,6;6,12;12,34
2,6;6,13;13,2
2,6;6,13;13,34
2,6;6,14;14,2
2,6;6,14;14,34
2,6;6,15;15,2
2,6;6,15;15,34
2,6;6,16;16,2
2,6;6,16;16,34
2,6;6,17;17,2
2,6;6,17;17,34
2,6;6,19;19,2
2,6;6,19;19,34
2,6;6,20;20,2
2,6;6,20;20,34
2,6;6,21;21,2
2,6;6,21;21,34
2,6;6,22;22,2
2,6;6,22;22,34
2,6;6,23;23,2
2,6;6,23;23,34
2,6;6,24;24,2
2,6;6,24;24,34
2,6;6,25;25,2
2,6;6,25;25,34
2,6;6,26;26,2
2,6;6,26;26,34
2,6;6,27;27,2
2,6;6,27;27,34
2,6;6,28;28,2
2,6;6,28;28,34
2,6;6,29;29,2
2,6;6,29;29,34
2,7;7,8;8,2
2,7;7,8;8,34
2,7;7,9;9,2
2,7;7,9;9,34
2,7;7,10;10,2
2,7;7,10;10,34
2,7;7,11;11,2
2,7;7,11;11,34
2,7;7,12;12,2
2,7;7,12;12,34
2,7;7,13;13,2
2,7;7,13;13,34
2,7;7,14;14,2
2,7;7,14;14,34
2,7;7,15;15,2
2,7;7,15;15,34
2,7;7,16;16,2
2,7;7,16;16,34
2,7;7,17;17,2
2,7;7,17;17,34
2,7;7,19;19,2
2,7;7,19;19,34
2,7;7,20;20,2
2,7;7,20;20,34
2,7;7,21;21,2
2,7;7,21;21,34
2,7;7,22;22,2
2,7;7,22;22,34
2,7;7,23;23,2
2,7;7,23;23,34
2,7;7,24;24,2
2,7;7,24;24,34
2,7;7,25;25,2
2,7;7,25;25,34
2,7;7,26;26,2
2,7;7,26;26,34
2,7;7,27;27,2
2,7;7,27;27,34
2,7;7,28;28,2
2,7;7,28;28,34
2,8;8,9;9,2
2,8;8,9;9,34
2,8;8,10;10,2
2,8;8,10;10,34
2,8;8,11;11,2
2,8;8,11;11,34
2,8;8,12;12,2
2,8;8,12;12,34
2,8;8,13;13,2
2,8;8,13;13,34
2,8;8,14;14,2
2,8;8,14;14,34
2,8;8,15;15,2
2,8;8,15;15,34
2,8;8,16;16,2
2,8;8,16;16,34
2,8;8,17;17,2
2,8;8,17;17,34
2,8;8,19;19,2
2,8;8,19;19,34
2,8;8,20;20,2
2,8;8,20;20,34
2,8;8,21;21,2
2,8;8,21;21,34
2,8;8,22;22,2
2,8;8,22;22,34
2,8;8,23;23,2
2,8;8,23;23,34
2,8;8,24;24,2
2,8;8,24;24,34
2,8;8,25;25,2
2,8;8,25;25,34
2,8;8,26;26,2
2,8;8,26;26,34
2,8;8,27;27,2
2,8;8,27;27,34
2,9;9,10;10,2
2,9;9,10;10,34
2,9;9,11;11,2
2,9;9,11;11,34
2,9;9,12;12,2
2,9;9,12;12,34
2,9;9,13;13,2
2,9;9,13;13,34
2,9;9,14;14,2
2,9;9,14;14,34
2,9;9,15;15,2
2,9;9,15;15,34
2,9;9,16;16,2
2,9;9,16;16,34
2,9;9,17;17,2
2,9;9,17;17,34
2,9;9,19;19,2
2,9;9,19;19,34
2,9;9,20;20,2
2,9;9,20;20,34
2,9;9,21;21,2
2,9;9,21;21,34
2,9;9,22;22,2
2,9;9,22;22,34
2,9;9,23;23,2
2,9;9,23;23,34
2,9;9,24;24,2
2,9;9,24;24,34
2,9;9,25;25,2
2,9;9,25;25,34
2,9;9,26;26,2
2,9;9,26;26,34
2,10;10,11;11,2
2,10;10,11;11,34
2,10;10,12;12,2
2,10;10,12;12,34
2,10;10,13;13,2
2,10;10,13;13,34
2,10;10,14;14,2
2,10;10,14;14,34
2,10;10,15;15,2
2,10;10,15;15,34
2,10;10,16;16,2
2,10;10,16;16,34
2,10;10,17;17,2
2,10;10,17;17,34
2,10;10,19;19,2
2,10;10,19;19,34
2,10;10,20;20,2
2,10;10,20;20,34
2,10;10,21;21,2
2,10;10,21;21,34
2,10;10,22;22,2
2,10;10,22;22,34
2,10;10,23;23,2
2,10;10,23;23,34
2,10;10,24;24,2
2,10;10,24;24,34
2,10;10,25;25,2
2,10;10,25;25,34
2,11;11,12;12,2
2,11;11,12;12,34
2,11;11,13;13,2
2,11;11,13;13,34
2,11;11,14;14,2
2,11;11,14;14,34
2,11;11,15;15,2
2,11;11,15;15,34
2,11;11,16;16,2
2,11;11,16;16,34
2,11;11,17;17,2
2,11;11,17;17,34
2,11;11,19;19,2
2,11;11,19;19,34
2,11;11,20;20,2
2,11;11,20;20,34
2,11;11,21;21,2
2,11;11,21;21,34
2,11;11,22;22,2
2,11;11,22;22,34
2,11;11,23;23,2
2,11;11,23;23,34
2,11;11,24;24,2
2,11;11,24;24,34
2,12;12,13;13,2
2,12;12,13;13,34
2,12;12,14;14,2
2,12;12,14;14,34
2,12;12,15;15,2
2,12;12,15;15,34
2,12;12,16;16,2
2,12;12,16;16,34
2,12;12,17;17,2
2,12;12,17;17,34
2,12;12,19;19,2
2,12;12,19;19,34
2,12;12,20;20,2
2,12;12,20;20,34
2,12;12,21;21,2
2,12;12,21;21,34
2,12;12,22;22,2
2,12;12,22;22,34
2,12;12,23;23,2
2,12;12,23;23,34
2,13;13,14;14,2
2,13;13,14;14,34
2,13;13,15;15,2
2,13;13,15;15,34
2,13;13,16;16,2
2,13;13,16;16,34
2,13;13,17;17,2
2,13;13,17;17,34
2,13;13,19;19,2
2,13;13,19;19,34
2,13;13,20;20,2
2,13;13,20;20,34
2,13;13,21;21,2
2,13;13,21;21,34
2,13;13,22;22,2
2,13;13,22;22,34
2,14;14,15;15,2
2,14;14,15;15,34
2,14;14,16;16,2
2,14;14,16;16,34
2,14;14,17;17,2
2,14;14,17;17,34
2,14;14,19;19,2
2,14;14,19;19,34
2,14;14,20;20,2
2,14;14,20;20,34
2,14;14,21;21,2
2,14;14,21;21,34
2,15;15,16;16,2
2,15;15,16;16,34
2,15;15,17;17,2
2,15;15,17;17,34
2,15;15,19;19,2
2,15;15,19;19,34
2,15;15,20;20,2
2,15;15,20;20,34
2,16;16,17;17,2
2,16;16,17;17,34
2,16;16,19;19,2
2,16;16,19;19,34
3,4;4,5;5,3
3,4;4,5;5,33
3,4;4,6;6,3
3,4;4,6;6,33
3,4;4,7;7,3
3,4;4,7;7,33
3,4;4,8;8,3
3,4;4,8;8,33
3,4;4,9;9,3
3,4;4,9;9,33
3,4;4,10;10,3
3,4;4,10;10,33
3,4;4,11;11,3
3,4;4,11;11,33
3,4;4,12;12,3
3,4;4,12;12,33
3,4;4,13;13,3
3,4;4,13;13,33
3,4;4,14;14,3
3,4;4,14;14,33
3,4;4,15;15,3
3,4;4,15;15,33
3,4;4,16;16,3
3,4;4,16;16,33
3,4;4,17;17,3
3,4;4,17;17,33
3,4;4,19;19,3
3,4;4,19;19,33
3,4;4,20;20,3
3,4;4,20;20,33
3,4;4,21;21,3
3,4;4,21;21,33
3,4;4,22;22,3
3,4;4,22;22,33
3,4;4,23;23,3
3,4;4,23;23,33
3,4;4,24;24,3
3,4;4,24;24,33
3,4;4,25;25,3
3,4;4,25;25,33
3,4;4,26;26,3
3,4;4,26;26,33
3,4;4,27;27,3
3,4;4,27;27,33
3,4;4,28;28,3
3,4;4,28;28,33
3,4;4,29;29,3
3,4;4,29;29,33
3,4;4,30;30,3
3,4;4,30;30,33
3,4;4,31;31,3
3,4;4,31;31,33
3,5;5,6;6,3
3,5;5,6;6,33
3,5;5,7;7,3
3,5;5,7;7,33
3,5;5,8;8,3
3,5;5,8;8,33
3,5;5,9;9,3
3,5;5,9;9,33
3,5;5,10;10,3
3,5;5,10;10,33
3,5;5,11;11,3
3,5;5,11;11,33
3,5;5,12;12,3
3,5;5,12;12,33
3,5;5,13;13,3
3,5;5,13;13,33
3,5;5,14;14,3
3,5;5,14;14,33
3,5;5,15;15,3
3,5;5,15;15,33
3,5;5,16;16,3
3,5;5,16;16,33
3,5;5,17;17,3
3,5;5,17;17,33
3,5;5,19;19,3
3,5;5,19;19,33
3,5;5,20;20,3
3,5;5,20;20,33
3,5;5,21;21,3
3,5;5,21;21,33
3,5;5,22;22,3
3,5;5,22;22,33
3,5;5,23;23,3
3,5;5,23;23,33
3,5;5,24;24,3
3,5;5,24;24,33
3,5;5,25;25,3
3,5;5,25;25,33
3,5;5,26;26,3
3,5;5,26;26,33
3,5;5,27;27,3
3,5;5,27;27,33
3,5;5,28;28,3
3,5;5,28;28,33
3,5;5,29;29,3
3,5;5,29;29,33
3,5;5,30;30,3
3,5;5,30;30,33
3,6;6,7;7,3
3,6;6,7;7,33
3,6;6,8;8,3
3,6;6,8;8,33
3,6;6,9;9,3
3,6;6,9;9,33
3,6;6,10;10,3
3,6;6,10;10,33
3,6;6,11;11,3
3,6;6,11;11,33
3,6;6,12;12,3
3,6;6,12;12,33
3,6;6,13;13,3
3,6;6,13;13,33
3,6;6,14;14,3
3,6;6,14;14,33
3,6;6,15;15,3
3,6;6,15;15,33
3,6;6,16;16,3
3,6;6,16;16,33
3,6;6,17;17,3
3,6;6,17;17,33
3,6;6,19;19,3
3,6;6,19;19,33
3,6;6,20;20,3
3,6;6,20;20,33
3,6;6,21;21,3
3,6;6,21;21,33
3,6;6,22;22,3
3,6;6,22;22,33
3,6;6,23;23,3
3,6;6,23;23,33
3,6;6,24;24,3
3,6;6,24;24,33
3,6;6,25;25,3
3,6;6,25;25,33
3,6;6,26;26,3
3,6;6,26;26,33
3,6;6,27;27,3
3,6;6,27;27,33
3,6;6,28;28,3
3,6;6,28;28,33
3,6;6,29;29,3
3,6;6,29;29,33
3,7;7,8;8,3
3,7;7,8;8,33
3,7;7,9;9,3
3,7;7,9;9,33
3,7;7,10;10,3
3,7;7,10;10,33
3,7;7,11;11,3
3,7;7,11;11,33
3,7;7,12;12,3
3,7;7,12;12,33
3,7;7,13;13,3
3,7;7,13;13,33
3,7;7,14;14,3
3,7;7,14;14,33
3,7;7,15;15,3
3,7;7,15;15,33
3,7;7,16;16,3
3,7;7,16;16,33
3,7;7,17;17,3
3,7;7,17;17,33
3,7;7,19;19,3
3,7;7,19;19,33
3,7;7,20;20,3
3,7;7,20;20,33
3,7;7,21;21,3
3,7;7,21;21,33
3,7;7,22;22,3
3,7;7,22;22,33
3,7;7,23;23,3
3,7;7,23;23,33
3,7;7,24;24,3
3,7;7,24;24,33
3,7;7,25;25,3
3,7;7,25;25,33
3,7;7,26;26,3
3,7;7,26;26,33
3,7;7,27;27,3
3,7;7,27;27,33
3,7;7,28;28,3
3,7;7,28;28,33
3,8;8,9;9,3
3,8;8,9;9,33
3,8;8,10;10,3
3,8;8,10;10,33
3,8;8,11;11,3
3,8;8,11;11,33
3,8;8,12;12,3
3,8;8,12;12,33
3,8;8,13;13,3
3,8;8,13;13,33
3,8;8,14;14,3
3,8;8,14;14,33
3,8;8,15;15,3
3,8;8,15;15,33
3,8;8,16;16,3
3,8;8,16;16,33
3,8;8,17;17,3
3,8;8,17;17,33
3,8;8,19;19,3
3,8;8,19;19,33
3,8;8,20;20,3
3,8;8,20;20,33
3,8;8,21;21,3
3,8;8,21;21,33
3,8;8,22;22,3
3,8;8,22;22,33
3,8;8,23;23,3
3,8;8,23;23,33
3,8;8,24;24,3
3,8;8,24;24,33
3,8;8,25;25,3
3,8;8,25;25,33
3,8;8,26;26,3
3,8;8,26;26,33
3,8;8,27;27,3
3,8;8,27;27,33
3,9;9,10;10,3
3,9;9,10;10,33
3,9;9,11;11,3
3,9;9,11;11,33
3,9;9,12;12,3
3,9;9,12;12,33
3,9;9,13;13,3
3,9;9,13;13,33
3,9;9,14;14,3
3,9;9,14;14,33
3,9;9,15;15,3
3,9;9,15;15,33
3,9;9,16;16,3
3,9;9,16;16,33
3,9;9,17;17,3
3,9;9,17;17,33
3,9;9,19;19,3
3,9;9,19;19,33
3,9;9,20;20,3
3,9;9,20;20,33
3,9;9,21;21,3
3,9;9,21;21,33
3,9;9,22;22,3
3,9;9,22;22,33
3,9;9,23;23,3
3,9;9,23;23,33
3,9;9,24;24,3
3,9;9,24;24,33
3,9;9,25;25,3
3,9;9,25;25,33
3,9;9,26;26,3
3,9;9,26;26,33
3,10;10,11;11,3
3,10;10,11;11,33
3,10;10,12;12,3
3,10;10,12;12,33
3,10;10,13;13,3
3,10;10,13;13,33
3,10;10,14;14,3
3,10;10,14;14,33
3,10;10,15;15,3
3,10;10,15;15,33
3,10;10,16;16,3
3,10;10,16;16,33
3,10;10,17;17,3
3,10;10,17;17,33
3,10;10,19;19,3
3,10;10,19;19,33
3,10;10,20;20,3
3,10;10,20;20,33
3,10;10,21;21,3
3,10;10,21;21,33
3,10;10,22;22,3
3,10;10,22;22,33
3,10;10,23;23,3
3,10;10,23;23,33
3,10;10,24;24,3
3,10;10,24;24,33
3,10;10,25;25,3
3,10;10,25;25,33
3,11;11,12;12,3
3,11;11,12;12,33
3,11;11,13;13,3
3,11;11,13;13,33
3,11;11,14;14,3
3,11;11,14;14,33
3,11;11,15;15,3
3,11;11,15;15,33
3,11;11,16;16,3
3,11;11,16;16,33
3,11;11,17;17,3
3,11;11,17;17,33
3,11;11,19;19,3
3,11;11,19;19,33
3,11;11,20;20,3
3,11;11,20;20,33
3,11;11,21;21,3
3,11;11,21;21,33
3,11;11,22;22,3
3,11;11,22;22,33
3,11;11,23;23,3
3,11;11,23;23,33
3,11;11,24;24,3
3,11;11,24;24,33
3,12;12,13;13,3
3,12;12,13;13,33
3,12;12,14;14,3
3,12;12,14;14,33
3,12;12,15;15,3
3,12;12,15;15,33
3,12;12,16;16,3
3,12;12,16;16,33
3,12;12,17;17,3
3,12;12,17;17,33
3,12;12,19;19,3
3,12;12,19;19,33
3,12;12,20;20,3
3,12;12,20;20,33
3,12;12,21;21,3
3,12;12,21;21,33
3,12;12,22;22,3
3,12;12,22;22,33
3,12;12,23;23,3
3,12;12,23;23,33
3,13;13,14;14,3
3,13;13,14;14,33
3,13;13,15;15,3
3,13;13,15;15,33
3,13;13,16;16,3
3,13;13,16;16,33
3,13;13,17;17,3
3,13;13,17;17,33
3,13;13,19;19,3
3,13;13,19;19,33
3,13;13,20;20,3
3,13;13,20;20,33
3,13;13,21;21,3
3,13;13,21;21,33
3,13;13,22;22,3
3,13;13,22;22,33
3,14;14,15;15,3
3,14;14,15;15,33
3,14;14,16;16,3
3,14;14,16;16,33
3,14;14,17;17,3
3,14;14,17;17,33
3,14;14,19;19,3
3,14;14,19;19,33
3,14;14,20;20,3
3,14;14,20;20,33
3,14;14,21;21,3
3,14;14,21;21,33
3,15;15,16;16,3
3,15;15,16;16,33
3,15;15,17;17,3
3,15;15,17;17,33
3,15;15,19;19,3
3,15;15,19;19,33
3,15;15,20;20,3
3,15;15,20;20,33
3,16;16,17;17,3
3,16;16,17;17,33
3,16;16,19;19,3
3,16;16,19;19,33
4,5;5,6;6,4
4,5;5,6;6,32
4,5;5,7;7,4
4,5;5,7;7,32
4,5;5,8;8,4
4,5;5,8;8,32
4,5;5,9;9,4
4,5;5,9;9,32
4,5;5,10;10,4
4,5;5,10;10,32
4,5;5,11;11,4
4,5;5,11;11,32
4,5;5,12;12,4
4,5;5,12;12,32
4,5;5,13;13,4
4,5;5,13;13,32
4,5;5,14;14,4
4,5;5,14;14,32
4,5;5,15;15,4
4,5;5,15;15,32
4,5;5,16;16,4
4,5;5,16;16,32
4,5;5,17;17,4
4,5;5,17;17,32
4,5;5,19;19,4
4,5;5,19;19,32
4,5;5,20;20,4
4,5;5,20;20,32
4,5;5,21;21,4
4,5;5,21;21,32
4,5;5,22;22,4
4,5;5,22;22,32
4,5;5,23;23,4
4,5;5,23;23,32
4,5;5,24;24,4
4,5;5,24;24,32
4,5;5,25;25,4
4,5;5,25;25,32
4,5;5,26;26,4
4,5;5,26;26,32
4,5;5,27;27,4
4,5;5,27;27,32
4,5;5,28;28,4
4,5;5,28;28,32
4,5;5,29;29,4
4,5;5,29;29,32
4,5;5,30;30,4
4,5;5,30;30,32
4,6;6,7;7,4
4,6;6,7;7,32
4,6;6,8;8,4
4,6;6,8;8,32
4,6;6,9;9,4
4,6;6,9;9,32
4,6;6,10;10,4
4,6;6,10;10,32
4,6;6,11;11,4
4,6;6,11;11,32
4,6;6,12;12,4
4,6;6,12;12,32
4,6;6,13;13,4
4,6;6,13;13,32
4,6;6,14;14,4
4,6;6,14;14,32
4,6;6,15;15,4
4,6;6,15;15,32
4,6;6,16;16,4
4,6;6,16;16,32
4,6;6,17;17,4
4,6;6,17;17,32
4,6;6,19;19,4
4,6;6,19;19,32
4,6;6,20;20,4
4,6;6,20;20,32
4,6;6,21;21,4
4,6;6,21;21,32
4,6;6,22;22,4
4,6;6,22;22,32
4,6;6,23;23,4
4,6;6,23;23,32
4,6;6,24;24,4
4,6;6,24;24,32
4,6;6,25;25,4
4,6;6,25;25,32
4,6;6,26;26,4
4,6;6,26;26,32
4,6;6,27;27,4
4,6;6,27;27,32
4,6;6,28;28,4
4,6;6,28;28,32
4,6;6,29;29,4
4,6;6,29;29,32
4,7;7,8;8,4
4,7;7,8;8,32
4,7;7,9;9,4
4,7;7,9;9,32
4,7;7,10;10,4
4,7;7,10;10,32
4,7;7,11;11,4
4,7;7,11;11,32
4,7;7,12;12,4
4,7;7,12;12,32
4,7;7,13;13,4
4,7;7,13;13,32
4,7;7,14;14,4
4,7;7,14;14,32
4,7;7,15;15,4
4,7;7,15;15,32
4,7;7,16;16,4
4,7;7,16;16,32
4,7;7,17;17,4
4,7;7,17;17,32
4,7;7,19;19,4
4,7;7,19;19,32
4,7;7,20;20,4
4,7;7,20;20,32
4,7;7,21;21,4
4,7;7,21;21,32
4,7;7,22;22,4
4,7;7,22;22,32
4,7;7,23;23,4
4,7;7,23;23,32
4,7;7,24;24,4
4,7;7,24;24,32
4,7;7,25;25,4
4,7;7,25;25,32
4,7;7,26;26,4
4,7;7,26;26,32
4,7;7,27;27,4
4,7;7,27;27,32
4,7;7,28;28,4
4,7;7,28;28,32
4,8;8,9;9,4
4,8;8,9;9,32
4,8;8,10;10,4
4,8;8,10;10,32
4,8;8,11;11,4
4,8;8,11;11,32
4,8;8,12;12,4
4,8;8,12;12,32
4,8;8,13;13,4
4,8;8,13;13,32
4,8;8,14;14,4
4,8;8,14;14,32
4,8;8,15;15,4
4,8;8,15;15,32
4,8;8,16;16,4
4,8;8,16;16,32
4,8;8,17;17,4
4,8;8,17;17,32
4,8;8,19;19,4
4,8;8,19;19,32
4,8;8,20;20,4
4,8;8,20;20,32
4,8;8,21;21,4
4,8;8,21;21,32
4,8;8,22;22,4
4,8;8,22;22,32
4,8;8,23;23,4
4,8;8,23;23,32
4,8;8,24;24,4
4,8;8,24;24,32
4,8;8,25;25,4
4,8;8,25;25,32
4,8;8,26;26,4
4,8;8,26;26,32
4,8;8,27;27,4
4,8;8,27;27,32
4,9;9,10;10,4
4,9;9,10;10,32
4,9;9,11;11,4
4,9;9,11;11,32
4,9;9,12;12,4
4,9;9,12;12,32
4,9;9,13;13,4
4,9;9,13;13,32
4,9;9,14;14,4
4,9;9,14;14,32
4,9;9,15;15,4
4,9;9,15;15,32
4,9;9,16;16,4
4,9;9,16;16,32
4,9;9,17;17,4
4,9;9,17;17,32
4,9;9,19;19,4
4,9;9,19;19,32
4,9;9,20;20,4
4,9;9,20;20,32
4,9;9,21;21,4
4,9;9,21;21,32
4,9;9,22;22,4
4,9;9,22;22,32
4,9;9,23;23,4
4,9;9,23;23,32
4,9;9,24;24,4
4,9;9,24;24,32
4,9;9,25;25,4
4,9;9,25;25,32
4,9;9,26;26,4
4,9;9,26;26,32
4,10;10,11;11,4
4,10;10,11;11,32
4,10;10,12;12,4
4,10;10,12;12,32
4,10;10,13;13,4
4,10;10,13;13,32
4,10;10,14;14,4
4,10;10,14;14,32
4,10;10,15;15,4
4,10;10,15;15,32
4,10;10,16;16,4
4,10;10,16;16,32
4,10;10,17;17,4
4,10;10,17;17,32
4,10;10,19;19,4
4,10;10,19;19,32
4,10;10,20;20,4
4,10;10,20;20,32
4,10;10,21;21,4
4,10;10,21;21,32
4,10;10,22;22,4
4,10;10,22;22,32
4,10;10,23;23,4
4,10;10,23;23,32
4,10;10,24;24,4
4,10;10,24;24,32
4,10;10,25;25,4
4,10;10,25;25,32
4,11;11,12;12,4
4,11;11,12;12,32
4,11;11,13;13,4
4,11;11,13;13,32
4,11;11,14;14,4
4,11;11,14;14,32
4,11;11,15;15,4
4,11;11,15;15,32
4,11;11,16;16,4
4,11;11,16;16,32
4,11;11,17;17,4
4,11;11,17;17,32
4,11;11,19;19,4
4,11;11,19;19,32
4,11;11,20;20,4
4,11;11,20;20,32
4,11;11,21;21,4
4,11;11,21;21,32
4,11;11,22;22,4
4,11;11,22;22,32
4,11;11,23;23,4
4,11;11,23;23,32
4,11;11,24;24,4
4,11;11,24;24,32
4,12;12,13;13,4
4,12;12,13;13,32
4,12;12,14;14,4
4,12;12,14;14,32
4,12;12,15;15,4
4,12;12,15;15,32
4,12;12,16;16,4
4,12;12,16;16,32
4,12;12,17;17,4
4,12;12,17;17,32
4,12;12,19;19,4
4,12;12,19;19,32
4,12;12,20;20,4
4,12;12,20;20,32
4,12;12,21;21,4
4,12;12,21;21,32
4,12;12,22;22,4
4,12;12,22;22,32
4,12;12,23;23,4
4,12;12,23;23,32
4,13;13,14;14,4
4,13;13,14;14,32
4,13;13,15;15,4
4,13;13,15;15,32
4,13;13,16;16,4
4,13;13,16;16,32
4,13;13,17;17,4
4,13;13,17;17,32
4,13;13,19;19,4
4,13;13,19;19,32
4,13;13,20;20,4
4,13;13,20;20,32
4,13;13,21;21,4
4,13;13,21;21,32
4,13;13,22;22,4
4,13;13,22;22,32
4,14;14,15;15,4
4,14;14,15;15,32
4,14;14,16;16,4
4,14;14,16;16,32
4,14;14,17;17,4
4,14;14,17;17,32
4,14;14,19;19,4
4,14;14,19;19,32
4,14;14,20;20,4
4,14;14,20;20,32
4,14;14,21;21,4
4,14;14,21;21,32
4,15;15,16;16,4
4,15;15,16;16,32
4,15;15,17;17,4
4,15;15,17;17,32
4,15;15,19;19,4
4,15;15,19;19,32
4,15;15,20;20,4
4,15;15,20;20,32
4,16;16,17;17,4
4,16;16,17;17,32
4,16;16,19;19,4
4,16;16,19;19,32
5,6;6,7;7,5
5,6;6,7;7,31
5,6;6,8;8,5
5,6;6,8;8,31
5,6;6,9;9,5
5,6;6,9;9,31
5,6;6,10;10,5
5,6;6,10;10,31
5,6;6,11;11,5
5,6;6,11;11,31
5,6;6,12;12,5
5,6;6,12;12,31
5,6;6,13;13,5
5,6;6,13;13,31
5,6;6,14;14,5
5,6;6,14;14,31
5,6;6,15;15,5
5,6;6,15;15,31
5,6;6,16;16,5
5,6;6,16;16,31
5,6;6,17;17,5
5,6;6,17;17,31
5,6;6,19;19,5
5,6;6,19;19,31
5,6;6,20;20,5
5,6;6,20;20,31
5,6;6,21;21,5
5,6;6,21;21,31
5,6;6,22;22,5
5,6;6,22;22,31
5,6;6,23;23,5
5,6;6,23;23,31
5,6;6,24;24,5
5,6;6,24;24,31
5,6;6,25;25,5
5,6;6,25;25,31
5,6;6,26;26,5
5,6;6,26;26,31
5,6;6,27;27,5
5,6;6,27;27,31
5,6;6,28;28,5
5,6;6,28;28,31
5,6;6,29;29,5
5,6;6,29;29,31
5,7;7,8;8,5
5,7;7,8;8,31
5,7;7,9;9,5
5,7;7,9;9,31
5,7;7,10;10,5
5,7;7,10;10,31
5,7;7,11;11,5
5,7;7,11;11,31
5,7;7,12;12,5
5,7;7,12;12,31
5,7;7,13;13,5
5,7;7,13;13,31
5,7;7,14;14,5
5,7;7,14;14,31
5,7;7,15;15,5
5,7;7,15;15,31
5,7;7,16;16,5
5,7;7,16;16,31
5,7;7,17;17,5
5,7;7,17;17,31
5,7;7,19;19,5
5,7;7,19;19,31
5,7;7,20;20,5
5,7;7,20;20,31
5,7;7,21;21,5
5,7;7,21;21,31
5,7;7,22;22,5
5,7;7,22;22,31
5,7;7,23;23,5
5,7;7,23;23,31
5,7;7,24;24,5
5,7;7,24;24,31
5,7;7,25;25,5
5,7;7,25;25,31
5,7;7,26;26,5
5,7;7,26;26,31
5,7;7,27;27,5
5,7;7,27;27,31
5,7;7,28;28,5
5,7;7,28;28,31
5,8;8,9;9,5
5,8;8,9;9,31
5,8;8,10;10,5
5,8;8,10;10,31
5,8;8,11;11,5
5,8;8,11;11,31
5,8;8,12;12,5
5,8;8,12;12,31
5,8;8,13;13,5
5,8;8,13;13,31
5,8;8,14;14,5
5,8;8,14;14,31
5,8;8,15;15,5
5,8;8,15;15,31
5,8;8,16;16,5
5,8;8,16;16,31
5,8;8,17;17,5
5,8;8,17;17,31
5,8;8,19;19,5
5,8;8,19;19,31
5,8;8,20;20,5
5,8;8,20;20,31
5,8;8,21;21,5
5,8;8,21;21,31
5,8;8,22;22,5
5,8;8,22;22,31
5,8;8,23;23,5
5,8;8,23;23,31
5,8;8,24;24,5
5,8;8,24;24,31
5,8;8,25;25,5
5,8;8,25;25,31
5,8;8,26;26,5
5,8;8,26;26,31
5,8;8,27;27,5
5,8;8,27;27,31
5,9;9,10;10,5
5,9;9,10;10,31
5,9;9,11;11,5
5,9;9,11;11,31
5,9;9,12;12,5
5,9;9,12;12,31
5,9;9,13;13,5
5,9;9,13;13,31
5,9;9,14;14,5
5,9;9,14;14,31
5,9;9,15;15,5
5,9;9,15;15,31
5,9;9,16;16,5
5,9;9,16;16,31
5,9;9,17;17,5
5,9;9,17;17,31
5,9;9,19;19,5
5,9;9,19;19,31
5,9;9,20;20,5
5,9;9,20;20,31
5,9;9,21;21,5
5,9;9,21;21,31
5,9;9,22;22,5
5,9;9,22;22,31
5,9;9,23;23,5
5,9;9,23;23,31
5,9;9,24;24,5
5,9;9,24;24,31
5,9;9,25;25,5
5,9;9,25;25,31
5,9;9,26;26,5
5,9;9,26;26,31
5,10;10,11;11,5
5,10;10,11;11,31
5,10;10,12;12,5
5,10;10,12;12,31
5,10;10,13;13,5
5,10;10,13;13,31
5,10;10,14;14,5
5,10;10,14;14,31
5,10;10,15;15,5
5,10;10,15;15,31
5,10;10,16;16,5
5,10;10,16;16,31
5,10;10,17;17,5
5,10;10,17;17,31
5,10;10,19;19,5
5,10;10,19;19,31
5,10;10,20;20,5
5,10;10,20;20,31
5,10;10,21;21,5
5,10;10,21;21,31
5,10;10,22;22,5
5,10;10,22;22,31
5,10;10,23;23,5
5,10;10,23;23,31
5,10;10,24;24,5
5,10;10,24;24,31
5,10;10,25;25,5
5,10;10,25;25,31
5,11;11,12;12,5
5,11;11,12;12,31
5,11;11,13;13,5
5,11;11,13;13,31
5,11;11,14;14,5
5,11;11,14;14,31
5,11;11,15;15,5
5,11;11,15;15,31
5,11;11,16;16,5
5,11;11,16;16,31
5,11;11,17;17,5
5,11;11,17;17,31
5,11;11,19;19,5
5,11;11,19;19,31
5,11;11,20;20,5
5,11;11,20;20,31
5,11;11,21;21,5
5,11;11,21;21,31
5,11;11,22;22,5
5,11;11,22;22,31
5,11;11,23;23,5
5,11;11,23;23,31
5,11;11,24;24,5
5,11;11,24;24,31
5,12;12,13;13,5
5,12;12,13;13,31
5,12;12,14;14,5
5,12;12,14;14,31
5,12;12,15;15,5
5,12;12,15;15,31
5,12;12,16;16,5
5,12;12,16;16,31
5,12;12,17;17,5
5,12;12,17;17,31
5,12;12,19;19,5
5,12;12,19;19,31
5,12;12,20;20,5
5,12;12,20;20,31
5,12;12,21;21,5
5,12;12,21;21,31
5,12;12,22;22,5
5,12;12,22;22,31
5,12;12,23;23,5
5,12;12,23;23,31
5,13;13,14;14,5
5,13;13,14;14,31
5,13;13,15;15,5
5,13;13,15;15,31
5,13;13,16;16,5
5,13;13,16;16,31
5,13;13,17;17,5
5,13;13,17;17,31
5,13;13,19;19,5
5,13;13,19;19,31
5,13;13,20;20,5
5,13;13,20;20,31
5,13;13,21;21,5
5,13;13,21;21,31
5,13;13,22;22,5
5,13;13,22;22,31
5,14;14,15;15,5
5,14;14,15;15,31
5,14;14,16;16,5
5,14;14,16;16,31
5,14;14,17;17,5
5,14;14,17;17,31
5,14;14,19;19,5
5,14;14,19;19,31
5,14;14,20;20,5
5,14;14,20;20,31
5,14;14,21;21,5
5,14;14,21;21,31
5,15;15,16;16,5
5,15;15,16;16,31
5,15;15,17;17,5
5,15;15,17;17,31
5,15;15,19;19,5
5,15;15,19;19,31
5,15;15,20;20,5
5,15;15,20;20,31
5,16;16,17;17,5
5,16;16,17;17,31
5,16;16,19;19,5
5,16;16,19;19,31
6,7;7,8;8,6
6,7;7,8;8,30
6,7;7,9;9,6
6,7;7,9;9,30
6,7;7,10;10,6
6,7;7,10;10,30
6,7;7,11;11,6
6,7;7,11;11,30
6,7;7,12;12,6
6,7;7,12;12,30
6,7;7,13;13,6
6,7;7,13;13,30
6,7;7,14;14,6
6,7;7,14;14,30
6,7;7,15;15,6
6,7;7,15;15,30
6,7;7,16;16,6
6,7;7,16;16,30
6,7;7,17;17,6
6,7;7,17;17,30
6,7;7,19;19,6
6,7;7,19;19,30
6,7;7,20;20,6
6,7;7,20;20,30
6,7;7,21;21,6
6,7;7,21;21,30
6,7;7,22;22,6
6,7;7,22;22,30
6,7;7,23;23,6
6,7;7,23;23,30
6,7;7,24;24,6
6,7;7,24;24,30
6,7;7,25;25,6
6,7;7,25;25,30
6,7;7,26;26,6
6,7;7,26;26,30
6,7;7,27;27,6
6,7;7,27;27,30
6,7;7,28;28,6
6,7;7,28;28,30
6,8;8,9;9,6
6,8;8,9;9,30
6,8;8,10;10,6
6,8;8,10;10,30
6,8;8,11;11,6
6,8;8,11;11,30
6,8;8,12;12,6
6,8;8,12;12,30
6,8;8,13;13,6
6,8;8,13;13,30
6,8;8,14;14,6
6,8;8,14;14,30
6,8;8,15;15,6
6,8;8,15;15,30
6,8;8,16;16,6
6,8;8,16;16,30
6,8;8,17;17,6
6,8;8,17;17,30
6,8;8,19;19,6
6,8;8,19;19,30
6,8;8,20;20,6
6,8;8,20;20,30
6,8;8,21;21,6
6,8;8,21;21,30
6,8;8,22;22,6
6,8;8,22;22,30
6,8;8,23;23,6
6,8;8,23;23,30
6,8;8,24;24,6
6,8;8,24;24,30
6,8;8,25;25,6
6,8;8,25;25,30
6,8;8,26;26,6
6,8;8,26;26,30
6,8;8,27;27,6
6,8;8,27;27,30
6,9;9,10;10,6
6,9;9,10;10,30
6,9;9,11;11,6
6,9;9,11;11,30
6,9;9,12;12,6
6,9;9,12;12,30
6,9;9,13;13,6
6,9;9,13;13,30
6,9;9,14;14,6
6,9;9,14;14,30
6,9;9,15;15,6
6,9;9,15;15,30
6,9;9,16;16,6
6,9;9,16;16,30
6,9;9,17;17,6
6,9;9,17;17,30
6,9;9,19;19,6
6,9;9,19;19,30
6,9;9,20;20,6
6,9;9,20;20,30
6,9;9,21;21,6
6,9;9,21;21,30
6,9;9,22;22,6
6,9;9,22;22,30
6,9;9,23;23,6
6,9;9,23;23,30
6,9;9,24;24,6
6,9;9,24;24,30
6,9;9,25;25,6
6,9;9,25;25,30
6,9;9,26;26,6
6,9;9,26;26,30
6,10;10,11;11,6
6,10;10,11;11,30
6,10;10,12;12,6
6,10;10,12;12,30
6,10;10,13;13,6
6,10;10,13;13,30
6,10;10,14;14,6
6,10;10,14;14,30
6,10;10,15;15,6
6,10;10,15;15,30
6,10;10,16;16,6
6,10;10,16;16,30
6,10;10,17;17,6
6,10;10,17;17,30
6,10;10,19;19,6
6,10;10,19;19,30
6,10;10,20;20,6
6,10;10,20;20,30
6,10;10,21;21,6
6,10;10,21;21,30
6,10;10,22;22,6
6,10;10,22;22,30
6,10;10,23;23,6
6,10;10,23;23,30
6,10;10,24;24,6
6,10;10,24;24,30
6,10;10,25;25,6
6,10;10,25;25,30
6,11;11,12;12,6
6,11;11,12;12,30
6,11;11,13;13,6
6,11;11,13;13,30
6,11;11,14;14,6
6,11;11,14;14,30
6,11;11,15;15,6
6,11;11,15;15,30
6,11;11,16;16,6
6,11;11,16;16,30
6,11;11,17;17,6
6,11;11,17;17,30
6,11;11,19;19,6
6,11;11,19;19,30
6,11;11,20;20,6
6,11;11,20;20,30
6,11;11,21;21,6
6,11;11,21;21,30
6,11;11,22;22,6
6,11;11,22;22,30
6,11;11,23;23,6
6,11;11,23;23,30
6,11;11,24;24,6
6,11;11,24;24,30
6,12;12,13;13,6
6,12;12,13;13,30
6,12;12,14;14,6
6,12;12,14;14,30
6,12;12,15;15,6
6,12;12,15;15,30
6,12;12,16;16,6
6,12;12,16;16,30
6,12;12,17;17,6
6,12;12,17;17,30
6,12;12,19;19,6
6,12;12,19;19,30
6,12;12,20;20,6
6,12;12,20;20,30
6,12;12,21;21,6
6,12;12,21;21,30
6,12;12,22;22,6
6,12;12,22;22,30
6,12;12,23;23,6
6,12;12,23;23,30
6,13;13,14;14,6
6,13;13,14;14,30
6,13;13,15;15,6
6,13;13,15;15,30
6,13;13,16;16,6
6,13;13,16;16,30
6,13;13,17;17,6
6,13;13,17;17,30
6,13;13,19;19,6
6,13;13,19;19,30
6,13;13,20;20,6
6,13;13,20;20,30
6,13;13,21;21,6
6,13;13,21;21,30
6,13;13,22;22,6
6,13;13,22;22,30
6,14;14,15;15,6
6,14;14,15;15,30
6,14;14,16;16,6
6,14;14,16;16,30
6,14;14,17;17,6
6,14;14,17;17,30
6,14;14,19;19,6
6,14;14,19;19,30
6,14;14,20;20,6
6,14;14,20;20,30
6,14;14,21;21,6
6,14;14,21;21,30
6,15;15,16;16,6
6,15;15,16;16,30
6,15;15,17;17,6
6,15;15,17;17,30
6,15;15,19;19,6
6,15;15,19;19,30
6,15;15,20;20,6
6,15;15,20;20,30
6,16;16,17;17,6
6,16;16,17;17,30
6,16;16,19;19,6
6,16;16,19;19,30
7,8;8,9;9,7
7,8;8,9;9,29
7,8;8,10;10,7
7,8;8,10;10,29
7,8;8,11;11,7
7,8;8,11;11,29
7,8;8,12;12,7
7,8;8,12;12,29
7,8;8,13;13,7
7,8;8,13;13,29
7,8;8,14;14,7
7,8;8,14;14,29
7,8;8,15;15,7
7,8;8,15;15,29
7,8;8,16;16,7
7,8;8,16;16,29
7,8;8,17;17,7
7,8;8,17;17,29
7,8;8,19;19,7
7,8;8,19;19,29
7,8;8,20;20,7
7,8;8,20;20,29
7,8;8,21;21,7
7,8;8,21;21,29
7,8;8,22;22,7
7,8;8,22;22,29
7,8;8,23;23,7
7,8;8,23;23,29
7,8;8,24;24,7
7,8;8,24;24,29
7,8;8,25;25,7
7,8;8,25;25,29
7,8;8,26;26,7
7,8;8,26;26,29
7,8;8,27;27,7
7,8;8,27;27,29
7,9;9,10;10,7
7,9;9,10;10,29
7,9;9,11;11,7
7,9;9,11;11,29
7,9;9,12;12,7
7,9;9,12;12,29
7,9;9,13;13,7
7,9;9,13;13,29
7,9;9,14;14,7
7,9;9,14;14,29
7,9;9,15;15,7
7,9;9,15;15,29
7,9;9,16;16,7
7,9;9,16;16,29
7,9;9,17;17,7
7,9;9,17;17,29
7,9;9,19;19,7
7,9;9,19;19,29
7,9;9,20;20,7
7,9;9,20;20,29
7,9;9,21;21,7
7,9;9,21;21,29
7,9;9,22;22,7
7,9;9,22;22,29
7,9;9,23;23,7
7,9;9,23;23,29
7,9;9,24;24,7
7,9;9,24;24,29
7,9;9,25;25,7
7,9;9,25;25,29
7,9;9,26;26,7
7,9;9,26;26,29
7,10;10,11;11,7
7,10;10,11;11,29
7,10;10,12;12,7
7,10;10,12;12,29
7,10;10,13;13,7
7,10;10,13;13,29
7,10;10,14;14,7
7,10;10,14;14,29
7,10;10,15;15,7
7,10;10,15;15,29
7,10;10,16;16,7
7,10;10,16;16,29
7,10;10,17;17,7
7,10;10,17;17,29
7,10;10,19;19,7
7,10;10,19;19,29
7,10;10,20;20,7
7,10;10,20;20,29
7,10;10,21;21,7
7,10;10,21;21,29
7,10;10,22;22,7
7,10;10,22;22,29
7,10;10,23;23,7
7,10;10,23;23,29
7,10;10,24;24,7
7,10;10,24;24,29
7,10;10,25;25,7
7,10;10,25;25,29
7,11;11,12;12,7
7,11;11,12;12,29
7,11;11,13;13,7
7,11;11,13;13,29
7,11;11,14;14,7
7,11;11,14;14,29
7,11;11,15;15,7
7,11;11,15;15,29
7,11;11,16;16,7
7,11;11,16;16,29
7,11;11,17;17,7
7,11;11,17;17,29
7,11;11,19;19,7
7,11;11,19;19,29
7,11;11,20;20,7
7,11;11,20;20,29
7,11;11,21;21,7
7,11;11,21;21,29
7,11;11,22;22,7
7,11;11,22;22,29
7,11;11,23;23,7
7,11;11,23;23,29
7,11;11,24;24,7
7,11;11,24;24,29
7,12;12,13;13,7
7,12;12,13;13,29
7,12;12,14;14,7
7,12;12,14;14,29
7,12;12,15;15,7
7,12;12,15;15,29
7,12;12,16;16,7
7,12;12,16;16,29
7,12;12,17;17,7
7,12;12,17;17,29
7,12;12,19;19,7
7,12;12,19;19,29
7,12;12,20;20,7
7,12;12,20;20,29
7,12;12,21;21,7
7,12;12,21;21,29
7,12;12,22;22,7
7,12;12,22;22,29
7,12;12,23;23,7
7,12;12,23;23,29
7,13;13,14;14,7
7,13;13,14;14,29
7,13;13,15;15,7
7,13;13,15;15,29
7,13;13,16;16,7
7,13;13,16;16,29
7,13;13,17;17,7
7,13;13,17;17,29
7,13;13,19;19,7
7,13;13,19;19,29
7,13;13,20;20,7
7,13;13,20;20,29
7,13;13,21;21,7
7,13;13,21;21,29
7,13;13,22;22,7
7,13;13,22;22,29
7,14;14,15;15,7
7,14;14,15;15,29
7,14;14,16;16,7
7,14;14,16;16,29
7,14;14,17;17,7
7,14;14,17;17,29
7,14;14,19;19,7
7,14;14,19;19,29
7,14;14,20;20,7
7,14;14,20;20,29
7,14;14,21;21,7
7,14;14,21;21,29
7,15;15,16;16,7
7,15;15,16;16,29
7,15;15,17;17,7
7,15;15,17;17,29
7,15;15,19;19,7
7,15;15,19;19,29
7,15;15,20;20,7
7,15;15,20;20,29
7,16;16,17;17,7
7,16;16,17;17,29
7,16;16,19;19,7
7,16;16,19;19,29
8,9;9,10;10,8
8,9;9,10;10,28
8,9;9,11;11,8
8,9;9,11;11,28
8,9;9,12;12,8
8,9;9,12;12,28
8,9;9,13;13,8
8,9;9,13;13,28
8,9;9,14;14,8
8,9;9,14;14,28
8,9;9,15;15,8
8,9;9,15;15,28
8,9;9,16;16,8
8,9;9,16;16,28
8,9;9,17;17,8
8,9;9,17;17,28
8,9;9,19;19,8
8,9;9,19;19,28
8,9;9,20;20,8
8,9;9,20;20,28
8,9;9,21;21,8
8,9;9,21;21,28
8,9;9,22;22,8
8,9;9,22;22,28
8,9;9,23;23,8
8,9;9,23;23,28
8,9;9,24;24,8
8,9;9,24;24,28
8,9;9,25;25,8
8,9;9,25;25,28
8,9;9,26;26,8
8,9;9,26;26,28
8,10;10,11;11,8
8,10;10,11;11,28
8,10;10,12;12,8
8,10;10,12;12,28
8,10;10,13;13,8
8,10;10,13;13,28
8,10;10,14;14,8
8,10;10,14;14,28
8,10;10,15;15,8
8,10;10,15;15,28
8,10;10,16;16,8
8,10;10,16;16,28
8,10;10,17;17,8
8,10;10,17;17,28
8,10;10,19;19,8
8,10;10,19;19,28
8,10;10,20;20,8
8,10;10,20;20,28
8,10;10,21;21,8
8,10;10,21;21,28
8,10;10,22;22,8
8,10;10,22;22,28
8,10;10,23;23,8
8,10;10,23;23,28
8,10;10,24;24,8
8,10;10,24;24,28
8,10;10,25;25,8
8,10;10,25;25,28
8,11;11,12;12,8
8,11;11,12;12,28
8,11;11,13;13,8
8,11;11,13;13,28
8,11;11,14;14,8
8,11;11,14;14,28
8,11;11,15;15,8
8,11;11,15;15,28
8,11;11,16;16,8
8,11;11,16;16,28
8,11;11,17;17,8
8,11;11,17;17,28
8,11;11,19;19,8
8,11;11,19;19,28
8,11;11,20;20,8
8,11;11,20;20,28
8,11;11,21;21,8
8,11;11,21;21,28
8,11;11,22;22,8
8,11;11,22;22,28
8,11;11,23;23,8
8,11;11,23;23,28
8,11;11,24;24,8
8,11;11,24;24,28
8,12;12,13;13,8
8,12;12,13;13,28
8,12;12,14;14,8
8,12;12,14;14,28
8,12;12,15;15,8
8,12;12,15;15,28
8,12;12,16;16,8
8,12;12,16;16,28
8,12;12,17;17,8
8,12;12,17;17,28
8,12;12,19;19,8
8,12;12,19;19,28
8,12;12,20;20,8
8,12;12,20;20,28
8,12;12,21;21,8
8,12;12,21;21,28
8,12;12,22;22,8
8,12;12,22;22,28
8,12;12,23;23,8
8,12;12,23;23,28
8,13;13,14;14,8
8,13;13,14;14,28
8,13;13,15;15,8
8,13;13,15;15,28
8,13;13,16;16,8
8,13;13,16;16,28
8,13;13,17;17,8
8,13;13,17;17,28
8,13;13,19;19,8
8,13;13,19;19,28
8,13;13,20;20,8
8,13;13,20;20,28
8,13;13,21;21,8
8,13;13,21;21,28
8,13;13,22;22,8
8,13;13,22;22,28
8,14;14,15;15,8
8,14;14,15;15,28
8,14;14,16;16,8
8,14;14,16;16,28
8,14;14,17;17,8
8,14;14,17;17,28
8,14;14,19;19,8
8,14;14,19;19,28
8,14;14,20;20,8
8,14;14,20;20,28
8,14;14,21;21,8
8,14;14,21;21,28
8,15;15,16;16,8
8,15;15,16;16,28
8,15;15,17;17,8
8,15;15,17;17,28
8,15;15,19;19,8
8,15;15,19;19,28
8,15;15,20;20,8
8,15;15,20;20,28
8,16;16,17;17,8
8,16;16,17;17,28
8,16;16,19;19,8
8,16;16,19;19,28
9,10;10,11;11,9
9,10;10,11;11,27
9,10;10,12;12,9
9,10;10,12;12,27
9,10;10,13;13,9
9,10;10,13;13,27
9,10;10,14;14,9
9,10;10,14;14,27
9,10;10,15;15,9
9,10;10,15;15,27
9,10;10,16;16,9
9,10;10,16;16,27
9,10;10,17;17,9
9,10;10,17;17,27
9,10;10,19;19,9
9,10;10,19;19,27
9,10;10,20;20,9
9,10;10,20;20,27
9,10;10,21;21,9
9,10;10,21;21,27
9,10;10,22;22,9
9,10;10,22;22,27
9,10;10,23;23,9
9,10;10,23;23,27
9,10;10,24;24,9
9,10;10,24;24,27
9,10;10,25;25,9
9,10;10,25;25,27
9,11;11,12;12,9
9,11;11,12;12,27
9,11;11,13;13,9
9,11;11,13;13,27
9,11;11,14;14,9
9,11;11,14;14,27
9,11;11,15;15,9
9,11;11,15;15,27
9,11;11,16;16,9
9,11;11,16;16,27
9,11;11,17;17,9
9,11;11,17;17,27
9,11;11,19;19,9
9,11;11,19;19,27
9,11;11,20;20,9
9,11;11,20;20,27
9,11;11,21;21,9
9,11;11,21;21,27
9,11;11,22;22,9
9,11;11,22;22,27
9,11;11,23;23,9
9,11;11,23;23,27
9,11;11,24;24,9
9,11;11,24;24,27
9,12;12,13;13,9
9,12;12,13;13,27
9,12;12,14;14,9
9,12;12,14;14,27
9,12;12,15;15,9
9,12;12,15;15,27
9,12;12,16;16,9
9,12;12,16;16,27
9,12;12,17;17,9
9,12;12,17;17,27
9,12;12,19;19,9
9,12;12,19;19,27
9,12;12,20;20,9
9,12;12,20;20,27
9,12;12,21;21,9
9,12;12,21;21,27
9,12;12,22;22,9
9,12;12,22;22,27
9,12;12,23;23,9
9,12;12,23;23,27
9,13;13,14;14,9
9,13;13,14;14,27
9,13;13,15;15,9
9,13;13,15;15,27
9,13;13,16;16,9
9,13;13,16;16,27
9,13;13,17;17,9
9,13;13,17;17,27
9,13;13,19;19,9
9,13;13,19;19,27
9,13;13,20;20,9
9,13;13,20;20,27
9,13;13,21;21,9
9,13;13,21;21,27
9,13;13,22;22,9
9,13;13,22;22,27
9,14;14,15;15,9
9,14;14,15;15,27
9,14;14,16;16,9
9,14;14,16;16,27
9,14;14,17;17,9
9,14;14,17;17,27
9,14;14,19;19,9
9,14;14,19;19,27
9,14;14,20;20,9
9,14;14,20;20,27
9,14;14,21;21,9
9,14;14,21;21,27
9,15;15,16;16,9
9,15;15,16;16,27
9,15;15,17;17,9
9,15;15,17;17,27
9,15;15,19;19,9
9,15;15,19;19,27
9,15;15,20;20,9
9,15;15,20;20,27
9,16;16,17;17,9
9,16;16,17;17,27
9,16;16,19;19,9
9,16;16,19;19,27
10,11;11,12;12,10
10,11;11,12;12,26
10,11;11,13;13,10
10,11;11,13;13,26
10,11;11,14;14,10
10,11;11,14;14,26
10,11;11,15;15,10
10,11;11,15;15,26
10,11;11,16;16,10
10,11;11,16;16,26
10,11;11,17;17,10
10,11;11,17;17,26
10,11;11,19;19,10
10,11;11,19;19,26
10,11;11,20;20,10
10,11;11,20;20,26
10,11;11,21;21,10
10,11;11,21;21,26
10,11;11,22;22,10
10,11;11,22;22,26
10,11;11,23;23,10
10,11;11,23;23,26
10,11;11,24;24,10
10,11;11,24;24,26
10,12;12,13;13,10
10,12;12,13;13,26
10,12;12,14;14,10
10,12;12,14;14,26
10,12;12,15;15,10
10,12;12,15;15,26
10,12;12,16;16,10
10,12;12,16;16,26
10,12;12,17;17,10
10,12;12,17;17,26
10,12;12,19;19,10
10,12;12,19;19,26
10,12;12,20;20,10
10,12;12,20;20,26
10,12;12,21;21,10
10,12;12,21;21,26
10,12;12,22;22,10
10,12;12,22;22,26
10,12;12,23;23,10
10,12;12,23;23,26
10,13;13,14;14,10
10,13;13,14;14,26
10,13;13,15;15,10
10,13;13,15;15,26
10,13;13,16;16,10
10,13;13,16;16,26
10,13;13,17;17,10
10,13;13,17;17,26
10,13;13,19;19,10
10,13;13,19;19,26
10,13;13,20;20,10
10,13;13,20;20,26
10,13;13,21;21,10
10,13;13,21;21,26
10,13;13,22;22,10
10,13;13,22;22,26
10,14;14,15;15,10
10,14;14,15;15,26
10,14;14,16;16,10
10,14;14,16;16,26
10,14;14,17;17,10
10,14;14,17;17,26
10,14;14,19;19,10
10,14;14,19;19,26
10,14;14,20;20,10
10,14;14,20;20,26
10,14;14,21;21,10
10,14;14,21;21,26
10,15;15,16;16,10
10,15;15,16;16,26
10,15;15,17;17,10
10,15;15,17;17,26
10,15;15,19;19,10
10,15;15,19;19,26
10,15;15,20;20,10
10,15;15,20;20,26
10,16;16,17;17,10
10,16;16,17;17,26
10,16;16,19;19,10
10,16;16,19;19,26
11,12;12,13;13,11
11,12;12,13;13,25
11,12;12,14;14,11
11,12;12,14;14,25
11,12;12,15;15,11
11,12;12,15;15,25
11,12;12,16;16,11
11,12;12,16;16,25
11,12;12,17;17,11
11,12;12,17;17,25
11,12;12,19;19,11
11,12;12,19;19,25
11,12;12,20;20,11
11,12;12,20;20,25
11,12;12,21;21,11
11,12;12,21;21,25
11,12;12,22;22,11
11,12;12,22;22,25
11,12;12,23;23,11
11,12;12,23;23,25
11,13;13,14;14,11
11,13;13,14;14,25
11,13;13,15;15,11
11,13;13,15;15,25
11,13;13,16;16,11
11,13;13,16;16,25
11,13;13,17;17,11
11,13;13,17;17,25
11,13;13,19;19,11
11,13;13,19;19,25
11,13;13,20;20,11
11,13;13,20;20,25
11,13;13,21;21,11
11,13;13,21;21,25
11,13;13,22;22,11
11,13;13,22;22,25
11,14;14,15;15,11
11,14;14,15;15,25
11,14;14,16;16,11
11,14;14,16;16,25
11,14;14,17;17,11
11,14;14,17;17,25
11,14;14,19;19,11
11,14;14,19;19,25
11,14;14,20;20,11
11,14;14,20;20,25
11,14;14,21;21,11
11,14;14,21;21,25
11,15;15,16;16,11
11,15;15,16;16,25
11,15;15,17;17,11
11,15;15,17;17,25
11,15;15,19;19,11
11,15;15,19;19,25
11,15;15,20;20,11
11,15;15,20;20,25
11,16;16,17;17,11
11,16;16,17;17,25
11,16;16,19;19,11
11,16;16,19;19,25
12,13;13,14;14,12
12,13;13,14;14,24
12,13;13,15;15,12
12,13;13,15;15,24
12,13;13,16;16,12
12,13;13,16;16,24
12,13;13,17;17,12
12,13;13,17;17,24
12,13;13,19;19,12
12,13;13,19;19,24
12,13;13,20;20,12
12,13;13,20;20,24
12,13;13,21;21,12
12,13;13,21;21,24
12,13;13,22;22,12
12,13;13,22;22,24
12,14;14,15;15,12
12,14;14,15;15,24
12,14;14,16;16,12
12,14;14,16;16,24
12,14;14,17;17,12
12,14;14,17;17,24
12,14;14,19;19,12
12,14;14,19;19,24
12,14;14,20;20,12
12,14;14,20;20,24
12,14;14,21;21,12
12,14;14,21;21,24
12,15;15,16;16,12
12,15;15,16;16,24
12,15;15,17;17,12
12,15;15,17;17,24
12,15;15,19;19,12
12,15;15,19;19,24
12,15;15,20;20,12
12,15;15,20;20,24
12,16;16,17;17,12
12,16;16,17;17,24
12,16;16,19;19,12
12,16;16,19;19,24
13,14;14,15;15,13
13,14;14,15;15,23
13,14;14,16;16,13
13,14;14,16;16,23
13,14;14,17;17,13
13,14;14,17;17,23
13,14;14,19;19,13
13,14;14,19;19,23
13,14;14,20;20,13
13,14;14,20;20,23
13,14;14,21;21,13
13,14;14,21;21,23
13,15;15,16;16,13
13,15;15,16;16,23
13,15;15,17;17,13
13,15;15,17;17,23
13,15;15,19;19,13
13,15;15,19;19,23
13,15;15,20;20,13
13,15;15,20;20,23
13,16;16,17;17,13
13,16;16,17;17,23
13,16;16,19;19,13
13,16;16,19;19,23
14,15;15,16;16,14
14,15;15,16;16,22
14,15;15,17;17,14
14,15;15,17;17,22
14,15;15,19;19,14
14,15;15,19;19,22
14,15;15,20;20,14
14,15;15,20;20,22
14,16;16,17;17,14
14,16;16,17;17,22
14,16;16,19;19,14
14,16;16,19;19,22
15,16;16,17;17,15
15,16;16,17;17,21
15,16;16,19;19,15
15,16;16,19;19,21
