4,10;10,29;29,4
4,10;10,29;29,42
4,10;10,30;30,4
4,10;10,30;30,42
4,10;10,31;31,4
4,10;10,31;31,42
4,10;10,32;32,4
4,10;10,32;32,42
4,10;10,33;33,4
4,10;10,33;33,42
4,10;10,34;34,4
4,10;10,34;34,42
4,10;10,35;35,4
4,10;10,35;35,42
4,11;11,12;12,4
4,11;11,12;12,42
4,11;11,13;13,4
4,11;11,13;13,42
4,11;11,14;14,4
4,11;11,14;14,42
4,11;11,15;15,4
4,11;11,15;15,42
4,11;11,16;16,4
4,11;11,16;16,42
4,11;11,17;17,4
4,11;11,17;17,42
4,11;11,18;18,4
4,11;11,18;18,42
4,11;11,19;19,4
4,11;11,19;19,42
4,11;11,20;20,4
4,11;11,20;20,42
4,11;11,21;21,4
4,11;11,21;21,42
4,11;11,22;22,4
4,11;11,22;22,42
4,11;11,24;24,4
4,11;11,24;24,42
4,11;11,25;25,4
4,11;11,25;25,42
4,11;11,26;26,4
4,11;11,26;26,42
4,11;11,27;27,4
4,11;11,27;27,42
4,11;11,28;28,4
4,11;11,28;28,42
4,11;11,29;29,4
4,11;11,29;29,42
4,11;11,30;30,4
4,11;11,30;30,42
4,11;11,31;31,4
4,11;11,31;31,42
4,11;11,32;32,4
4,11;11,32;32,42
4,11;11,33;33,4
4,11;11,33;33,42
4,11;11,34;34,4
4,11;11,34;34,42
4,12;12,13;13,4
4,12;12,13;13,42
4,12;12,14;14,4
4,12;12,14;14,42
4,12;12,15;15,4
4,12;12,15;15,42
4,12;12,16;16,4
4,12;12,16;16,42
4,12;12,17;17,4
4,12;12,17;17,42
4,12;12,18;18,4
4,12;12,18;18,42
4,12;12,19;19,4
4,12;12,19;19,42
4,12;12,20;20,4
4,12;12,20;20,42
4,12;12,21;21,4
4,12;12,21;21,42
4,12;12,22;22,4
4,12;12,22;22,42
4,12;12,24;24,4
4,12;12,24;24,42
4,12;12,25;25,4
4,12;12,25;25,42
4,12;12,26;26,4
4,12;12,26;26,42
4,12;12,27;27,4
4,12;12,27;27,42
4,12;12,28;28,4
4,12;12,28;28,42
4,12;12,29;29,4
4,12;12,29;29,42
4,12;12,30;30,4
4,12;12,30;30,42
4,12;12,31;31,4
4,12;12,31;31,42
4,12;12,32;32,4
4,12;12,32;32,42
4,12;12,33;33,4
4,12;12,33;33,42
4,13;13,14;14,4
4,13;13,14;14,42
4,13;13,15;15,4
4,13;13,15;15,42
4,13;13,16;16,4
4,13;13,16;16,42
4,13;13,17;17,4
4,13;13,17;17,42
4,13;13,18;18,4
4,13;13,18;18,42
4,13;13,19;19,4
4,13;13,19;19,42
4,13;13,20;20,4
4,13;13,20;20,42
4,13;13,21;21,4
4,13;13,21;21,42
4,13;13,22;22,4
4,13;13,22;22,42
4,13;13,24;24,4
4,13;13,24;24,42
4,13;13,25;25,4
4,13;13,25;25,42
4,13;13,26;26,4
4,13;13,26;26,42
4,13;13,27;27,4
4,13;13,27;27,42
4,13;13,28;28,4
4,13;13,28;28,42
4,13;13,29;29,4
4,13;13,29;29,42
4,13;13,30;30,4
4,13;13,30;30,42
4,13;13,31;31,4
4,13;13,31;31,42
4,13;13,32;32,4
4,13;13,32;32,42
4,14;14,15;15,4
4,14;14,15;15,42
4,14;14,16;16,4
4,14;14,16;16,42
4,14;14,17;17,4
4,14;14,17;17,42
4,14;14,18;18,4
4,14;14,18;18,42
4,14;14,19;19,4
4,14;14,19;19,42
4,14;14,20;20,4
4,14;14,20;20,42
4,14;14,21;21,4
4,14;14,21;21,42
4,14;14,22;22,4
4,14;14,22;22,42
4,14;14,24;24,4
4,14;14,24;24,42
4,14;14,25;25,4
4,14;14,25;25,42
4,14;14,26;26,4
4,14;14,26;26,42
4,14;14,27;27,4
4,14;14,27;27,42
4,14;14,28;28,4
4,14;14,28;28,42
4,14;14,29;29,4
4,14;14,29;29,42
4,14;14,30;30,4
4,14;14,30;30,42
4,14;14,31;31,4
4,14;14,31;31,42
4,15;15,16;16,4
4,15;15,16;16,42
4,15;15,17;17,4
4,15;15,17;17,42
4,15;15,18;18,4
4,15;15,18;18,42
4,15;15,19;19,4
4,15;15,19;19,42
4,15;15,20;20,4
4,15;15,20;20,42
4,15;15,21;21,4
4,15;15,21;21,42
4,15;15,22;22,4
4,15;15,22;22,42
4,15;15,24;24,4
4,15;15,24;24,42
4,15;15,25;25,4
4,15;15,25;25,42
4,15;15,26;26,4
4,15;15,26;26,42
4,15;15,27;27,4
4,15;15,27;27,42
4,15;15,28;28,4
4,15;15,28;28,42
4,15;15,29;29,4
4,15;15,29;29,42
4,15;15,30;30,4
4,15;15,30;30,42
4,16;16,17;17,4
4,16;16,17;17,42
4,16;16,18;18,4
4,16;16,18;18,42
4,16;16,19;19,4
4,16;16,19;19,42
4,16;16,20;20,4
4,16;16,20;20,42
4,16;16,21;21,4
4,16;16,21;21,42
4,16;16,22;22,4
4,16;16,22;22,42
4,16;16,24;24,4
4,16;16,24;24,42
4,16;16,25;25,4
4,16;16,25;25,42
4,16;16,26;26,4
4,16;16,26;26,42
4,16;16,27;27,4
4,16;16,27;27,42
4,16;16,28;28,4
4,16;16,28;28,42
4,16;16,29;29,4
4,16;16,29;29,42
4,17;17,18;18,4
4,17;17,18;18,42
4,17;17,19;19,4
4,17;17,19;19,42
4,17;17,20;20,4
4,17;17,20;20,42
4,17;17,21;21,4
4,17;17,21;21,42
4,17;17,22;22,4
4,17;17,22;22,42
4,17;17,24;24,4
4,17;17,24;24,42
4,17;17,25;25,4
4,17;17,25;25,42
4,17;17,26;26,4
4,17;17,26;26,42
4,17;17,27;27,4
4,17;17,27;27,42
4,17;17,28;28,4
4,17;17,28;28,42
4,18;18,19;19,4
4,18;18,19;19,42
4,18;18,20;20,4
4,18;18,20;20,42
4,18;18,21;21,4
4,18;18,21;21,42
4,18;18,22;22,4
4,18;18,22;22,42
4,18;18,24;24,4
4,18;18,24;24,42
4,18;18,25;25,4
4,18;18,25;25,42
4,18;18,26;26,4
4,18;18,26;26,42
4,18;18,27;27,4
4,18;18,27;27,42
4,19;19,20;20,4
4,19;19,20;20,42
4,19;19,21;21,4
4,19;19,21;21,42
4,19;19,22;22,4
4,19;19,22;22,42
4,19;19,24;24,4
4,19;19,24;24,42
4,19;19,25;25,4
4,19;19,25;25,42
4,19;19,26;26,4
4,19;19,26;26,42
4,20;20,21;21,4
4,20;20,21;21,42
4,20;20,22;22,4
4,20;20,22;22,42
4,20;20,24;24,4
4,20;20,24;24,42
4,20;20,25;25,4
4,20;20,25;25,42
4,21;21,22;22,4
4,21;21,22;22,42
4,21;21,24;24,4
4,21;21,24;24,42
5,6;6,7;7,5
5,6;6,7;7,41
5,6;6,8;8,5
5,6;6,8;8,41
5,6;6,9;9,5
5,6;6,9;9,41
5,6;6,10;10,5
5,6;6,10;10,41
5,6;6,11;11,5
5,6;6,11;11,41
5,6;6,12;12,5
5,6;6,12;12,41
5,6;6,13;13,5
5,6;6,13;13,41
5,6;6,14;14,5
5,6;6,14;14,41
5,6;6,15;15,5
5,6;6,15;15,41
5,6;6,16;16,5
5,6;6,16;16,41
5,6;6,17;17,5
5,6;6,17;17,41
5,6;6,18;18,5
5,6;6,18;18,41
5,6;6,19;19,5
5,6;6,19;19,41
5,6;6,20;20,5
5,6;6,20;20,41
5,6;6,21;21,5
5,6;6,21;21,41
5,6;6,22;22,5
5,6;6,22;22,41
5,6;6,24;24,5
5,6;6,24;24,41
5,6;6,25;25,5
5,6;6,25;25,41
5,6;6,26;26,5
5,6;6,26;26,41
5,6;6,27;27,5
5,6;6,27;27,41
5,6;6,28;28,5
5,6;6,28;28,41
5,6;6,29;29,5
5,6;6,29;29,41
5,6;6,30;30,5
5,6;6,30;30,41
5,6;6,31;31,5
5,6;6,31;31,41
5,6;6,32;32,5
5,6;6,32;32,41
5,6;6,33;33,5
5,6;6,33;33,41
5,6;6,34;34,5
5,6;6,34;34,41
5,6;6,35;35,5
5,6;6,35;35,41
5,6;6,36;36,5
5,6;6,36;36,41
5,6;6,37;37,5
5,6;6,37;37,41
5,6;6,38;38,5
5,6;6,38;38,41
5,6;6,39;39,5
5,6;6,39;39,41
5,7;7,8;8,5
5,7;7,8;8,41
5,7;7,9;9,5
5,7;7,9;9,41
5,7;7,10;10,5
5,7;7,10;10,41
5,7;7,11;11,5
5,7;7,11;11,41
5,7;7,12;12,5
5,7;7,12;12,41
5,7;7,13;13,5
5,7;7,13;13,41
5,7;7,14;14,5
5,7;7,14;14,41
5,7;7,15;15,5
5,7;7,15;15,41
5,7;7,16;16,5
5,7;7,16;16,41
5,7;7,17;17,5
5,7;7,17;17,41
5,7;7,18;18,5
5,7;7,18;18,41
5,7;7,19;19,5
5,7;7,19;19,41
5,7;7,20;20,5
5,7;7,20;20,41
5,7;7,21;21,5
5,7;7,21;21,41
5,7;7,22;22,5
5,7;7,22;22,41
5,7;7,24;24,5
5,7;7,24;24,41
5,7;7,25;25,5
5,7;7,25;25,41
5,7;7,26;26,5
5,7;7,26;26,41
5,7;7,27;27,5
5,7;7,27;27,41
5,7;7,28;28,5
5,7;7,28;28,41
5,7;7,29;29,5
5,7;7,29;29,41
5,7;7,30;30,5
5,7;7,30;30,41
5,7;7,31;31,5
5,7;7,31;31,41
5,7;7,32;32,5
5,7;7,32;32,41
5,7;7,33;33,5
5,7;7,33;33,41
5,7;7,34;34,5
5,7;7,34;34,41
5,7;7,35;35,5
5,7;7,35;35,41
5,7;7,36;36,5
5,7;7,36;36,41
5,7;7,37;37,5
5,7;7,37;37,41
5,7;7,38;38,5
5,7;7,38;38,41
5,8;8,9;9,5
5,8;8,9;9,41
5,8;8,10;10,5
5,8;8,10;10,41
5,8;8,11;11,5
5,8;8,11;11,41
5,8;8,12;12,5
5,8;8,12;12,41
5,8;8,13;13,5
5,8;8,13;13,41
5,8;8,14;14,5
5,8;8,14;14,41
5,8;8,15;15,5
5,8;8,15;15,41
5,8;8,16;16,5
5,8;8,16;16,41
5,8;8,17;17,5
5,8;8,17;17,41
5,8;8,18;18,5
5,8;8,18;18,41
5,8;8,19;19,5
5,8;8,19;19,41
5,8;8,20;20,5
5,8;8,20;20,41
5,8;8,21;21,5
5,8;8,21;21,41
5,8;8,22;22,5
5,8;8,22;22,41
5,8;8,24;24,5
5,8;8,24;24,41
5,8;8,25;25,5
5,8;8,25;25,41
5,8;8,26;26,5
5,8;8,26;26,41
5,8;8,27;27,5
5,8;8,27;27,41
5,8;8,28;28,5
5,8;8,28;28,41
5,8;8,29;29,5
5,8;8,29;29,41
5,8;8,30;30,5
5,8;8,30;30,41
5,8;8,31;31,5
5,8;8,31;31,41
5,8;8,32;32,5
5,8;8,32;32,41
5,8;8,33;33,5
5,8;8,33;33,41
5,8;8,34;34,5
5,8;8,34;34,41
5,8;8,35;35,5
5,8;8,35;35,41
5,8;8,36;36,5
5,8;8,36;36,41
5,8;8,37;37,5
5,8;8,37;37,41
5,9;9,10;10,5
5,9;9,10;10,41
5,9;9,11;11,5
5,9;9,11;11,41
5,9;9,12;12,5
5,9;9,12;12,41
5,9;9,13;13,5
5,9;9,13;13,41
5,9;9,14;14,5
5,9;9,14;14,41
5,9;9,15;15,5
5,9;9,15;15,41
5,9;9,16;16,5
5,9;9,16;16,41
5,9;9,17;17,5
5,9;9,17;17,41
5,9;9,18;18,5
5,9;9,18;18,41
5,9;9,19;19,5
5,9;9,19;19,41
5,9;9,20;20,5
5,9;9,20;20,41
5,9;9,21;21,5
5,9;9,21;21,41
5,9;9,22;22,5
5,9;9,22;22,41
5,9;9,24;24,5
5,9;9,24;24,41
5,9;9,25;25,5
5,9;9,25;25,41
5,9;9,26;26,5
5,9;9,26;26,41
5,9;9,27;27,5
5,9;9,27;27,41
5,9;9,28;28,5
5,9;9,28;28,41
5,9;9,29;29,5
5,9;9,29;29,41
5,9;9,30;30,5
5,9;9,30;30,41
5,9;9,31;31,5
5,9;9,31;31,41
5,9;9,32;32,5
5,9;9,32;32,41
5,9;9,33;33,5
5,9;9,33;33,41
5,9;9,34;34,5
5,9;9,34;34,41
5,9;9,35;35,5
5,9;9,35;35,41
5,9;9,36;36,5
5,9;9,36;36,41
5,10;10,11;11,5
5,10;10,11;11,41
5,10;10,12;12,5
5,10;10,12;12,41
5,10;10,13;13,5
5,10;10,13;13,41
5,10;10,14;14,5
5,10;10,14;14,41
5,10;10,15;15,5
5,10;10,15;15,41
5,10;10,16;16,5
5,10;10,16;16,41
5,10;10,17;17,5
5,10;10,17;17,41
5,10;10,18;18,5
5,10;10,18;18,41
5,10;10,19;19,5
5,10;10,19;19,41
5,10;10,20;20,5
5,10;10,20;20,41
5,10;10,21;21,5
5,10;10,21;21,41
5,10;10,22;22,5
5,10;10,22;22,41
5,10;10,24;24,5
5,10;10,24;24,41
5,10;10,25;25,5
5,10;10,25;25,41
5,10;10,26;26,5
5,10;10,26;26,41
5,10;10,27;27,5
5,10;10,27;27,41
5,10;10,28;28,5
5,10;10,28;28,41
5,10;10,29;29,5
5,10;10,29;29,41
5,10;10,30;30,5
5,10;10,30;30,41
5,10;10,31;31,5
5,10;10,31;31,41
5,10;10,32;32,5
5,10;10,32;32,41
5,10;10,33;33,5
5,10;10,33;33,41
5,10;10,34;34,5
5,10;10,34;34,41
5,10;10,35;35,5
5,10;10,35;35,41
5,11;11,12;12,5
5,11;11,12;12,41
5,11;11,13;13,5
5,11;11,13;13,41
5,11;11,14;14,5
5,11;11,14;14,41
5,11;11,15;15,5
5,11;11,15;15,41
5,11;11,16;16,5
5,11;11,16;16,41
5,11;11,17;17,5
5,11;11,17;17,41
5,11;11,18;18,5
5,11;11,18;18,41
5,11;11,19;19,5
5,11;11,19;19,41
5,11;11,20;20,5
5,11;11,20;20,41
5,11;11,21;21,5
5,11;11,21;21,41
5,11;11,22;22,5
5,11;11,22;22,41
5,11;11,24;24,5
5,11;11,24;24,41
5,11;11,25;25,5
5,11;11,25;25,41
5,11;11,26;26,5
5,11;11,26;26,41
5,11;11,27;27,5
5,11;11,27;27,41
5,11;11,28;28,5
5,11;11,28;28,41
5,11;11,29;29,5
5,11;11,29;29,41
5,11;11,30;30,5
5,11;11,30;30,41
5,11;11,31;31,5
5,11;11,31;31,41
5,11;11,32;32,5
5,11;11,32;32,41
5,11;11,33;33,5
5,11;11,33;33,41
5,11;11,34;34,5
5,11;11,34;34,41
5,12;12,13;13,5
5,12;12,13;13,41
5,12;12,14;14,5
5,12;12,14;14,41
5,12;12,15;15,5
5,12;12,15;15,41
5,12;12,16;16,5
5,12;12,16;16,41
5,12;12,17;17,5
5,12;12,17;17,41
5,12;12,18;18,5
5,12;12,18;18,41
5,12;12,19;19,5
5,12;12,19;19,41
5,12;12,20;20,5
5,12;12,20;20,41
5,12;12,21;21,5
5,12;12,21;21,41
5,12;12,22;22,5
5,12;12,22;22,41
5,12;12,24;24,5
5,12;12,24;24,41
5,12;12,25;25,5
5,12;12,25;25,41
5,12;12,26;26,5
5,12;12,26;26,41
5,12;12,27;27,5
5,12;12,27;27,41
5,12;12,28;28,5
5,12;12,28;28,41
5,12;12,29;29,5
5,12;12,29;29,41
5,12;12,30;30,5
5,12;12,30;30,41
5,12;12,31;31,5
5,12;12,31;31,41
5,12;12,32;32,5
5,12;12,32;32,41
5,12;12,33;33,5
5,12;12,33;33,41
5,13;13,14;14,5
5,13;13,14;14,41
5,13;13,15;15,5
5,13;13,15;15,41
5,13;13,16;16,5
5,13;13,16;16,41
5,13;13,17;17,5
5,13;13,17;17,41
5,13;13,18;18,5
5,13;13,18;18,41
5,13;13,19;19,5
5,13;13,19;19,41
5,13;13,20;20,5
5,13;13,20;20,41
5,13;13,21;21,5
5,13;13,21;21,41
5,13;13,22;22,5
5,13;13,22;22,41
5,13;13,24;24,5
5,13;13,24;24,41
5,13;13,25;25,5
5,13;13,25;25,41
5,13;13,26;26,5
5,13;13,26;26,41
5,13;13,27;27,5
5,13;13,27;27,41
5,13;13,28;28,5
5,13;13,28;28,41
5,13;13,29;29,5
5,13;13,29;29,41
5,13;13,30;30,5
5,13;13,30;30,41
5,13;13,31;31,5
5,13;13,31;31,41
5,13;13,32;32,5
5,13;13,32;32,41
5,14;14,15;15,5
5,14;14,15;15,41
5,14;14,16;16,5
5,14;14,16;16,41
5,14;14,17;17,5
5,14;14,17;17,41
5,14;14,18;18,5
5,14;14,18;18,41
5,14;14,19;19,5
5,14;14,19;19,41
5,14;14,20;20,5
5,14;14,20;20,41
5,14;14,21;21,5
5,14;14,21;21,41
5,14;14,22;22,5
5,14;14,22;22,41
5,14;14,24;24,5
5,14;14,24;24,41
5,14;14,25;25,5
5,14;14,25;25,41
5,14;14,26;26,5
5,14;14,26;26,41
5,14;14,27;27,5
5,14;14,27;27,41
5,14;14,28;28,5
5,14;14,28;28,41
5,14;14,29;29,5
5,14;14,29;29,41
5,14;14,30;30,5
5,14;14,30;30,41
5,14;14,31;31,5
5,14;14,31;31,41
5,15;15,16;16,5
5,15;15,16;16,41
5,15;15,17;17,5
5,15;15,17;17,41
5,15;15,18;18,5
5,15;15,18;18,41
5,15;15,19;19,5
5,15;15,19;19,41
5,15;15,20;20,5
5,15;15,20;20,41
5,15;15,21;21,5
5,15;15,21;21,41
5,15;15,22;22,5
5,15;15,22;22,41
5,15;15,24;24,5
5,15;15,24;24,41
5,15;15,25;25,5
5,15;15,25;25,41
5,15;15,26;26,5
5,15;15,26;26,41
5,15;15,27;27,5
5,15;15,27;27,41
5,15;15,28;28,5
5,15;15,28;28,41
5,15;15,29;29,5
5,15;15,29;29,41
5,15;15,30;30,5
5,15;15,30;30,41
5,16;16,17;17,5
5,16;16,17;17,41
5,16;16,18;18,5
5,16;16,18;18,41
5,16;16,19;19,5
5,16;16,19;19,41
5,16;16,20;20,5
5,16;16,20;20,41
5,16;16,21;21,5
5,16;16,21;21,41
5,16;16,22;22,5
5,16;16,22;22,41
5,16;16,24;24,5
5,16;16,24;24,41
5,16;16,25;25,5
5,16;16,25;25,41
5,16;16,26;26,5
5,16;16,26;26,41
5,16;16,27;27,5
5,16;16,27;27,41
5,16;16,28;28,5
5,16;16,28;28,41
5,16;16,29;29,5
5,16;16,29;29,41
5,17;17,18;18,5
5,17;17,18;18,41
5,17;17,19;19,5
5,17;17,19;19,41
5,17;17,20;20,5
5,17;17,20;20,41
5,17;17,21;21,5
5,17;17,21;21,41
5,17;17,22;22,5
5,17;17,22;22,41
5,17;17,24;24,5
5,17;17,24;24,41
5,17;17,25;25,5
5,17;17,25;25,41
5,17;17,26;26,5
5,17;17,26;26,41
5,17;17,27;27,5
5,17;17,27;27,41
5,17;17,28;28,5
5,17;17,28;28,41
5,18;18,19;19,5
5,18;18,19;19,41
5,18;18,20;20,5
5,18;18,20;20,41
5,18;18,21;21,5
5,18;18,21;21,41
5,18;18,22;22,5
5,18;18,22;22,41
5,18;18,24;24,5
5,18;18,24;24,41
5,18;18,25;25,5
5,18;18,25;25,41
5,18;18,26;26,5
5,18;18,26;26,41
5,18;18,27;27,5
5,18;18,27;27,41
5,19;19,20;20,5
5,19;19,20;20,41
5,19;19,21;21,5
5,19;19,21;21,41
5,19;19,22;22,5
5,19;19,22;22,41
5,19;19,24;24,5
5,19;19,24;24,41
5,19;19,25;25,5
5,19;19,25;25,41
5,19;19,26;26,5
5,19;19,26;26,41
5,20;20,21;21,5
5,20;20,21;21,41
5,20;20,22;22,5
5,20;20,22;22,41
5,20;20,24;24,5
5,20;20,24;24,41
5,20;20,25;25,5
5,20;20,25;25,41
5,21;21,22;22,5
5,21;21,22;22,41
5,21;21,24;24,5
5,21;21,24;24,41
6,7;7,8;8,6
6,7;7,8;8,40
6,7;7,9;9,6
6,7;7,9;9,40
6,7;7,10;10,6
6,7;7,10;10,40
6,7;7,11;11,6
6,7;7,11;11,40
6,7;7,12;12,6
6,7;7,12;12,40
6,7;7,13;13,6
6,7;7,13;13,40
6,7;7,14;14,6
6,7;7,14;14,40
6,7;7,15;15,6
6,7;7,15;15,40
6,7;7,16;16,6
6,7;7,16;16,40
6,7;7,17;17,6
6,7;7,17;17,40
6,7;7,18;18,6
6,7;7,18;18,40
6,7;7,19;19,6
6,7;7,19;19,40
6,7;7,20;20,6
6,7;7,20;20,40
6,7;7,21;21,6
6,7;7,21;21,40
6,7;7,22;22,6
6,7;7,22;22,40
6,7;7,24;24,6
6,7;7,24;24,40
6,7;7,25;25,6
6,7;7,25;25,40
6,7;7,26;26,6
6,7;7,26;26,40
6,7;7,27;27,6
6,7;7,27;27,40
6,7;7,28;28,6
6,7;7,28;28,40
6,7;7,29;29,6
6,7;7,29;29,40
6,7;7,30;30,6
6,7;7,30;30,40
6,7;7,31;31,6
6,7;7,31;31,40
6,7;7,32;32,6
6,7;7,32;32,40
6,7;7,33;33,6
6,7;7,33;33,40
6,7;7,34;34,6
6,7;7,34;34,40
6,7;7,35;35,6
6,7;7,35;35,40
6,7;7,36;36,6
6,7;7,36;36,40
6,7;7,37;37,6
6,7;7,37;37,40
6,7;7,38;38,6
6,7;7,38;38,40
6,8;8,9;9,6
6,8;8,9;9,40
6,8;8,10;10,6
6,8;8,10;10,40
6,8;8,11;11,6
6,8;8,11;11,40
6,8;8,12;12,6
6,8;8,12;12,40
6,8;8,13;13,6
6,8;8,13;13,40
6,8;8,14;14,6
6,8;8,14;14,40
6,8;8,15;15,6
6,8;8,15;15,40
6,8;8,16;16,6
6,8;8,16;16,40
6,8;8,17;17,6
6,8;8,17;17,40
6,8;8,18;18,6
6,8;8,18;18,40
6,8;8,19;19,6
6,8;8,19;19,40
6,8;8,20;20,6
6,8;8,20;20,40
6,8;8,21;21,6
6,8;8,21;21,40
6,8;8,22;22,6
6,8;8,22;22,40
6,8;8,24;24,6
6,8;8,24;24,40
6,8;8,25;25,6
6,8;8,25;25,40
6,8;8,26;26,6
6,8;8,26;26,40
6,8;8,27;27,6
6,8;8,27;27,40
6,8;8,28;28,6
6,8;8,28;28,40
6,8;8,29;29,6
6,8;8,29;29,40
6,8;8,30;30,6
6,8;8,30;30,40
6,8;8,31;31,6
6,8;8,31;31,40
6,8;8,32;32,6
6,8;8,32;32,40
6,8;8,33;33,6
6,8;8,33;33,40
6,8;8,34;34,6
6,8;8,34;34,40
6,8;8,35;35,6
6,8;8,35;35,40
6,8;8,36;36,6
6,8;8,36;36,40
6,8;8,37;37,6
6,8;8,37;37,40
6,9;9,10;10,6
6,9;9,10;10,40
6,9;9,11;11,6
6,9;9,11;11,40
6,9;9,12;12,6
6,9;9,12;12,40
6,9;9,13;13,6
6,9;9,13;13,40
6,9;9,14;14,6
6,9;9,14;14,40
6,9;9,15;15,6
6,9;9,15;15,40
6,9;9,16;16,6
6,9;9,16;16,40
6,9;9,17;17,6
6,9;9,17;17,40
6,9;9,18;18,6
6,9;9,18;18,40
6,9;9,19;19,6
6,9;9,19;19,40
6,9;9,20;20,6
6,9;9,20;20,40
6,9;9,21;21,6
6,9;9,21;21,40
6,9;9,22;22,6
6,9;9,22;22,40
6,9;9,24;24,6
6,9;9,24;24,40
6,9;9,25;25,6
6,9;9,25;25,40
6,9;9,26;26,6
6,9;9,26;26,40
6,9;9,27;27,6
6,9;9,27;27,40
6,9;9,28;28,6
6,9;9,28;28,40
6,9;9,29;29,6
6,9;9,29;29,40
6,9;9,30;30,6
6,9;9,30;30,40
6,9;9,31;31,6
6,9;9,31;31,40
6,9;9,32;32,6
6,9;9,32;32,40
6,9;9,33;33,6
6,9;9,33;33,40
6,9;9,34;34,6
6,9;9,34;34,40
6,9;9,35;35,6
6,9;9,35;35,40
6,9;9,36;36,6
6,9;9,36;36,40
6,10;10,11;11,6
6,10;10,11;11,40
6,10;10,12;12,6
6,10;10,12;12,40
6,10;10,13;13,6
6,10;10,13;13,40
6,10;10,14;14,6
6,10;10,14;14,40
6,10;10,15;15,6
6,10;10,15;15,40
6,10;10,16;16,6
6,10;10,16;16,40
6,10;10,17;17,6
6,10;10,17;17,40
6,10;10,18;18,6
6,10;10,18;18,40
6,10;10,19;19,6
6,10;10,19;19,40
6,10;10,20;20,6
6,10;10,20;20,40
6,10;10,21;21,6
6,10;10,21;21,40
6,10;10,22;22,6
6,10;10,22;22,40
6,10;10,24;24,6
6,10;10,24;24,40
6,10;10,25;25,6
6,10;10,25;25,40
6,10;10,26;26,6
6,10;10,26;26,40
6,10;10,27;27,6
6,10;10,27;27,40
6,10;10,28;28,6
6,10;10,28;28,40
6,10;10,29;29,6
6,10;10,29;29,40
6,10;10,30;30,6
6,10;10,30;30,40
6,10;10,31;31,6
6,10;10,31;31,40
6,10;10,32;32,6
6,10;10,32;32,40
6,10;10,33;33,6
6,10;10,33;33,40
6,10;10,34;34,6
6,10;10,34;34,40
6,10;10,35;35,6
6,10;10,35;35,40
6,11;11,12;12,6
6,11;11,12;12,40
6,11;11,13;13,6
6,11;11,13;13,40
6,11;11,14;14,6
6,11;11,14;14,40
6,11;11,15;15,6
6,11;11,15;15,40
6,11;11,16;16,6
6,11;11,16;16,40
6,11;11,17;17,6
6,11;11,17;17,40
6,11;11,18;18,6
6,11;11,18;18,40
6,11;11,19;19,6
6,11;11,19;19,40
6,11;11,20;20,6
6,11;11,20;20,40
6,11;11,21;21,6
6,11;11,21;21,40
6,11;11,22;22,6
6,11;11,22;22,40
6,11;11,24;24,6
6,11;11,24;24,40
6,11;11,25;25,6
6,11;11,25;25,40
6,11;11,26;26,6
6,11;11,26;26,40
6,11;11,27;27,6
6,11;11,27;27,40
6,11;11,28;28,6
6,11;11,28;28,40
6,11;11,29;29,6
6,11;11,29;29,40
6,11;11,30;30,6
6,11;11,30;30,40
6,11;11,31;31,6
6,11;11,31;31,40
6,11;11,32;32,6
6,11;11,32;32,40
6,11;11,33;33,6
6,11;11,33;33,40
6,11;11,34;34,6
6,11;11,34;34,40
6,12;12,13;13,6
6,12;12,13;13,40
6,12;12,14;14,6
6,12;12,14;14,40
6,12;12,15;15,6
6,12;12,15;15,40
6,12;12,16;16,6
6,12;12,16;16,40
6,12;12,17;17,6
6,12;12,17;17,40
6,12;12,18;18,6
6,12;12,18;18,40
6,12;12,19;19,6
6,12;12,19;19,40
6,12;12,20;20,6
6,12;12,20;20,40
6,12;12,21;21,6
6,12;12,21;21,40
6,12;12,22;22,6
6,12;12,22;22,40
6,12;12,24;24,6
6,12;12,24;24,40
6,12;12,25;25,6
6,12;12,25;25,40
6,12;12,26;26,6
6,12;12,26;26,40
6,12;12,27;27,6
6,12;12,27;27,40
6,12;12,28;28,6
6,12;12,28;28,40
6,12;12,29;29,6
6,12;12,29;29,40
6,12;12,30;30,6
6,12;12,30;30,40
6,12;12,31;31,6
6,12;12,31;31,40
6,12;12,32;32,6
6,12;12,32;32,40
6,12;12,33;33,6
6,12;12,33;33,40
6,13;13,14;14,6
6,13;13,14;14,40
6,13;13,15;15,6
6,13;13,15;15,40
6,13;13,16;16,6
6,13;13,16;16,40
6,13;13,17;17,6
6,13;13,17;17,40
6,13;13,18;18,6
6,13;13,18;18,40
6,13;13,19;19,6
6,13;13,19;19,40
6,13;13,20;20,6
6,13;13,20;20,40
6,13;13,21;21,6
6,13;13,21;21,40
6,13;13,22;22,6
6,13;13,22;22,40
6,13;13,24;24,6
6,13;13,24;24,40
6,13;13,25;25,6
6,13;13,25;25,40
6,13;13,26;26,6
6,13;13,26;26,40
6,13;13,27;27,6
6,13;13,27;27,40
6,13;13,28;28,6
6,13;13,28;28,40
6,13;13,29;29,6
6,13;13,29;29,40
6,13;13,30;30,6
6,13;13,30;30,40
6,13;13,31;31,6
6,13;13,31;31,40
6,13;13,32;32,6
6,13;13,32;32,40
6,14;14,15;15,6
6,14;14,15;15,40
6,14;14,16;16,6
6,14;14,16;16,40
6,14;14,17;17,6
6,14;14,17;17,40
6,14;14,18;18,6
6,14;14,18;18,40
6,14;14,19;19,6
6,14;14,19;19,40
6,14;14,20;20,6
6,14;14,20;20,40
6,14;14,21;21,6
6,14;14,21;21,40
6,14;14,22;22,6
6,14;14,22;22,40
6,14;14,24;24,6
6,14;14,24;24,40
6,14;14,25;25,6
6,14;14,25;25,40
6,14;14,26;26,6
6,14;14,26;26,40
6,14;14,27;27,6
6,14;14,27;27,40
6,14;14,28;28,6
6,14;14,28;28,40
6,14;14,29;29,6
6,14;14,29;29,40
6,14;14,30;30,6
6,14;14,30;30,40
6,14;14,31;31,6
6,14;14,31;31,40
6,15;15,16;16,6
6,15;15,16;16,40
6,15;15,17;17,6
6,15;15,17;17,40
6,15;15,18;18,6
6,15;15,18;18,40
6,15;15,19;19,6
6,15;15,19;19,40
6,15;15,20;20,6
6,15;15,20;20,40
6,15;15,21;21,6
6,15;15,21;21,40
6,15;15,22;22,6
6,15;15,22;22,40
6,15;15,24;24,6
6,15;15,24;24,40
6,15;15,25;25,6
6,15;15,25;25,40
6,15;15,26;26,6
6,15;15,26;26,40
6,15;15,27;27,6
6,15;15,27;27,40
6,15;15,28;28,6
6,15;15,28;28,40
6,15;15,29;29,6
6,15;15,29;29,40
6,15;15,30;30,6
6,15;15,30;30,40
6,16;16,17;17,6
6,16;16,17;17,40
6,16;16,18;18,6
6,16;16,18;18,40
6,16;16,19;19,6
6,16;16,19;19,40
6,16;16,20;20,6
6,16;16,20;20,40
6,16;16,21;21,6
6,16;16,21;21,40
6,16;16,22;22,6
6,16;16,22;22,40
6,16;16,24;24,6
6,16;16,24;24,40
6,16;16,25;25,6
6,16;16,25;25,40
6,16;16,26;26,6
6,16;16,26;26,40
6,16;16,27;27,6
6,16;16,27;27,40
6,16;16,28;28,6
6,16;16,28;28,40
6,16;16,29;29,6
6,16;16,29;29,40
6,17;17,18;18,6
6,17;17,18;18,40
6,17;17,19;19,6
6,17;17,19;19,40
6,17;17,20;20,6
6,17;17,20;20,40
6,17;17,21;21,6
6,17;17,21;21,40
6,17;17,22;22,6
6,17;17,22;22,40
6,17;17,24;24,6
6,17;17,24;24,40
6,17;17,25;25,6
6,17;17,25;25,40
6,17;17,26;26,6
6,17;17,26;26,40
6,17;17,27;27,6
6,17;17,27;27,40
6,17;17,28;28,6
6,17;17,28;28,40
6,18;18,19;19,6
6,18;18,19;19,40
6,18;18,20;20,6
6,18;18,20;20,40
6,18;18,21;21,6
6,18;18,21;21,40
6,18;18,22;22,6
6,18;18,22;22,40
6,18;18,24;24,6
6,18;18,24;24,40
6,18;18,25;25,6
6,18;18,25;25,40
6,18;18,26;26,6
6,18;18,26;26,40
6,18;18,27;27,6
6,18;18,27;27,40
6,19;19,20;20,6
6,19;19,20;20,40
6,19;19,21;21,6
6,19;19,21;21,40
6,19;19,22;22,6
6,19;19,22;22,40
6,19;19,24;24,6
6,19;19,24;24,40
6,19;19,25;25,6
6,19;19,25;25,40
6,19;19,26;26,6
6,19;19,26;26,40
6,20;20,21;21,6
6,20;20,21;21,40
6,20;20,22;22,6
6,20;20,22;22,40
6,20;20,24;24,6
6,20;20,24;24,40
6,20;20,25;25,6
6,20;20,25;25,40
6,21;21,22;22,6
6,21;21,22;22,40
6,21;21,24;24,6
6,21;21,24;24,40
7,8;8,9;9,7
7,8;8,9;9,39
7,8;8,10;10,7
7,8;8,10;10,39
7,8;8,11;11,7
7,8;8,11;11,39
7,8;8,12;12,7
7,8;8,12;12,39
7,8;8,13;13,7
7,8;8,13;13,39
7,8;8,14;14,7
7,8;8,14;14,39
7,8;8,15;15,7
7,8;8,15;15,39
7,8;8,16;16,7
7,8;8,16;16,39
7,8;8,17;17,7
7,8;8,17;17,39
7,8;8,18;18,7
7,8;8,18;18,39
7,8;8,19;19,7
7,8;8,19;19,39
7,8;8,20;20,7
7,8;8,20;20,39
7,8;8,21;21,7
7,8;8,21;21,39
7,8;8,22;22,7
7,8;8,22;22,39
7,8;8,24;24,7
7,8;8,24;24,39
7,8;8,25;25,7
7,8;8,25;25,39
7,8;8,26;26,7
7,8;8,26;26,39
7,8;8,27;27,7
7,8;8,27;27,39
7,8;8,28;28,7
7,8;8,28;28,39
7,8;8,29;29,7
7,8;8,29;29,39
7,8;8,30;30,7
7,8;8,30;30,39
7,8;8,31;31,7
7,8;8,31;31,39
7,8;8,32;32,7
7,8;8,32;32,39
7,8;8,33;33,7
7,8;8,33;33,39
7,8;8,34;34,7
7,8;8,34;34,39
7,8;8,35;35,7
7,8;8,35;35,39
7,8;8,36;36,7
7,8;8,36;36,39
7,8;8,37;37,7
7,8;8,37;37,39
7,9;9,10;10,7
7,9;9,10;10,39
7,9;9,11;11,7
7,9;9,11;11,39
7,9;9,12;12,7
7,9;9,12;12,39
7,9;9,13;13,7
7,9;9,13;13,39
7,9;9,14;14,7
7,9;9,14;14,39
7,9;9,15;15,7
7,9;9,15;15,39
7,9;9,16;16,7
7,9;9,16;16,39
7,9;9,17;17,7
7,9;9,17;17,39
7,9;9,18;18,7
7,9;9,18;18,39
7,9;9,19;19,7
7,9;9,19;19,39
7,9;9,20;20,7
7,9;9,20;20,39
7,9;9,21;21,7
7,9;9,21;21,39
7,9;9,22;22,7
7,9;9,22;22,39
7,9;9,24;24,7
7,9;9,24;24,39
7,9;9,25;25,7
7,9;9,25;25,39
7,9;9,26;26,7
7,9;9,26;26,39
7,9;9,27;27,7
7,9;9,27;27,39
7,9;9,28;28,7
7,9;9,28;28,39
7,9;9,29;29,7
7,9;9,29;29,39
7,9;9,30;30,7
7,9;9,30;30,39
7,9;9,31;31,7
7,9;9,31;31,39
7,9;9,32;32,7
7,9;9,32;32,39
7,9;9,33;33,7
7,9;9,33;33,39
7,9;9,34;34,7
7,9;9,34;34,39
7,9;9,35;35,7
7,9;9,35;35,39
7,9;9,36;36,7
7,9;9,36;36,39
7,10;10,11;11,7
7,10;10,11;11,39
7,10;10,12;12,7
7,10;10,12;12,39
7,10;10,13;13,7
7,10;10,13;13,39
7,10;10,14;14,7
7,10;10,14;14,39
7,10;10,15;15,7
7,10;10,15;15,39
7,10;10,16;16,7
7,10;10,16;16,39
7,10;10,17;17,7
7,10;10,17;17,39
7,10;10,18;18,7
7,10;10,18;18,39
7,10;10,19;19,7
7,10;10,19;19,39
7,10;10,20;20,7
7,10;10,20;20,39
7,10;10,21;21,7
7,10;10,21;21,39
7,10;10,22;22,7
7,10;10,22;22,39
7,10;10,24;24,7
7,10;10,24;24,39
7,10;10,25;25,7
7,10;10,25;25,39
7,10;10,26;26,7
7,10;10,26;26,39
7,10;10,27;27,7
7,10;10,27;27,39
7,10;10,28;28,7
7,10;10,28;28,39
7,10;10,29;29,7
7,10;10,29;29,39
7,10;10,30;30,7
7,10;10,30;30,39
7,10;10,31;31,7
7,10;10,31;31,39
7,10;10,32;32,7
7,10;10,32;32,39
7,10;10,33;33,7
7,10;10,33;33,39
7,10;10,34;34,7
7,10;10,34;34,39
7,10;10,35;35,7
7,10;10,35;35,39
7,11;11,12;12,7
7,11;11,12;12,39
7,11;11,13;13,7
7,11;11,13;13,39
7,11;11,14;14,7
7,11;11,14;14,39
7,11;11,15;15,7
7,11;11,15;15,39
7,11;11,16;16,7
7,11;11,16;16,39
7,11;11,17;17,7
7,11;11,17;17,39
7,11;11,18;18,7
7,11;11,18;18,39
7,11;11,19;19,7
7,11;11,19;19,39
7,11;11,20;20,7
7,11;11,20;20,39
7,11;11,21;21,7
7,11;11,21;21,39
7,11;11,22;22,7
7,11;11,22;22,39
7,11;11,24;24,7
7,11;11,24;24,39
7,11;11,25;25,7
7,11;11,25;25,39
7,11;11,26;26,7
7,11;11,26;26,39
7,11;11,27;27,7
7,11;11,27;27,39
7,11;11,28;28,7
7,11;11,28;28,39
7,11;11,29;29,7
7,11;11,29;29,39
7,11;11,30;30,7
7,11;11,30;30,39
7,11;11,31;31,7
7,11;11,31;31,39
7,11;11,32;32,7
7,11;11,32;32,39
7,11;11,33;33,7
7,11;11,33;33,39
7,11;11,34;34,7
7,11;11,34;34,39
7,12;12,13;13,7
7,12;12,13;13,39
7,12;12,14;14,7
7,12;12,14;14,39
7,12;12,15;15,7
7,12;12,15;15,39
7,12;12,16;16,7
7,12;12,16;16,39
7,12;12,17;17,7
7,12;12,17;17,39
7,12;12,18;18,7
7,12;12,18;18,39
7,12;12,19;19,7
7,12;12,19;19,39
7,12;12,20;20,7
7,12;12,20;20,39
7,12;12,21;21,7
7,12;12,21;21,39
7,12;12,22;22,7
7,12;12,22;22,39
7,12;12,24;24,7
7,12;12,24;24,39
7,12;12,25;25,7
7,12;12,25;25,39
7,12;12,26;26,7
7,12;12,26;26,39
7,12;12,27;27,7
7,12;12,27;27,39
7,12;12,28;28,7
7,12;12,28;28,39
7,12;12,29;29,7
7,12;12,29;29,39
7,12;12,30;30,7
7,12;12,30;30,39
7,12;12,31;31,7
7,12;12,31;31,39
7,12;12,32;32,7
7,12;12,32;32,39
7,12;12,33;33,7
7,12;12,33;33,39
7,13;13,14;14,7
7,13;13,14;14,39
7,13;13,15;15,7
7,13;13,15;15,39
7,13;13,16;16,7
7,13;13,16;16,39
7,13;13,17;17,7
7,13;13,17;17,39
7,13;13,18;18,7
7,13;13,18;18,39
7,13;13,19;19,7
7,13;13,19;19,39
7,13;13,20;20,7
7,13;13,20;20,39
7,13;13,21;21,7
7,13;13,21;21,39
7,13;13,22;22,7
7,13;13,22;22,39
7,13;13,24;24,7
7,13;13,24;24,39
7,13;13,25;25,7
7,13;13,25;25,39
7,13;13,26;26,7
7,13;13,26;26,39
7,13;13,27;27,7
7,13;13,27;27,39
7,13;13,28;28,7
7,13;13,28;28,39
7,13;13,29;29,7
7,13;13,29;29,39
7,13;13,30;30,7
7,13;13,30;30,39
7,13;13,31;31,7
7,13;13,31;31,39
7,13;13,32;32,7
7,13;13,32;32,39
7,14;14,15;15,7
7,14;14,15;15,39
7,14;14,16;16,7
7,14;14,16;16,39
7,14;14,17;17,7
7,14;14,17;17,39
7,14;14,18;18,7
7,14;14,18;18,39
7,14;14,19;19,7
7,14;14,19;19,39
7,14;14,20;20,7
7,14;14,20;20,39
7,14;14,21;21,7
7,14;14,21;21,39
7,14;14,22;22,7
7,14;14,22;22,39
7,14;14,24;24,7
7,14;14,24;24,39
7,14;14,25;25,7
7,14;14,25;25,39
7,14;14,26;26,7
7,14;14,26;26,39
7,14;14,27;27,7
7,14;14,27;27,39
7,14;14,28;28,7
7,14;14,28;28,39
7,14;14,29;29,7
7,14;14,29;29,39
7,14;14,30;30,7
7,14;14,30;30,39
7,14;14,31;31,7
7,14;14,31;31,39
7,15;15,16;16,7
7,15;15,16;16,39
7,15;15,17;17,7
7,15;15,17;17,39
7,15;15,18;18,7
7,15;15,18;18,39
7,15;15,19;19,7
7,15;15,19;19,39
7,15;15,20;20,7
7,15;15,20;20,39
7,15;15,21;21,7
7,15;15,21;21,39
7,15;15,22;22,7
7,15;15,22;22,39
7,15;15,24;24,7
7,15;15,24;24,39
7,15;15,25;25,7
7,15;15,25;25,39
7,15;15,26;26,7
7,15;15,26;26,39
7,15;15,27;27,7
7,15;15,27;27,39
7,15;15,28;28,7
7,15;15,28;28,39
7,15;15,29;29,7
7,15;15,29;29,39
7,15;15,30;30,7
7,15;15,30;30,39
7,16;16,17;17,7
7,16;16,17;17,39
7,16;16,18;18,7
7,16;16,18;18,39
7,16;16,19;19,7
7,16;16,19;19,39
7,16;16,20;20,7
7,16;16,20;20,39
7,16;16,21;21,7
7,16;16,21;21,39
7,16;16,22;22,7
7,16;16,22;22,39
7,16;16,24;24,7
7,16;16,24;24,39
7,16;16,25;25,7
7,16;16,25;25,39
7,16;16,26;26,7
7,16;16,26;26,39
7,16;16,27;27,7
7,16;16,27;27,39
7,16;16,28;28,7
7,16;16,28;28,39
7,16;16,29;29,7
7,16;16,29;29,39
7,17;17,18;18,7
7,17;17,18;18,39
7,17;17,19;19,7
7,17;17,19;19,39
7,17;17,20;20,7
7,17;17,20;20,39
7,17;17,21;21,7
7,17;17,21;21,39
7,17;17,22;22,7
7,17;17,22;22,39
7,17;17,24;24,7
7,17;17,24;24,39
7,17;17,25;25,7
7,17;17,25;25,39
7,17;17,26;26,7
7,17;17,26;26,39
7,17;17,27;27,7
7,17;17,27;27,39
7,17;17,28;28,7
7,17;17,28;28,39
7,18;18,19;19,7
7,18;18,19;19,39
7,18;18,20;20,7
7,18;18,20;20,39
7,18;18,21;21,7
7,18;18,21;21,39
7,18;18,22;22,7
7,18;18,22;22,39
7,18;18,24;24,7
7,18;18,24;24,39
7,18;18,25;25,7
7,18;18,25;25,39
7,18;18,26;26,7
7,18;18,26;26,39
7,18;18,27;27,7
7,18;18,27;27,39
7,19;19,20;20,7
7,19;19,20;20,39
7,19;19,21;21,7
7,19;19,21;21,39
7,19;19,22;22,7
7,19;19,22;22,39
7,19;19,24;24,7
7,19;19,24;24,39
7,19;19,25;25,7
7,19;19,25;25,39
7,19;19,26;26,7
7,19;19,26;26,39
7,20;20,21;21,7
7,20;20,21;21,39
7,20;20,22;22,7
7,20;20,22;22,39
7,20;20,24;24,7
7,20;20,24;24,39
7,20;20,25;25,7
7,20;20,25;25,39
7,21;21,22;22,7
7,21;21,22;22,39
7,21;21,24;24,7
7,21;21,24;24,39
8,9;9,10;10,8
8,9;9,10;10,38
8,9;9,11;11,8
8,9;9,11;11,38
8,9;9,12;12,8
8,9;9,12;12,38
8,9;9,13;13,8
8,9;9,13;13,38
8,9;9,14;14,8
8,9;9,14;14,38
8,9;9,15;15,8
8,9;9,15;15,38
8,9;9,16;16,8
8,9;9,16;16,38
8,9;9,17;17,8
8,9;9,17;17,38
8,9;9,18;18,8
8,9;9,18;18,38
8,9;9,19;19,8
8,9;9,19;19,38
8,9;9,20;20,8
8,9;9,20;20,38
8,9;9,21;21,8
8,9;9,21;21,38
8,9;9,22;22,8
8,9;9,22;22,38
8,9;9,24;24,8
8,9;9,24;24,38
8,9;9,25;25,8
8,9;9,25;25,38
8,9;9,26;26,8
8,9;9,26;26,38
8,9;9,27;27,8
8,9;9,27;27,38
8,9;9,28;28,8
8,9;9,28;28,38
8,9;9,29;29,8
8,9;9,29;29,38
8,9;9,30;30,8
8,9;9,30;30,38
8,9;9,31;31,8
8,9;9,31;31,38
8,9;9,32;32,8
8,9;9,32;32,38
8,9;9,33;33,8
8,9;9,33;33,38
8,9;9,34;34,8
8,9;9,34;34,38
8,9;9,35;35,8
8,9;9,35;35,38
8,9;9,36;36,8
8,9;9,36;36,38
8,10;10,11;11,8
8,10;10,11;11,38
8,10;10,12;12,8
8,10;10,12;12,38
8,10;10,13;13,8
8,10;10,13;13,38
8,10;10,14;14,8
8,10;10,14;14,38
8,10;10,15;15,8
8,10;10,15;15,38
8,10;10,16;16,8
8,10;10,16;16,38
8,10;10,17;17,8
8,10;10,17;17,38
8,10;10,18;18,8
8,10;10,18;18,38
8,10;10,19;19,8
8,10;10,19;19,38
8,10;10,20;20,8
8,10;10,20;20,38
8,10;10,21;21,8
8,10;10,21;21,38
8,10;10,22;22,8
8,10;10,22;22,38
8,10;10,24;24,8
8,10;10,24;24,38
8,10;10,25;25,8
8,10;10,25;25,38
8,10;10,26;26,8
8,10;10,26;26,38
8,10;10,27;27,8
8,10;10,27;27,38
8,10;10,28;28,8
8,10;10,28;28,38
8,10;10,29;29,8
8,10;10,29;29,38
8,10;10,30;30,8
8,10;10,30;30,38
8,10;10,31;31,8
8,10;10,31;31,38
8,10;10,32;32,8
8,10;10,32;32,38
8,10;10,33;33,8
8,10;10,33;33,38
8,10;10,34;34,8
8,10;10,34;34,38
8,10;10,35;35,8
8,10;10,35;35,38
8,11;11,12;12,8
8,11;11,12;12,38
8,11;11,13;13,8
8,11;11,13;13,38
8,11;11,14;14,8
8,11;11,14;14,38
8,11;11,15;15,8
8,11;11,15;15,38
8,11;11,16;16,8
8,11;11,16;16,38
8,11;11,17;17,8
8,11;11,17;17,38
8,11;11,18;18,8
8,11;11,18;18,38
8,11;11,19;19,8
8,11;11,19;19,38
8,11;11,20;20,8
8,11;11,20;20,38
8,11;11,21;21,8
8,11;11,21;21,38
8,11;11,22;22,8
8,11;11,22;22,38
8,11;11,24;24,8
8,11;11,24;24,38
8,11;11,25;25,8
8,11;11,25;25,38
8,11;11,26;26,8
8,11;11,26;26,38
8,11;11,27;27,8
8,11;11,27;27,38
8,11;11,28;28,8
8,11;11,28;28,38
8,11;11,29;29,8
8,11;11,29;29,38
8,11;11,30;30,8
8,11;11,30;30,38
8,11;11,31;31,8
8,11;11,31;31,38
8,11;11,32;32,8
8,11;11,32;32,38
8,11;11,33;33,8
8,11;11,33;33,38
8,11;11,34;34,8
8,11;11,34;34,38
8,12;12,13;13,8
8,12;12,13;13,38
8,12;12,14;14,8
8,12;12,14;14,38
8,12;12,15;15,8
8,12;12,15;15,38
8,12;12,16;16,8
8,12;12,16;16,38
8,12;12,17;17,8
8,12;12,17;17,38
8,12;12,18;18,8
8,12;12,18;18,38
8,12;12,19;19,8
8,12;12,19;19,38
8,12;12,20;20,8
8,12;12,20;20,38
8,12;12,21;21,8
8,12;12,21;21,38
8,12;12,22;22,8
8,12;12,22;22,38
8,12;12,24;24,8
8,12;12,24;24,38
8,12;12,25;25,8
8,12;12,25;25,38
8,12;12,26;26,8
8,12;12,26;26,38
8,12;12,27;27,8
8,12;12,27;27,38
8,12;12,28;28,8
8,12;12,28;28,38
8,12;12,29;29,8
8,12;12,29;29,38
8,12;12,30;30,8
8,12;12,30;30,38
8,12;12,31;31,8
8,12;12,31;31,38
8,12;12,32;32,8
8,12;12,32;32,38
8,12;12,33;33,8
8,12;12,33;33,38
8,13;13,14;14,8
8,13;13,14;14,38
8,13;13,15;15,8
8,13;13,15;15,38
8,13;13,16;16,8
8,13;13,16;16,38
8,13;13,17;17,8
8,13;13,17;17,38
8,13;13,18;18,8
8,13;13,18;18,38
8,13;13,19;19,8
8,13;13,19;19,38
8,13;13,20;20,8
8,13;13,20;20,38
8,13;13,21;21,8
8,13;13,21;21,38
8,13;13,22;22,8
8,13;13,22;22,38
8,13;13,24;24,8
8,13;13,24;24,38
8,13;13,25;25,8
8,13;13,25;25,38
8,13;13,26;26,8
8,13;13,26;26,38
8,13;13,27;27,8
8,13;13,27;27,38
8,13;13,28;28,8
8,13;13,28;28,38
8,13;13,29;29,8
8,13;13,29;29,38
8,13;13,30;30,8
8,13;13,30;30,38
8,13;13,31;31,8
8,13;13,31;31,38
8,13;13,32;32,8
8,13;13,32;32,38
8,14;14,15;15,8
8,14;14,15;15,38
8,14;14,16;16,8
8,14;14,16;16,38
8,14;14,17;17,8
8,14;14,17;17,38
8,14;14,18;18,8
8,14;14,18;18,38
8,14;14,19;19,8
8,14;14,19;19,38
8,14;14,20;20,8
8,14;14,20;20,38
8,14;14,21;21,8
8,14;14,21;21,38
8,14;14,22;22,8
8,14;14,22;22,38
8,14;14,24;24,8
8,14;14,24;24,38
8,14;14,25;25,8
8,14;14,25;25,38
8,14;14,26;26,8
8,14;14,26;26,38
8,14;14,27;27,8
8,14;14,27;27,38
8,14;14,28;28,8
8,14;14,28;28,38
8,14;14,29;29,8
8,14;14,29;29,38
8,14;14,30;30,8
8,14;14,30;30,38
8,14;14,31;31,8
8,14;14,31;31,38
8,15;15,16;16,8
8,15;15,16;16,38
8,15;15,17;17,8
8,15;15,17;17,38
8,15;15,18;18,8
8,15;15,18;18,38
8,15;15,19;19,8
8,15;15,19;19,38
8,15;15,20;20,8
8,15;15,20;20,38
8,15;15,21;21,8
8,15;15,21;21,38
8,15;15,22;22,8
8,15;15,22;22,38
8,15;15,24;24,8
8,15;15,24;24,38
8,15;15,25;25,8
8,15;15,25;25,38
8,15;15,26;26,8
8,15;15,26;26,38
8,15;15,27;27,8
8,15;15,27;27,38
8,15;15,28;28,8
8,15;15,28;28,38
8,15;15,29;29,8
8,15;15,29;29,38
8,15;15,30;30,8
8,15;15,30;30,38
8,16;16,17;17,8
8,16;16,17;17,38
8,16;16,18;18,8
8,16;16,18;18,38
8,16;16,19;19,8
8,16;16,19;19,38
8,16;16,20;20,8
8,16;16,20;20,38
8,16;16,21;21,8
8,16;16,21;21,38
8,16;16,22;22,8
8,16;16,22;22,38
8,16;16,24;24,8
8,16;16,24;24,38
8,16;16,25;25,8
8,16;16,25;25,38
8,16;16,26;26,8
8,16;16,26;26,38
8,16;16,27;27,8
8,16;16,27;27,38
8,16;16,28;28,8
8,16;16,28;28,38
8,16;16,29;29,8
8,16;16,29;29,38
8,17;17,18;18,8
8,17;17,18;18,38
8,17;17,19;19,8
8,17;17,19;19,38
8,17;17,20;20,8
8,17;17,20;20,38
8,17;17,21;21,8
8,17;17,21;21,38
8,17;17,22;22,8
8,17;17,22;22,38
8,17;17,24;24,8
8,17;17,24;24,38
8,17;17,25;25,8
8,17;17,25;25,38
8,17;17,26;26,8
8,17;17,26;26,38
8,17;17,27;27,8
8,17;17,27;27,38
8,17;17,28;28,8
8,17;17,28;28,38
8,18;18,19;19,8
8,18;18,19;19,38
8,18;18,20;20,8
8,18;18,20;20,38
8,18;18,21;21,8
8,18;18,21;21,38
8,18;18,22;22,8
8,18;18,22;22,38
8,18;18,24;24,8
8,18;18,24;24,38
8,18;18,25;25,8
8,18;18,25;25,38
8,18;18,26;26,8
8,18;18,26;26,38
8,18;18,27;27,8
8,18;18,27;27,38
8,19;19,20;20,8
8,19;19,20;20,38
8,19;19,21;21,8
8,19;19,21;21,38
8,19;19,22;22,8
8,19;19,22;22,38
8,19;19,24;24,8
8,19;19,24;24,38
8,19;19,25;25,8
8,19;19,25;25,38
8,19;19,26;26,8
8,19;19,26;26,38
8,20;20,21;21,8
8,20;20,21;21,38
8,20;20,22;22,8
8,20;20,22;22,38
8,20;20,24;24,8
8,20;20,24;24,38
8,20;20,25;25,8
8,20;20,25;25,38
8,21;21,22;22,8
8,21;21,22;22,38
8,21;21,24;24,8
8,21;21,24;24,38
9,10;10,11;11,9
9,10;10,11;11,37
9,10;10,12;12,9
9,10;10,12;12,37
9,10;10,13;13,9
9,10;10,13;13,37
9,10;10,14;14,9
9,10;10,14;14,37
9,10;10,15;15,9
9,10;10,15;15,37
9,10;10,16;16,9
9,10;10,16;16,37
9,10;10,17;17,9
9,10;10,17;17,37
9,10;10,18;18,9
9,10;10,18;18,37
9,10;10,19;19,9
9,10;10,19;19,37
9,10;10,20;20,9
9,10;10,20;20,37
9,10;10,21;21,9
9,10;10,21;21,37
9,10;10,22;22,9
9,10;10,22;22,37
9,10;10,24;24,9
9,10;10,24;24,37
9,10;10,25;25,9
9,10;10,25;25,37
9,10;10,26;26,9
9,10;10,26;26,37
9,10;10,27;27,9
9,10;10,27;27,37
9,10;10,28;28,9
9,10;10,28;28,37
9,10;10,29;29,9
9,10;10,29;29,37
9,10;10,30;30,9
9,10;10,30;30,37
9,10;10,31;31,9
9,10;10,31;31,37
9,10;10,32;32,9
9,10;10,32;32,37
9,10;10,33;33,9
9,10;10,33;33,37
9,10;10,34;34,9
9,10;10,34;34,37
9,10;10,35;35,9
9,10;10,35;35,37
9,11;11,12;12,9
9,11;11,12;12,37
9,11;11,13;13,9
9,11;11,13;13,37
9,11;11,14;14,9
9,11;11,14;14,37
9,11;11,15;15,9
9,11;11,15;15,37
9,11;11,16;16,9
9,11;11,16;16,37
9,11;11,17;17,9
9,11;11,17;17,37
9,11;11,18;18,9
9,11;11,18;18,37
9,11;11,19;19,9
9,11;11,19;19,37
9,11;11,20;20,9
9,11;11,20;20,37
9,11;11,21;21,9
9,11;11,21;21,37
9,11;11,22;22,9
9,11;11,22;22,37
9,11;11,24;24,9
9,11;11,24;24,37
9,11;11,25;25,9
9,11;11,25;25,37
9,11;11,26;26,9
9,11;11,26;26,37
9,11;11,27;27,9
9,11;11,27;27,37
9,11;11,28;28,9
9,11;11,28;28,37
9,11;11,29;29,9
9,11;11,29;29,37
9,11;11,30;30,9
9,11;11,30;30,37
9,11;11,31;31,9
9,11;11,31;31,37
9,11;11,32;32,9
9,11;11,32;32,37
9,11;11,33;33,9
9,11;11,33;33,37
9,11;11,34;34,9
9,11;11,34;34,37
9,12;12,13;13,9
9,12;12,13;13,37
9,12;12,14;14,9
9,12;12,14;14,37
9,12;12,15;15,9
9,12;12,15;15,37
9,12;12,16;16,9
9,12;12,16;16,37
9,12;12,17;17,9
9,12;12,17;17,37
9,12;12,18;18,9
9,12;12,18;18,37
9,12;12,19;19,9
9,12;12,19;19,37
9,12;12,20;20,9
9,12;12,20;20,37
9,12;12,21;21,9
9,12;12,21;21,37
9,12;12,22;22,9
9,12;12,22;22,37
9,12;12,24;24,9
9,12;12,24;24,37
9,12;12,25;25,9
9,12;12,25;25,37
9,12;12,26;26,9
9,12;12,26;26,37
9,12;12,27;27,9
9,12;12,27;27,37
9,12;12,28;28,9
9,12;12,28;28,37
9,12;12,29;29,9
9,12;12,29;29,37
9,12;12,30;30,9
9,12;12,30;30,37
9,12;12,31;31,9
9,12;12,31;31,37
9,12;12,32;32,9
9,12;12,32;32,37
9,12;12,33;33,9
9,12;12,33;33,37
9,13;13,14;14,9
9,13;13,14;14,37
9,13;13,15;15,9
9,13;13,15;15,37
9,13;13,16;16,9
9,13;13,16;16,37
9,13;13,17;17,9
9,13;13,17;17,37
9,13;13,18;18,9
9,13;13,18;18,37
9,13;13,19;19,9
9,13;13,19;19,37
9,13;13,20;20,9
9,13;13,20;20,37
9,13;13,21;21,9
9,13;13,21;21,37
9,13;13,22;22,9
9,13;13,22;22,37
9,13;13,24;24,9
9,13;13,24;24,37
9,13;13,25;25,9
9,13;13,25;25,37
9,13;13,26;26,9
9,13;13,26;26,37
9,13;13,27;27,9
9,13;13,27;27,37
9,13;13,28;28,9
9,13;13,28;28,37
9,13;13,29;29,9
9,13;13,29;29,37
9,13;13,30;30,9
9,13;13,30;30,37
9,13;13,31;31,9
9,13;13,31;31,37
9,13;13,32;32,9
9,13;13,32;32,37
9,14;14,15;15,9
9,14;14,15;15,37
9,14;14,16;16,9
9,14;14,16;16,37
9,14;14,17;17,9
9,14;14,17;17,37
9,14;14,18;18,9
9,14;14,18;18,37
9,14;14,19;19,9
9,14;14,19;19,37
9,14;14,20;20,9
9,14;14,20;20,37
9,14;14,21;21,9
9,14;14,21;21,37
9,14;14,22;22,9
9,14;14,22;22,37
9,14;14,24;24,9
9,14;14,24;24,37
9,14;14,25;25,9
9,14;14,25;25,37
9,14;14,26;26,9
9,14;14,26;26,37
9,14;14,27;27,9
9,14;14,27;27,37
9,14;14,28;28,9
9,14;14,28;28,37
9,14;14,29;29,9
9,14;14,29;29,37
9,14;14,30;30,9
9,14;14,30;30,37
9,14;14,31;31,9
9,14;14,31;31,37
9,15;15,16;16,9
9,15;15,16;16,37
9,15;15,17;17,9
9,15;15,17;17,37
9,15;15,18;18,9
9,15;15,18;18,37
9,15;15,19;19,9
9,15;15,19;19,37
9,15;15,20;20,9
9,15;15,20;20,37
9,15;15,21;21,9
9,15;15,21;21,37
9,15;15,22;22,9
9,15;15,22;22,37
9,15;15,24;24,9
9,15;15,24;24,37
9,15;15,25;25,9
9,15;15,25;25,37
9,15;15,26;26,9
9,15;15,26;26,37
9,15;15,27;27,9
9,15;15,27;27,37
9,15;15,28;28,9
9,15;15,28;28,37
9,15;15,29;29,9
9,15;15,29;29,37
9,15;15,30;30,9
9,15;15,30;30,37
9,16;16,17;17,9
9,16;16,17;17,37
9,16;16,18;18,9
9,16;16,18;18,37
9,16;16,19;19,9
9,16;16,19;19,37
9,16;16,20;20,9
9,16;16,20;20,37
9,16;16,21;21,9
9,16;16,21;21,37
9,16;16,22;22,9
9,16;16,22;22,37
9,16;16,24;24,9
9,16;16,24;24,37
9,16;16,25;25,9
9,16;16,25;25,37
9,16;16,26;26,9
9,16;16,26;26,37
9,16;16,27;27,9
9,16;16,27;27,37
9,16;16,28;28,9
9,16;16,28;28,37
9,16;16,29;29,9
9,16;16,29;29,37
9,17;17,18;18,9
9,17;17,18;18,37
9,17;17,19;19,9
9,17;17,19;19,37
9,17;17,20;20,9
9,17;17,20;20,37
9,17;17,21;21,9
9,17;17,21;21,37
9,17;17,22;22,9
9,17;17,22;22,37
9,17;17,24;24,9
9,17;17,24;24,37
9,17;17,25;25,9
9,17;17,25;25,37
9,17;17,26;26,9
9,17;17,26;26,37
9,17;17,27;27,9
9,17;17,27;27,37
9,17;17,28;28,9
9,17;17,28;28,37
9,18;18,19;19,9
9,18;18,19;19,37
9,18;18,20;20,9
9,18;18,20;20,37
9,18;18,21;21,9
9,18;18,21;21,37
9,18;18,22;22,9
9,18;18,22;22,37
9,18;18,24;24,9
9,18;18,24;24,37
9,18;18,25;25,9
9,18;18,25;25,37
9,18;18,26;26,9
9,18;18,26;26,37
9,18;18,27;27,9
9,18;18,27;27,37
9,19;19,20;20,9
9,19;19,20;20,37
9,19;19,21;21,9
9,19;19,21;21,37
9,19;19,22;22,9
9,19;19,22;22,37
9,19;19,24;24,9
9,19;19,24;24,37
9,19;19,25;25,9
9,19;19,25;25,37
9,19;19,26;26,9
9,19;19,26;26,37
9,20;20,21;21,9
9,20;20,21;21,37
9,20;20,22;22,9
9,20;20,22;22,37
9,20;20,24;24,9
9,20;20,24;24,37
9,20;20,25;25,9
9,20;20,25;25,37
9,21;21,22;22,9
9,21;21,22;22,37
9,21;21,24;24,9
9,21;21,24;24,37
10,11;11,12;12,10
10,11;11,12;12,36
10,11;11,13;13,10
10,11;11,13;13,36
10,11;11,14;14,10
10,11;11,14;14,36
10,11;11,15;15,10
10,11;11,15;15,36
10,11;11,16;16,10
10,11;11,16;16,36
10,11;11,17;17,10
10,11;11,17;17,36
10,11;11,18;18,10
10,11;11,18;18,36
10,11;11,19;19,10
10,11;11,19;19,36
10,11;11,20;20,10
10,11;11,20;20,36
10,11;11,21;21,10
10,11;11,21;21,36
10,11;11,22;22,10
10,11;11,22;22,36
10,11;11,24;24,10
10,11;11,24;24,36
10,11;11,25;25,10
10,11;11,25;25,36
10,11;11,26;26,10
10,11;11,26;26,36
10,11;11,27;27,10
10,11;11,27;27,36
10,11;11,28;28,10
10,11;11,28;28,36
10,11;11,29;29,10
10,11;11,29;29,36
10,11;11,30;30,10
10,11;11,30;30,36
10,11;11,31;31,10
10,11;11,31;31,36
10,11;11,32;32,10
10,11;11,32;32,36
10,11;11,33;33,10
10,11;11,33;33,36
10,11;11,34;34,10
10,11;11,34;34,36
10,12;12,13;13,10
10,12;12,13;13,36
10,12;12,14;14,10
10,12;12,14;14,36
10,12;12,15;15,10
10,12;12,15;15,36
10,12;12,16;16,10
10,12;12,16;16,36
10,12;12,17;17,10
10,12;12,17;17,36
10,12;12,18;18,10
10,12;12,18;18,36
10,12;12,19;19,10
10,12;12,19;19,36
10,12;12,20;20,10
10,12;12,20;20,36
10,12;12,21;21,10
10,12;12,21;21,36
10,12;12,22;22,10
10,12;12,22;22,36
10,12;12,24;24,10
10,12;12,24;24,36
10,12;12,25;25,10
10,12;12,25;25,36
10,12;12,26;26,10
10,12;12,26;26,36
10,12;12,27;27,10
10,12;12,27;27,36
10,12;12,28;28,10
10,12;12,28;28,36
10,12;12,29;29,10
10,12;12,29;29,36
10,12;12,30;30,10
10,12;12,30;30,36
10,12;12,31;31,10
10,12;12,31;31,36
10,12;12,32;32,10
10,12;12,32;32,36
10,12;12,33;33,10
10,12;12,33;33,36
10,13;13,14;14,10
10,13;13,14;14,36
10,13;13,15;15,10
10,13;13,15;15,36
10,13;13,16;16,10
10,13;13,16;16,36
10,13;13,17;17,10
10,13;13,17;17,36
10,13;13,18;18,10
10,13;13,18;18,36
10,13;13,19;19,10
10,13;13,19;19,36
10,13;13,20;20,10
10,13;13,20;20,36
10,13;13,21;21,10
10,13;13,21;21,36
10,13;13,22;22,10
10,13;13,22;22,36
10,13;13,24;24,10
10,13;13,24;24,36
10,13;13,25;25,10
10,13;13,25;25,36
10,13;13,26;26,10
10,13;13,26;26,36
10,13;13,27;27,10
10,13;13,27;27,36
10,13;13,28;28,10
10,13;13,28;28,36
10,13;13,29;29,10
10,13;13,29;29,36
10,13;13,30;30,10
10,13;13,30;30,36
10,13;13,31;31,10
10,13;13,31;31,36
10,13;13,32;32,10
10,13;13,32;32,36
10,14;14,15;15,10
10,14;14,15;15,36
10,14;14,16;16,10
10,14;14,16;16,36
10,14;14,17;17,10
10,14;14,17;17,36
10,14;14,18;18,10
10,14;14,18;18,36
10,14;14,19;19,10
10,14;14,19;19,36
10,14;14,20;20,10
10,14;14,20;20,36
10,14;14,21;21,10
10,14;14,21;21,36
10,14;14,22;22,10
10,14;14,22;22,36
10,14;14,24;24,10
10,14;14,24;24,36
10,14;14,25;25,10
10,14;14,25;25,36
10,14;14,26;26,10
10,14;14,26;26,36
10,14;14,27;27,10
10,14;14,27;27,36
10,14;14,28;28,10
10,14;14,28;28,36
10,14;14,29;29,10
10,14;14,29;29,36
10,14;14,30;30,10
10,14;14,30;30,36
10,14;14,31;31,10
10,14;14,31;31,36
10,15;15,16;16,10
10,15;15,16;16,36
10,15;15,17;17,10
10,15;15,17;17,36
10,15;15,18;18,10
10,15;15,18;18,36
10,15;15,19;19,10
10,15;15,19;19,36
10,15;15,20;20,10
10,15;15,20;20,36
10,15;15,21;21,10
10,15;15,21;21,36
10,15;15,22;22,10
10,15;15,22;22,36
10,15;15,24;24,10
10,15;15,24;24,36
10,15;15,25;25,10
10,15;15,25;25,36
10,15;15,26;26,10
10,15;15,26;26,36
10,15;15,27;27,10
10,15;15,27;27,36
10,15;15,28;28,10
10,15;15,28;28,36
10,15;15,29;29,10
10,15;15,29;29,36
10,15;15,30;30,10
10,15;15,30;30,36
10,16;16,17;17,10
10,16;16,17;17,36
10,16;16,18;18,10
10,16;16,18;18,36
10,16;16,19;19,10
10,16;16,19;19,36
10,16;16,20;20,10
10,16;16,20;20,36
10,16;16,21;21,10
10,16;16,21;21,36
10,16;16,22;22,10
10,16;16,22;22,36
10,16;16,24;24,10
10,16;16,24;24,36
10,16;16,25;25,10
10,16;16,25;25,36
10,16;16,26;26,10
10,16;16,26;26,36
10,16;16,27;27,10
10,16;16,27;27,36
10,16;16,28;28,10
10,16;16,28;28,36
10,16;16,29;29,10
10,16;16,29;29,36
10,17;17,18;18,10
10,17;17,18;18,36
10,17;17,19;19,10
10,17;17,19;19,36
10,17;17,20;20,10
10,17;17,20;20,36
10,17;17,21;21,10
10,17;17,21;21,36
10,17;17,22;22,10
10,17;17,22;22,36
10,17;17,24;24,10
10,17;17,24;24,36
10,17;17,25;25,10
10,17;17,25;25,36
10,17;17,26;26,10
10,17;17,26;26,36
10,17;17,27;27,10
10,17;17,27;27,36
10,17;17,28;28,10
10,17;17,28;28,36
10,18;18,19;19,10
10,18;18,19;19,36
10,18;18,20;20,10
10,18;18,20;20,36
10,18;18,21;21,10
10,18;18,21;21,36
10,18;18,22;22,10
10,18;18,22;22,36
10,18;18,24;24,10
10,18;18,24;24,36
10,18;18,25;25,10
10,18;18,25;25,36
10,18;18,26;26,10
10,18;18,26;26,36
10,18;18,27;27,10
10,18;18,27;27,36
10,19;19,20;20,10
10,19;19,20;20,36
10,19;19,21;21,10
10,19;19,21;21,36
10,19;19,22;22,10
10,19;19,22;22,36
10,19;19,24;24,10
10,19;19,24;24,36
10,19;19,25;25,10
10,19;19,25;25,36
10,19;19,26;26,10
10,19;19,26;26,36
10,20;20,21;21,10
10,20;20,21;21,36
10,20;20,22;22,10
10,20;20,22;22,36
10,20;20,24;24,10
10,20;20,24;24,36
10,20;20,25;25,10
10,20;20,25;25,36
10,21;21,22;22,10
10,21;21,22;22,36
10,21;21,24;24,10
10,21;21,24;24,36
11,12;12,13;13,11
11,12;12,13;13,35
11,12;12,14;14,11
11,12;12,14;14,35
11,12;12,15;15,11
11,12;12,15;15,35
11,12;12,16;16,11
11,12;12,16;16,35
11,12;12,17;17,11
11,12;12,17;17,35
11,12;12,18;18,11
11,12;12,18;18,35
11,12;12,19;19,11
11,12;12,19;19,35
11,12;12,20;20,11
11,12;12,20;20,35
11,12;12,21;21,11
11,12;12,21;21,35
11,12;12,22;22,11
11,12;12,22;22,35
11,12;12,24;24,11
11,12;12,24;24,35
11,12;12,25;25,11
11,12;12,25;25,35
11,12;12,26;26,11
11,12;12,26;26,35
11,12;12,27;27,11
11,12;12,27;27,35
11,12;12,28;28,11
11,12;12,28;28,35
11,12;12,29;29,11
11,12;12,29;29,35
11,12;12,30;30,11
11,12;12,30;30,35
11,12;12,31;31,11
11,12;12,31;31,35
11,12;12,32;32,11
11,12;12,32;32,35
11,12;12,33;33,11
11,12;12,33;33,35
11,13;13,14;14,11
11,13;13,14;14,35
11,13;13,15;15,11
11,13;13,15;15,35
11,13;13,16;16,11
11,13;13,16;16,35
11,13;13,17;17,11
11,13;13,17;17,35
11,13;13,18;18,11
11,13;13,18;18,35
11,13;13,19;19,11
11,13;13,19;19,35
11,13;13,20;20,11
11,13;13,20;20,35
11,13;13,21;21,11
11,13;13,21;21,35
11,13;13,22;22,11
11,13;13,22;22,35
11,13;13,24;24,11
11,13;13,24;24,35
11,13;13,25;25,11
11,13;13,25;25,35
11,13;13,26;26,11
11,13;13,26;26,35
11,13;13,27;27,11
11,13;13,27;27,35
11,13;13,28;28,11
11,13;13,28;28,35
11,13;13,29;29,11
11,13;13,29;29,35
11,13;13,30;30,11
11,13;13,30;30,35
11,13;13,31;31,11
11,13;13,31;31,35
11,13;13,32;32,11
11,13;13,32;32,35
11,14;14,15;15,11
11,14;14,15;15,35
11,14;14,16;16,11
11,14;14,16;16,35
11,14;14,17;17,11
11,14;14,17;17,35
11,14;14,18;18,11
11,14;14,18;18,35
11,14;14,19;19,11
11,14;14,19;19,35
11,14;14,20;20,11
11,14;14,20;20,35
11,14;14,21;21,11
11,14;14,21;21,35
11,14;14,22;22,11
11,14;14,22;22,35
11,14;14,24;24,11
11,14;14,24;24,35
11,14;14,25;25,11
11,14;14,25;25,35
11,14;14,26;26,11
11,14;14,26;26,35
11,14;14,27;27,11
11,14;14,27;27,35
11,14;14,28;28,11
11,14;14,28;28,35
11,14;14,29;29,11
11,14;14,29;29,35
11,14;14,30;30,11
11,14;14,30;30,35
11,14;14,31;31,11
11,14;14,31;31,35
11,15;15,16;16,11
11,15;15,16;16,35
11,15;15,17;17,11
11,15;15,17;17,35
11,15;15,18;18,11
11,15;15,18;18,35
11,15;15,19;19,11
11,15;15,19;19,35
11,15;15,20;20,11
11,15;15,20;20,35
11,15;15,21;21,11
11,15;15,21;21,35
11,15;15,22;22,11
11,15;15,22;22,35
11,15;15,24;24,11
11,15;15,24;24,35
11,15;15,25;25,11
11,15;15,25;25,35
11,15;15,26;26,11
11,15;15,26;26,35
11,15;15,27;27,11
11,15;15,27;27,35
11,15;15,28;28,11
11,15;15,28;28,35
11,15;15,29;29,11
11,15;15,29;29,35
11,15;15,30;30,11
11,15;15,30;30,35
11,16;16,17;17,11
11,16;16,17;17,35
11,16;16,18;18,11
11,16;16,18;18,35
11,16;16,19;19,11
11,16;16,19;19,35
11,16;16,20;20,11
11,16;16,20;20,35
11,16;16,21;21,11
11,16;16,21;21,35
11,16;16,22;22,11
11,16;16,22;22,35
11,16;16,24;24,11
11,16;16,24;24,35
11,16;16,25;25,11
11,16;16,25;25,35
11,16;16,26;26,11
11,16;16,26;26,35
11,16;16,27;27,11
11,16;16,27;27,35
11,16;16,28;28,11
11,16;16,28;28,35
11,16;16,29;29,11
11,16;16,29;29,35
11,17;17,18;18,11
11,17;17,18;18,35
11,17;17,19;19,11
11,17;17,19;19,35
11,17;17,20;20,11
11,17;17,20;20,35
11,17;17,21;21,11
11,17;17,21;21,35
11,17;17,22;22,11
11,17;17,22;22,35
11,17;17,24;24,11
11,17;17,24;24,35
11,17;17,25;25,11
11,17;17,25;25,35
11,17;17,26;26,11
11,17;17,26;26,35
11,17;17,27;27,11
11,17;17,27;27,35
11,17;17,28;28,11
11,17;17,28;28,35
11,18;18,19;19,11
11,18;18,19;19,35
11,18;18,20;20,11
11,18;18,20;20,35
11,18;18,21;21,11
11,18;18,21;21,35
11,18;18,22;22,11
11,18;18,22;22,35
11,18;18,24;24,11
11,18;18,24;24,35
11,18;18,25;25,11
11,18;18,25;25,35
11,18;18,26;26,11
11,18;18,26;26,35
11,18;18,27;27,11
11,18;18,27;27,35
11,19;19,20;20,11
11,19;19,20;20,35
11,19;19,21;21,11
11,19;19,21;21,35
11,19;19,22;22,11
11,19;19,22;22,35
11,19;19,24;24,11
11,19;19,24;24,35
11,19;19,25;25,11
11,19;19,25;25,35
11,19;19,26;26,11
11,19;19,26;26,35
11,20;20,21;21,11
11,20;20,21;21,35
11,20;20,22;22,11
11,20;20,22;22,35
11,20;20,24;24,11
11,20;20,24;24,35
11,20;20,25;25,11
11,20;20,25;25,35
11,21;21,22;22,11
11,21;21,22;22,35
11,21;21,24;24,11
11,21;21,24;24,35
12,13;13,14;14,12
12,13;13,14;14,34
12,13;13,15;15,12
12,13;13,15;15,34
12,13;13,16;16,12
12,13;13,16;16,34
12,13;13,17;17,12
12,13;13,17;17,34
12,13;13,18;18,12
12,13;13,18;18,34
12,13;13,19;19,12
12,13;13,19;19,34
12,13;13,20;20,12
12,13;13,20;20,34
12,13;13,21;21,12
12,13;13,21;21,34
12,13;13,22;22,12
12,13;13,22;22,34
12,13;13,24;24,12
12,13;13,24;24,34
12,13;13,25;25,12
12,13;13,25;25,34
12,13;13,26;26,12
12,13;13,26;26,34
12,13;13,27;27,12
12,13;13,27;27,34
12,13;13,28;28,12
12,13;13,28;28,34
12,13;13,29;29,12
12,13;13,29;29,34
12,13;13,30;30,12
12,13;13,30;30,34
12,13;13,31;31,12
12,13;13,31;31,34
12,13;13,32;32,12
12,13;13,32;32,34
12,14;14,15;15,12
12,14;14,15;15,34
12,14;14,16;16,12
12,14;14,16;16,34
12,14;14,17;17,12
12,14;14,17;17,34
12,14;14,18;18,12
12,14;14,18;18,34
12,14;14,19;19,12
12,14;14,19;19,34
12,14;14,20;20,12
12,14;14,20;20,34
12,14;14,21;21,12
12,14;14,21;21,34
12,14;14,22;22,12
12,14;14,22;22,34
12,14;14,24;24,12
12,14;14,24;24,34
12,14;14,25;25,12
12,14;14,25;25,34
12,14;14,26;26,12
12,14;14,26;26,34
12,14;14,27;27,12
12,14;14,27;27,34
12,14;14,28;28,12
12,14;14,28;28,34
12,14;14,29;29,12
12,14;14,29;29,34
12,14;14,30;30,12
12,14;14,30;30,34
12,14;14,31;31,12
12,14;14,31;31,34
12,15;15,16;16,12
12,15;15,16;16,34
12,15;15,17;17,12
12,15;15,17;17,34
12,15;15,18;18,12
12,15;15,18;18,34
12,15;15,19;19,12
12,15;15,19;19,34
12,15;15,20;20,12
12,15;15,20;20,34
12,15;15,21;21,12
12,15;15,21;21,34
12,15;15,22;22,12
12,15;15,22;22,34
12,15;15,24;24,12
12,15;15,24;24,34
12,15;15,25;25,12
12,15;15,25;25,34
12,15;15,26;26,12
12,15;15,26;26,34
12,15;15,27;27,12
12,15;15,27;27,34
12,15;15,28;28,12
12,15;15,28;28,34
12,15;15,29;29,12
12,15;15,29;29,34
12,15;15,30;30,12
12,15;15,30;30,34
12,16;16,17;17,12
12,16;16,17;17,34
12,16;16,18;18,12
12,16;16,18;18,34
12,16;16,19;19,12
12,16;16,19;19,34
12,16;16,20;20,12
12,16;16,20;20,34
12,16;16,21;21,12
12,16;16,21;21,34
12,16;16,22;22,12
12,16;16,22;22,34
12,16;16,24;24,12
12,16;16,24;24,34
12,16;16,25;25,12
12,16;16,25;25,34
12,16;16,26;26,12
12,16;16,26;26,34
12,16;16,27;27,12
12,16;16,27;27,34
12,16;16,28;28,12
12,16;16,28;28,34
12,16;16,29;29,12
12,16;16,29;29,34
12,17;17,18;18,12
12,17;17,18;18,34
12,17;17,19;19,12
12,17;17,19;19,34
12,17;17,20;20,12
12,17;17,20;20,34
12,17;17,21;21,12
12,17;17,21;21,34
12,17;17,22;22,12
12,17;17,22;22,34
12,17;17,24;24,12
12,17;17,24;24,34
12,17;17,25;25,12
12,17;17,25;25,34
12,17;17,26;26,12
12,17;17,26;26,34
12,17;17,27;27,12
12,17;17,27;27,34
12,17;17,28;28,12
12,17;17,28;28,34
12,18;18,19;19,12
12,18;18,19;19,34
12,18;18,20;20,12
12,18;18,20;20,34
12,18;18,21;21,12
12,18;18,21;21,34
12,18;18,22;22,12
12,18;18,22;22,34
12,18;18,24;24,12
12,18;18,24;24,34
12,18;18,25;25,12
12,18;18,25;25,34
12,18;18,26;26,12
12,18;18,26;26,34
12,18;18,27;27,12
12,18;18,27;27,34
12,19;19,20;20,12
12,19;19,20;20,34
12,19;19,21;21,12
12,19;19,21;21,34
12,19;19,22;22,12
12,19;19,22;22,34
12,19;19,24;24,12
12,19;19,24;24,34
12,19;19,25;25,12
12,19;19,25;25,34
12,19;19,26;26,12
12,19;19,26;26,34
12,20;20,21;21,12
12,20;20,21;21,34
12,20;20,22;22,12
12,20;20,22;22,34
12,20;20,24;24,12
12,20;20,24;24,34
12,20;20,25;25,12
12,20;20,25;25,34
12,21;21,22;22,12
12,21;21,22;22,34
12,21;21,24;24,12
12,21;21,24;24,34
13,14;14,15;15,13
13,14;14,15;15,33
13,14;14,16;16,13
13,14;14,16;16,33
13,14;14,17;17,13
13,14;14,17;17,33
13,14;14,18;18,13
13,14;14,18;18,33
13,14;14,19;19,13
13,14;14,19;19,33
13,14;14,20;20,13
13,14;14,20;20,33
13,14;14,21;21,13
13,14;14,21;21,33
13,14;14,22;22,13
13,14;14,22;22,33
13,14;14,24;24,13
13,14;14,24;24,33
13,14;14,25;25,13
13,14;14,25;25,33
13,14;14,26;26,13
13,14;14,26;26,33
13,14;14,27;27,13
13,14;14,27;27,33
13,14;14,28;28,13
13,14;14,28;28,33
13,14;14,29;29,13
13,14;14,29;29,33
13,14;14,30;30,13
13,14;14,30;30,33
13,14;14,31;31,13
13,14;14,31;31,33
13,15;15,16;16,13
13,15;15,16;16,33
13,15;15,17;17,13
13,15;15,17;17,33
13,15;15,18;18,13
13,15;15,18;18,33
13,15;15,19;19,13
13,15;15,19;19,33
13,15;15,20;20,13
13,15;15,20;20,33
13,15;15,21;21,13
13,15;15,21;21,33
13,15;15,22;22,13
13,15;15,22;22,33
13,15;15,24;24,13
13,15;15,24;24,33
13,15;15,25;25,13
13,15;15,25;25,33
13,15;15,26;26,13
13,15;15,26;26,33
13,15;15,27;27,13
13,15;15,27;27,33
13,15;15,28;28,13
13,15;15,28;28,33
13,15;15,29;29,13
13,15;15,29;29,33
13,15;15,30;30,13
13,15;15,30;30,33
13,16;16,17;17,13
13,16;16,17;17,33
13,16;16,18;18,13
13,16;16,18;18,33
13,16;16,19;19,13
13,16;16,19;19,33
13,16;16,20;20,13
13,16;16,20;20,33
13,16;16,21;21,13
13,16;16,21;21,33
13,16;16,22;22,13
13,16;16,22;22,33
13,16;16,24;24,13
13,16;16,24;24,33
13,16;16,25;25,13
13,16;16,25;25,33
13,16;16,26;26,13
13,16;16,26;26,33
13,16;16,27;27,13
13,16;16,27;27,33
13,16;16,28;28,13
13,16;16,28;28,33
13,16;16,29;29,13
13,16;16,29;29,33
13,17;17,18;18,13
13,17;17,18;18,33
13,17;17,19;19,13
13,17;17,19;19,33
13,17;17,20;20,13
13,17;17,20;20,33
13,17;17,21;21,13
13,17;17,21;21,33
13,17;17,22;22,13
13,17;17,22;22,33
13,17;17,24;24,13
13,17;17,24;24,33
13,17;17,25;25,13
13,17;17,25;25,33
13,17;17,26;26,13
13,17;17,26;26,33
13,17;17,27;27,13
13,17;17,27;27,33
13,17;17,28;28,13
13,17;17,28;28,33
13,18;18,19;19,13
13,18;18,19;19,33
13,18;18,20;20,13
13,18;18,20;20,33
13,18;18,21;21,13
13,18;18,21;21,33
13,18;18,22;22,13
13,18;18,22;22,33
13,18;18,24;24,13
13,18;18,24;24,33
13,18;18,25;25,13
13,18;18,25;25,33
13,18;18,26;26,13
13,18;18,26;26,33
13,18;18,27;27,13
13,18;18,27;27,33
13,19;19,20;20,13
13,19;19,20;20,33
13,19;19,21;21,13
13,19;19,21;21,33
13,19;19,22;22,13
13,19;19,22;22,33
13,19;19,24;24,13
13,19;19,24;24,33
13,19;19,25;25,13
13,19;19,25;25,33
13,19;19,26;26,13
13,19;19,26;26,33
13,20;20,21;21,13
13,20;20,21;21,33
13,20;20,22;22,13
13,20;20,22;22,33
13,20;20,24;24,13
13,20;20,24;24,33
13,20;20,25;25,13
13,20;20,25;25,33
13,21;21,22;22,13
13,21;21,22;22,33
13,21;21,24;24,13
13,21;21,24;24,33
14,15;15,16;16,14
14,15;15,16;16,32
14,15;15,17;17,14
14,15;15,17;17,32
14,15;15,18;18,14
14,15;15,18;18,32
14,15;15,19;19,14
14,15;15,19;19,32
14,15;15,20;20,14
14,15;15,20;20,32
14,15;15,21;21,14
14,15;15,21;21,32
14,15;15,22;22,14
14,15;15,22;22,32
14,15;15,24;24,14
14,15;15,24;24,32
14,15;15,25;25,14
14,15;15,25;25,32
14,15;15,26;26,14
14,15;15,26;26,32
14,15;15,27;27,14
14,15;15,27;27,32
14,15;15,28;28,14
14,15;15,28;28,32
14,15;15,29;29,14
14,15;15,29;29,32
14,15;15,30;30,14
14,15;15,30;30,32
14,16;16,17;17,14
14,16;16,17;17,32
14,16;16,18;18,14
14,16;16,18;18,32
14,16;16,19;19,14
14,16;16,19;19,32
14,16;16,20;20,14
14,16;16,20;20,32
14,16;16,21;21,14
14,16;16,21;21,32
14,16;16,22;22,14
14,16;16,22;22,32
14,16;16,24;24,14
14,16;16,24;24,32
14,16;16,25;25,14
14,16;16,25;25,32
14,16;16,26;26,14
14,16;16,26;26,32
14,16;16,27;27,14
14,16;16,27;27,32
14,16;16,28;28,14
14,16;16,28;28,32
14,16;16,29;29,14
14,16;16,29;29,32
14,17;17,18;18,14
14,17;17,18;18,32
14,17;17,19;19,14
14,17;17,19;19,32
14,17;17,20;20,14
14,17;17,20;20,32
14,17;17,21;21,14
14,17;17,21;21,32
14,17;17,22;22,14
14,17;17,22;22,32
14,17;17,24;24,14
14,17;17,24;24,32
14,17;17,25;25,14
14,17;17,25;25,32
14,17;17,26;26,14
14,17;17,26;26,32
14,17;17,27;27,14
14,17;17,27;27,32
14,17;17,28;28,14
14,17;17,28;28,32
14,18;18,19;19,14
14,18;18,19;19,32
14,18;18,20;20,14
14,18;18,20;20,32
14,18;18,21;21,14
14,18;18,21;21,32
14,18;18,22;22,14
14,18;18,22;22,32
14,18;18,24;24,14
14,18;18,24;24,32
14,18;18,25;25,14
14,18;18,25;25,32
14,18;18,26;26,14
14,18;18,26;26,32
14,18;18,27;27,14
14,18;18,27;27,32
14,19;19,20;20,14
14,19;19,20;20,32
14,19;19,21;21,14
14,19;19,21;21,32
14,19;19,22;22,14
14,19;19,22;22,32
14,19;19,24;24,14
14,19;19,24;24,32
14,19;19,25;25,14
14,19;19,25;25,32
14,19;19,26;26,14
14,19;19,26;26,32
14,20;20,21;21,14
14,20;20,21;21,32
14,20;20,22;22,14
14,20;20,22;22,32
14,20;20,24;24,14
14,20;20,24;24,32
14,20;20,25;25,14
14,20;20,25;25,32
14,21;21,22;22,14
14,21;21,22;22,32
14,21;21,24;24,14
14,21;21,24;24,32
15,16;16,17;17,15
15,16;16,17;17,31
15,16;16,18;18,15
15,16;16,18;18,31
15,16;16,19;19,15
15,16;16,19;19,31
15,16;16,20;20,15
15,16;16,20;20,31
15,16;16,21;21,15
15,16;16,21;21,31
15,16;16,22;22,15
15,16;16,22;22,31
15,16;16,24;24,15
15,16;16,24;24,31
15,16;16,25;25,15
15,16;16,25;25,31
15,16;16,26;26,15
15,16;16,26;26,31
15,16;16,27;27,15
15,16;16,27;27,31
15,16;16,28;28,15
15,16;16,28;28,31
15,16;16,29;29,15
15,16;16,29;29,31
15,17;17,18;18,15
15,17;17,18;18,31
15,17;17,19;19,15
15,17;17,19;19,31
15,17;17,20;20,15
15,17;17,20;20,31
15,17;17,21;21,15
15,17;17,21;21,31
15,17;17,22;22,15
15,17;17,22;22,31
15,17;17,24;24,15
15,17;17,24;24,31
15,17;17,25;25,15
15,17;17,25;25,31
15,17;17,26;26,15
15,17;17,26;26,31
15,17;17,27;27,15
15,17;17,27;27,31
15,17;17,28;28,15
15,17;17,28;28,31
15,18;18,19;19,15
15,18;18,19;19,31
15,18;18,20;20,15
15,18;18,20;20,31
15,18;18,21;21,15
15,18;18,21;21,31
15,18;18,22;22,15
15,18;18,22;22,31
15,18;18,24;24,15
15,18;18,24;24,31
15,18;18,25;25,15
15,18;18,25;25,31
15,18;18,26;26,15
15,18;18,26;26,31
15,18;18,27;27,15
15,18;18,27;27,31
15,19;19,20;20,15
15,19;19,20;20,31
15,19;19,21;21,15
15,19;19,21;21,31
15,19;19,22;22,15
15,19;19,22;22,31
15,19;19,24;24,15
15,19;19,24;24,31
15,19;19,25;25,15
15,19;19,25;25,31
15,19;19,26;26,15
15,19;19,26;26,31
15,20;20,21;21,15
15,20;20,21;21,31
15,20;20,22;22,15
15,20;20,22;22,31
15,20;20,24;24,15
15,20;20,24;24,31
15,20;20,25;25,15
15,20;20,25;25,31
15,21;21,22;22,15
15,21;21,22;22,31
15,21;21,24;24,15
15,21;21,24;24,31
16,17;17,18;18,16
16,17;17,18;18,30
16,17;17,19;19,16
16,17;17,19;19,30
16,17;17,20;20,16
16,17;17,20;20,30
16,17;17,21;21,16
16,17;17,21;21,30
16,17;17,22;22,16
16,17;17,22;22,30
16,17;17,24;24,16
16,17;17,24;24,30
16,17;17,25;25,16
16,17;17,25;25,30
16,17;17,26;26,16
16,17;17,26;26,30
16,17;17,27;27,16
16,17;17,27;27,30
16,17;17,28;28,16
16,17;17,28;28,30
16,18;18,19;19,16
16,18;18,19;19,30
16,18;18,20;20,16
16,18;18,20;20,30
16,18;18,21;21,16
16,18;18,21;21,30
16,18;18,22;22,16
16,18;18,22;22,30
16,18;18,24;24,16
16,18;18,24;24,30
16,18;18,25;25,16
16,18;18,25;25,30
16,18;18,26;26,16
16,18;18,26;26,30
16,18;18,27;27,16
16,18;18,27;27,30
16,19;19,20;20,16
16,19;19,20;20,30
16,19;19,21;21,16
16,19;19,21;21,30
16,19;19,22;22,16
16,19;19,22;22,30
16,19;19,24;24,16
16,19;19,24;24,30
16,19;19,25;25,16
16,19;19,25;25,30
16,19;19,26;26,16
16,19;19,26;26,30
16,20;20,21;21,16
16,20;20,21;21,30
16,20;20,22;22,16
16,20;20,22;22,30
16,20;20,24;24,16
16,20;20,24;24,30
16,20;20,25;25,16
16,20;20,25;25,30
16,21;21,22;22,16
16,21;21,22;22,30
16,21;21,24;24,16
16,21;21,24;24,30
17,18;18,19;19,17
17,18;18,19;19,29
17,18;18,20;20,17
17,18;18,20;20,29
17,18;18,21;21,17
17,18;18,21;21,29
17,18;18,22;22,17
17,18;18,22;22,29
17,18;18,24;24,17
17,18;18,24;24,29
17,18;18,25;25,17
17,18;18,25;25,29
17,18;18,26;26,17
17,18;18,26;26,29
17,18;18,27;27,17
17,18;18,27;27,29
17,19;19,20;20,17
17,19;19,20;20,29
17,19;19,21;21,17
17,19;19,21;21,29
17,19;19,22;22,17
17,19;19,22;22,29
17,19;19,24;24,17
17,19;19,24;24,29
17,19;19,25;25,17
17,19;19,25;25,29
17,19;19,26;26,17
17,19;19,26;26,29
17,20;20,21;21,17
17,20;20,21;21,29
17,20;20,22;22,17
17,20;20,22;22,29
17,20;20,24;24,17
17,20;20,24;24,29
17,20;20,25;25,17
17,20;20,25;25,29
17,21;21,22;22,17
17,21;21,22;22,29
17,21;21,24;24,17
17,21;21,24;24,29
18,19;19,20;20,18
18,19;19,20;20,28
18,19;19,21;21,18
18,19;19,21;21,28
18,19;19,22;22,18
18,19;19,22;22,28
18,19;19,24;24,18
18,19;19,24;24,28
18,19;19,25;25,18
18,19;19,25;25,28
18,19;19,26;26,18
18,19;19,26;26,28
18,20;20,21;21,18
18,20;20,21;21,28
18,20;20,22;22,18
18,20;20,22;22,28
18,20;20,24;24,18
18,20;20,24;24,28
18,20;20,25;25,18
18,20;20,25;25,28
18,21;21,22;22,18
18,21;21,22;22,28
18,21;21,24;24,18
18,21;21,24;24,28
19,20;20,21;21,19
19,20;20,21;21,27
19,20;20,22;22,19
19,20;20,22;22,27
19,20;20,24;24,19
19,20;20,24;24,27
19,20;20,25;25,19
19,20;20,25;25,27
19,21;21,22;22,19
19,21;21,22;22,27
19,21;21,24;24,19
19,21;21,24;24,27
20,21;21,22;22,20
20,21;21,22;22,26
20,21;21,24;24,20
20,21;21,24;24,26
