0,1;1,0;0,0
0,1;1,0;0,36
0,1;1,0;1,1
0,1;1,0;1,35
0,1;1,0;2,2
0,1;1,0;2,34
0,1;1,0;3,3
0,1;1,0;3,33
0,1;1,0;4,4
0,1;1,0;4,32
0,1;1,0;5,5
0,1;1,0;5,31
0,1;1,0;6,6
0,1;1,0;6,30
0,1;1,0;7,7
0,1;1,0;7,29
0,1;1,0;8,8
0,1;1,0;8,28
0,1;1,0;9,9
0,1;1,0;9,27
0,1;1,0;10,10
0,1;1,0;10,26
0,1;1,0;11,11
0,1;1,0;11,25
0,1;1,0;12,12
0,1;1,0;12,24
0,1;1,0;13,13
0,1;1,0;13,23
0,1;1,0;14,14
0,1;1,0;14,22
0,1;1,0;15,15
0,1;1,0;15,21
0,1;1,0;16,16
0,1;1,0;16,20
0,1;1,0;17,17
0,1;1,0;17,19
0,2;2,0;0,0
0,2;2,0;0,36
0,2;2,0;1,1
0,2;2,0;1,35
0,2;2,0;2,2
0,2;2,0;2,34
0,2;2,0;3,3
0,2;2,0;3,33
0,2;2,0;4,4
0,2;2,0;4,32
0,2;2,0;5,5
0,2;2,0;5,31
0,2;2,0;6,6
0,2;2,0;6,30
0,2;2,0;7,7
0,2;2,0;7,29
0,2;2,0;8,8
0,2;2,0;8,28
0,2;2,0;9,9
0,2;2,0;9,27
0,2;2,0;10,10
0,2;2,0;10,26
0,2;2,0;11,11
0,2;2,0;11,25
0,2;2,0;12,12
0,2;2,0;12,24
0,2;2,0;13,13
0,2;2,0;13,23
0,2;2,0;14,14
0,2;2,0;14,22
0,2;2,0;15,15
0,2;2,0;15,21
0,2;2,0;16,16
0,2;2,0;16,20
0,2;2,0;17,17
0,2;2,0;17,19
0,3;3,0;0,0
0,3;3,0;0,36
0,3;3,0;1,1
0,3;3,0;1,35
0,3;3,0;2,2
0,3;3,0;2,34
0,3;3,0;3,3
0,3;3,0;3,33
0,3;3,0;4,4
0,3;3,0;4,32
0,3;3,0;5,5
0,3;3,0;5,31
0,3;3,0;6,6
0,3;3,0;6,30
0,3;3,0;7,7
0,3;3,0;7,29
0,3;3,0;8,8
0,3;3,0;8,28
0,3;3,0;9,9
0,3;3,0;9,27
0,3;3,0;10,10
0,3;3,0;10,26
0,3;3,0;11,11
0,3;3,0;11,25
0,3;3,0;12,12
0,3;3,0;12,24
0,3;3,0;13,13
0,3;3,0;13,23
0,3;3,0;14,14
0,3;3,0;14,22
0,3;3,0;15,15
0,3;3,0;15,21
0,3;3,0;16,16
0,3;3,0;16,20
0,3;3,0;17,17
0,3;3,0;17,19
0,4;4,0;0,0
0,4;4,0;0,36
0,4;4,0;1,1
0,4;4,0;1,35
0,4;4,0;2,2
0,4;4,0;2,34
0,4;4,0;3,3
0,4;4,0;3,33
0,4;4,0;4,4
0,4;4,0;4,32
0,4;4,0;5,5
0,4;4,0;5,31
0,4;4,0;6,6
0,4;4,0;6,30
0,4;4,0;7,7
0,4;4,0;7,29
0,4;4,0;8,8
0,4;4,0;8,28
0,4;4,0;9,9
0,4;4,0;9,27
0,4;4,0;10,10
0,4;4,0;10,26
0,4;4,0;11,11
0,4;4,0;11,25
0,4;4,0;12,12
0,4;4,0;12,24
0,4;4,0;13,13
0,4;4,0;13,23
0,4;4,0;14,14
0,4;4,0;14,22
0,4;4,0;15,15
0,4;4,0;15,21
0,4;4,0;16,16
0,4;4,0;16,20
0,4;4,0;17,17
0,4;4,0;17,19
0,5;5,0;0,0
0,5;5,0;0,36
0,5;5,0;1,1
0,5;5,0;1,35
0,5;5,0;2,2
0,5;5,0;2,34
0,5;5,0;3,3
0,5;5,0;3,33
0,5;5,0;4,4
0,5;5,0;4,32
0,5;5,0;5,5
0,5;5,0;5,31
0,5;5,0;6,6
0,5;5,0;6,30
0,5;5,0;7,7
0,5;5,0;7,29
0,5;5,0;8,8
0,5;5,0;8,28
0,5;5,0;9,9
0,5;5,0;9,27
0,5;5,0;10,10
0,5;5,0;10,26
0,5;5,0;11,11
0,5;5,0;11,25
0,5;5,0;12,12
0,5;5,0;12,24
0,5;5,0;13,13
0,5;5,0;13,23
0,5;5,0;14,14
0,5;5,0;14,22
0,5;5,0;15,15
0,5;5,0;15,21
0,5;5,0;16,16
0,5;5,0;16,20
0,5;5,0;17,17
0,5;5,0;17,19
0,6;6,0;0,0
0,6;6,0;0,36
0,6;6,0;1,1
0,6;6,0;1,35
0,6;6,0;2,2
0,6;6,0;2,34
0,6;6,0;3,3
0,6;6,0;3,33
0,6;6,0;4,4
0,6;6,0;4,32
0,6;6,0;5,5
0,6;6,0;5,31
0,6;6,0;6,6
0,6;6,0;6,30
0,6;6,0;7,7
0,6;6,0;7,29
0,6;6,0;8,8
0,6;6,0;8,28
0,6;6,0;9,9
0,6;6,0;9,27
0,6;6,0;10,10
0,6;6,0;10,26
0,6;6,0;11,11
0,6;6,0;11,25
0,6;6,0;12,12
0,6;6,0;12,24
0,6;6,0;13,13
0,6;6,0;13,23
0,6;6,0;14,14
0,6;6,0;14,22
0,6;6,0;15,15
0,6;6,0;15,21
0,6;6,0;16,16
0,6;6,0;16,20
0,6;6,0;17,17
0,6;6,0;17,19
0,7;7,0;0,0
0,7;7,0;0,36
0,7;7,0;1,1
0,7;7,0;1,35
0,7;7,0;2,2
0,7;7,0;2,34
0,7;7,0;3,3
0,7;7,0;3,33
0,7;7,0;4,4
0,7;7,0;4,32
0,7;7,0;5,5
0,7;7,0;5,31
0,7;7,0;6,6
0,7;7,0;6,30
0,7;7,0;7,7
0,7;7,0;7,29
0,7;7,0;8,8
0,7;7,0;8,28
0,7;7,0;9,9
0,7;7,0;9,27
0,7;7,0;10,10
0,7;7,0;10,26
0,7;7,0;11,11
0,7;7,0;11,25
0,7;7,0;12,12
0,7;7,0;12,24
0,7;7,0;13,13
0,7;7,0;13,23
0,7;7,0;14,14
0,7;7,0;14,22
0,7;7,0;15,15
0,7;7,0;15,21
0,7;7,0;16,16
0,7;7,0;16,20
0,7;7,0;17,17
0,7;7,0;17,19
0,8;8,0;0,0
0,8;8,0;0,36
0,8;8,0;1,1
0,8;8,0;1,35
0,8;8,0;2,2
0,8;8,0;2,34
0,8;8,0;3,3
0,8;8,0;3,33
0,8;8,0;4,4
0,8;8,0;4,32
0,8;8,0;5,5
0,8;8,0;5,31
0,8;8,0;6,6
0,8;8,0;6,30
0,8;8,0;7,7
0,8;8,0;7,29
0,8;8,0;8,8
0,8;8,0;8,28
0,8;8,0;9,9
0,8;8,0;9,27
0,8;8,0;10,10
0,8;8,0;10,26
0,8;8,0;11,11
0,8;8,0;11,25
0,8;8,0;12,12
0,8;8,0;12,24
0,8;8,0;13,13
0,8;8,0;13,23
0,8;8,0;14,14
0,8;8,0;14,22
0,8;8,0;15,15
0,8;8,0;15,21
0,8;8,0;16,16
0,8;8,0;16,20
0,8;8,0;17,17
0,8;8,0;17,19
0,9;9,0;0,0
0,9;9,0;0,36
0,9;9,0;1,1
0,9;9,0;1,35
0,9;9,0;2,2
0,9;9,0;2,34
0,9;9,0;3,3
0,9;9,0;3,33
0,9;9,0;4,4
0,9;9,0;4,32
0,9;9,0;5,5
0,9;9,0;5,31
0,9;9,0;6,6
0,9;9,0;6,30
0,9;9,0;7,7
0,9;9,0;7,29
0,9;9,0;8,8
0,9;9,0;8,28
0,9;9,0;9,9
0,9;9,0;9,27
0,9;9,0;10,10
0,9;9,0;10,26
0,9;9,0;11,11
0,9;9,0;11,25
0,9;9,0;12,12
0,9;9,0;12,24
0,9;9,0;13,13
0,9;9,0;13,23
0,9;9,0;14,14
0,9;9,0;14,22
0,9;9,0;15,15
0,9;9,0;15,21
0,9;9,0;16,16
0,9;9,0;16,20
0,9;9,0;17,17
0,9;9,0;17,19
0,10;10,0;0,0
0,10;10,0;0,36
0,10;10,0;1,1
0,10;10,0;1,35
0,10;10,0;2,2
0,10;10,0;2,34
0,10;10,0;3,3
0,10;10,0;3,33
0,10;10,0;4,4
0,10;10,0;4,32
0,10;10,0;5,5
0,10;10,0;5,31
0,10;10,0;6,6
0,10;10,0;6,30
0,10;10,0;7,7
0,10;10,0;7,29
0,10;10,0;8,8
0,10;10,0;8,28
0,10;10,0;9,9
0,10;10,0;9,27
0,10;10,0;10,10
0,10;10,0;10,26
0,10;10,0;11,11
0,10;10,0;11,25
0,10;10,0;12,12
0,10;10,0;12,24
0,10;10,0;13,13
0,10;10,0;13,23
0,10;10,0;14,14
0,10;10,0;14,22
0,10;10,0;15,15
0,10;10,0;15,21
0,10;10,0;16,16
0,10;10,0;16,20
0,10;10,0;17,17
0,10;10,0;17,19
0,11;11,0;0,0
0,11;11,0;0,36
0,11;11,0;1,1
0,11;11,0;1,35
0,11;11,0;2,2
0,11;11,0;2,34
0,11;11,0;3,3
0,11;11,0;3,33
0,11;11,0;4,4
0,11;11,0;4,32
0,11;11,0;5,5
0,11;11,0;5,31
0,11;11,0;6,6
0,11;11,0;6,30
0,11;11,0;7,7
0,11;11,0;7,29
0,11;11,0;8,8
0,11;11,0;8,28
0,11;11,0;9,9
0,11;11,0;9,27
0,11;11,0;10,10
0,11;11,0;10,26
0,11;11,0;11,11
0,11;11,0;11,25
0,11;11,0;12,12
0,11;11,0;12,24
0,11;11,0;13,13
0,11;11,0;13,23
0,11;11,0;14,14
0,11;11,0;14,22
0,11;11,0;15,15
0,11;11,0;15,21
0,11;11,0;16,16
0,11;11,0;16,20
0,11;11,0;17,17
0,11;11,0;17,19
0,12;12,0;0,0
0,12;12,0;0,36
0,12;12,0;1,1
0,12;12,0;1,35
0,12;12,0;2,2
0,12;12,0;2,34
0,12;12,0;3,3
0,12;12,0;3,33
0,12;12,0;4,4
0,12;12,0;4,32
0,12;12,0;5,5
0,12;12,0;5,31
0,12;12,0;6,6
0,12;12,0;6,30
0,12;12,0;7,7
0,12;12,0;7,29
0,12;12,0;8,8
0,12;12,0;8,28
0,12;12,0;9,9
0,12;12,0;9,27
0,12;12,0;10,10
0,12;12,0;10,26
0,12;12,0;11,11
0,12;12,0;11,25
0,12;12,0;12,12
0,12;12,0;12,24
0,12;12,0;13,13
0,12;12,0;13,23
0,12;12,0;14,14
0,12;12,0;14,22
0,12;12,0;15,15
0,12;12,0;15,21
0,12;12,0;16,16
0,12;12,0;16,20
0,12;12,0;17,17
0,12;12,0;17,19
0,13;13,0;0,0
0,13;13,0;0,36
0,13;13,0;1,1
0,13;13,0;1,35
0,13;13,0;2,2
0,13;13,0;2,34
0,13;13,0;3,3
0,13;13,0;3,33
0,13;13,0;4,4
0,13;13,0;4,32
0,13;13,0;5,5
0,13;13,0;5,31
0,13;13,0;6,6
0,13;13,0;6,30
0,13;13,0;7,7
0,13;13,0;7,29
0,13;13,0;8,8
0,13;13,0;8,28
0,13;13,0;9,9
0,13;13,0;9,27
0,13;13,0;10,10
0,13;13,0;10,26
0,13;13,0;11,11
0,13;13,0;11,25
0,13;13,0;12,12
0,13;13,0;12,24
0,13;13,0;13,13
0,13;13,0;13,23
0,13;13,0;14,14
0,13;13,0;14,22
0,13;13,0;15,15
0,13;13,0;15,21
0,13;13,0;16,16
0,13;13,0;16,20
0,13;13,0;17,17
0,13;13,0;17,19
0,14;14,0;0,0
0,14;14,0;0,36
0,14;14,0;1,1
0,14;14,0;1,35
0,14;14,0;2,2
0,14;14,0;2,34
0,14;14,0;3,3
0,14;14,0;3,33
0,14;14,0;4,4
0,14;14,0;4,32
0,14;14,0;5,5
0,14;14,0;5,31
0,14;14,0;6,6
0,14;14,0;6,30
0,14;14,0;7,7
0,14;14,0;7,29
0,14;14,0;8,8
0,14;14,0;8,28
0,14;14,0;9,9
0,14;14,0;9,27
0,14;14,0;10,10
0,14;14,0;10,26
0,14;14,0;11,11
0,14;14,0;11,25
0,14;14,0;12,12
0,14;14,0;12,24
0,14;14,0;13,13
0,14;14,0;13,23
0,14;14,0;14,14
0,14;14,0;14,22
0,14;14,0;15,15
0,14;14,0;15,21
0,14;14,0;16,16
0,14;14,0;16,20
0,14;14,0;17,17
0,14;14,0;17,19
0,15;15,0;0,0
0,15;15,0;0,36
0,15;15,0;1,1
0,15;15,0;1,35
0,15;15,0;2,2
0,15;15,0;2,34
0,15;15,0;3,3
0,15;15,0;3,33
0,15;15,0;4,4
0,15;15,0;4,32
0,15;15,0;5,5
0,15;15,0;5,31
0,15;15,0;6,6
0,15;15,0;6,30
0,15;15,0;7,7
0,15;15,0;7,29
0,15;15,0;8,8
0,15;15,0;8,28
0,15;15,0;9,9
0,15;15,0;9,27
0,15;15,0;10,10
0,15;15,0;10,26
0,15;15,0;11,11
0,15;15,0;11,25
0,15;15,0;12,12
0,15;15,0;12,24
0,15;15,0;13,13
0,15;15,0;13,23
0,15;15,0;14,14
0,15;15,0;14,22
0,15;15,0;15,15
0,15;15,0;15,21
0,15;15,0;16,16
0,15;15,0;16,20
0,15;15,0;17,17
0,15;15,0;17,19
0,16;16,0;0,0
0,16;16,0;0,36
0,16;16,0;1,1
0,16;16,0;1,35
0,16;16,0;2,2
0,16;16,0;2,34
0,16;16,0;3,3
0,16;16,0;3,33
0,16;16,0;4,4
0,16;16,0;4,32
0,16;16,0;5,5
0,16;16,0;5,31
0,16;16,0;6,6
0,16;16,0;6,30
0,16;16,0;7,7
0,16;16,0;7,29
0,16;16,0;8,8
0,16;16,0;8,28
0,16;16,0;9,9
0,16;16,0;9,27
0,16;16,0;10,10
0,16;16,0;10,26
0,16;16,0;11,11
0,16;16,0;11,25
0,16;16,0;12,12
0,16;16,0;12,24
0,16;16,0;13,13
0,16;16,0;13,23
0,16;16,0;14,14
0,16;16,0;14,22
0,16;16,0;15,15
0,16;16,0;15,21
0,16;16,0;16,16
0,16;16,0;16,20
0,16;16,0;17,17
0,16;16,0;17,19
0,17;17,0;0,0
0,17;17,0;0,36
0,17;17,0;1,1
0,17;17,0;1,35
0,17;17,0;2,2
0,17;17,0;2,34
0,17;17,0;3,3
0,17;17,0;3,33
0,17;17,0;4,4
0,17;17,0;4,32
0,17;17,0;5,5
0,17;17,0;5,31
0,17;17,0;6,6
0,17;17,0;6,30
0,17;17,0;7,7
0,17;17,0;7,29
0,17;17,0;8,8
0,17;17,0;8,28
0,17;17,0;9,9
0,17;17,0;9,27
0,17;17,0;10,10
0,17;17,0;10,26
0,17;17,0;11,11
0,17;17,0;11,25
0,17;17,0;12,12
0,17;17,0;12,24
0,17;17,0;13,13
0,17;17,0;13,23
0,17;17,0;14,14
0,17;17,0;14,22
0,17;17,0;15,15
0,17;17,0;15,21
0,17;17,0;16,16
0,17;17,0;16,20
0,17;17,0;17,17
0,17;17,0;17,19
1,2;2,1;0,0
1,2;2,1;0,36
1,2;2,1;1,1
1,2;2,1;1,35
1,2;2,1;2,2
1,2;2,1;2,34
1,2;2,1;3,3
1,2;2,1;3,33
1,2;2,1;4,4
1,2;2,1;4,32
1,2;2,1;5,5
1,2;2,1;5,31
1,2;2,1;6,6
1,2;2,1;6,30
1,2;2,1;7,7
1,2;2,1;7,29
1,2;2,1;8,8
1,2;2,1;8,28
1,2;2,1;9,9
1,2;2,1;9,27
1,2;2,1;10,10
1,2;2,1;10,26
1,2;2,1;11,11
1,2;2,1;11,25
1,2;2,1;12,12
1,2;2,1;12,24
1,2;2,1;13,13
1,2;2,1;13,23
1,2;2,1;14,14
1,2;2,1;14,22
1,2;2,1;15,15
1,2;2,1;15,21
1,2;2,1;16,16
1,2;2,1;16,20
1,2;2,1;17,17
1,2;2,1;17,19
1,3;3,1;0,0
1,3;3,1;0,36
1,3;3,1;1,1
1,3;3,1;1,35
1,3;3,1;2,2
1,3;3,1;2,34
1,3;3,1;3,3
1,3;3,1;3,33
1,3;3,1;4,4
1,3;3,1;4,32
1,3;3,1;5,5
1,3;3,1;5,31
1,3;3,1;6,6
1,3;3,1;6,30
1,3;3,1;7,7
1,3;3,1;7,29
1,3;3,1;8,8
1,3;3,1;8,28
1,3;3,1;9,9
1,3;3,1;9,27
1,3;3,1;10,10
1,3;3,1;10,26
1,3;3,1;11,11
1,3;3,1;11,25
1,3;3,1;12,12
1,3;3,1;12,24
1,3;3,1;13,13
1,3;3,1;13,23
1,3;3,1;14,14
1,3;3,1;14,22
1,3;3,1;15,15
1,3;3,1;15,21
1,3;3,1;16,16
1,3;3,1;16,20
1,3;3,1;17,17
1,3;3,1;17,19
1,4;4,1;0,0
1,4;4,1;0,36
1,4;4,1;1,1
1,4;4,1;1,35
1,4;4,1;2,2
1,4;4,1;2,34
1,4;4,1;3,3
1,4;4,1;3,33
1,4;4,1;4,4
1,4;4,1;4,32
1,4;4,1;5,5
1,4;4,1;5,31
1,4;4,1;6,6
1,4;4,1;6,30
1,4;4,1;7,7
1,4;4,1;7,29
1,4;4,1;8,8
1,4;4,1;8,28
1,4;4,1;9,9
1,4;4,1;9,27
1,4;4,1;10,10
1,4;4,1;10,26
1,4;4,1;11,11
1,4;4,1;11,25
1,4;4,1;12,12
1,4;4,1;12,24
1,4;4,1;13,13
1,4;4,1;13,23
1,4;4,1;14,14
1,4;4,1;14,22
1,4;4,1;15,15
1,4;4,1;15,21
1,4;4,1;16,16
1,4;4,1;16,20
1,4;4,1;17,17
1,4;4,1;17,19
1,5;5,1;0,0
1,5;5,1;0,36
1,5;5,1;1,1
1,5;5,1;1,35
1,5;5,1;2,2
1,5;5,1;2,34
1,5;5,1;3,3
1,5;5,1;3,33
1,5;5,1;4,4
1,5;5,1;4,32
1,5;5,1;5,5
1,5;5,1;5,31
1,5;5,1;6,6
1,5;5,1;6,30
1,5;5,1;7,7
1,5;5,1;7,29
1,5;5,1;8,8
1,5;5,1;8,28
1,5;5,1;9,9
1,5;5,1;9,27
1,5;5,1;10,10
1,5;5,1;10,26
1,5;5,1;11,11
1,5;5,1;11,25
1,5;5,1;12,12
1,5;5,1;12,24
1,5;5,1;13,13
1,5;5,1;13,23
1,5;5,1;14,14
1,5;5,1;14,22
1,5;5,1;15,15
1,5;5,1;15,21
1,5;5,1;16,16
1,5;5,1;16,20
1,5;5,1;17,17
1,5;5,1;17,19
1,6;6,1;0,0
1,6;6,1;0,36
1,6;6,1;1,1
1,6;6,1;1,35
1,6;6,1;2,2
1,6;6,1;2,34
1,6;6,1;3,3
1,6;6,1;3,33
1,6;6,1;4,4
1,6;6,1;4,32
1,6;6,1;5,5
1,6;6,1;5,31
1,6;6,1;6,6
1,6;6,1;6,30
1,6;6,1;7,7
1,6;6,1;7,29
1,6;6,1;8,8
1,6;6,1;8,28
1,6;6,1;9,9
1,6;6,1;9,27
1,6;6,1;10,10
1,6;6,1;10,26
1,6;6,1;11,11
1,6;6,1;11,25
1,6;6,1;12,12
1,6;6,1;12,24
1,6;6,1;13,13
1,6;6,1;13,23
1,6;6,1;14,14
1,6;6,1;14,22
1,6;6,1;15,15
1,6;6,1;15,21
1,6;6,1;16,16
1,6;6,1;16,20
1,6;6,1;17,17
1,6;6,1;17,19
1,7;7,1;0,0
1,7;7,1;0,36
1,7;7,1;1,1
1,7;7,1;1,35
1,7;7,1;2,2
1,7;7,1;2,34
1,7;7,1;3,3
1,7;7,1;3,33
1,7;7,1;4,4
1,7;7,1;4,32
1,7;7,1;5,5
1,7;7,1;5,31
1,7;7,1;6,6
1,7;7,1;6,30
1,7;7,1;7,7
1,7;7,1;7,29
1,7;7,1;8,8
1,7;7,1;8,28
1,7;7,1;9,9
1,7;7,1;9,27
1,7;7,1;10,10
1,7;7,1;10,26
1,7;7,1;11,11
1,7;7,1;11,25
1,7;7,1;12,12
1,7;7,1;12,24
1,7;7,1;13,13
1,7;7,1;13,23
1,7;7,1;14,14
1,7;7,1;14,22
1,7;7,1;15,15
1,7;7,1;15,21
1,7;7,1;16,16
1,7;7,1;16,20
1,7;7,1;17,17
1,7;7,1;17,19
1,8;8,1;0,0
1,8;8,1;0,36
1,8;8,1;1,1
1,8;8,1;1,35
1,8;8,1;2,2
1,8;8,1;2,34
1,8;8,1;3,3
1,8;8,1;3,33
1,8;8,1;4,4
1,8;8,1;4,32
1,8;8,1;5,5
1,8;8,1;5,31
1,8;8,1;6,6
1,8;8,1;6,30
1,8;8,1;7,7
1,8;8,1;7,29
1,8;8,1;8,8
1,8;8,1;8,28
1,8;8,1;9,9
1,8;8,1;9,27
1,8;8,1;10,10
1,8;8,1;10,26
1,8;8,1;11,11
1,8;8,1;11,25
1,8;8,1;12,12
1,8;8,1;12,24
1,8;8,1;13,13
1,8;8,1;13,23
1,8;8,1;14,14
1,8;8,1;14,22
1,8;8,1;15,15
1,8;8,1;15,21
1,8;8,1;16,16
1,8;8,1;16,20
1,8;8,1;17,17
1,8;8,1;17,19
1,9;9,1;0,0
1,9;9,1;0,36
1,9;9,1;1,1
1,9;9,1;1,35
1,9;9,1;2,2
1,9;9,1;2,34
1,9;9,1;3,3
1,9;9,1;3,33
1,9;9,1;4,4
1,9;9,1;4,32
1,9;9,1;5,5
1,9;9,1;5,31
1,9;9,1;6,6
1,9;9,1;6,30
1,9;9,1;7,7
1,9;9,1;7,29
1,9;9,1;8,8
1,9;9,1;8,28
1,9;9,1;9,9
1,9;9,1;9,27
1,9;9,1;10,10
1,9;9,1;10,26
1,9;9,1;11,11
1,9;9,1;11,25
1,9;9,1;12,12
1,9;9,1;12,24
1,9;9,1;13,13
1,9;9,1;13,23
1,9;9,1;14,14
1,9;9,1;14,22
1,9;9,1;15,15
1,9;9,1;15,21
1,9;9,1;16,16
1,9;9,1;16,20
1,9;9,1;17,17
1,9;9,1;17,19
1,10;10,1;0,0
1,10;10,1;0,36
1,10;10,1;1,1
1,10;10,1;1,35
1,10;10,1;2,2
1,10;10,1;2,34
1,10;10,1;3,3
1,10;10,1;3,33
1,10;10,1;4,4
1,10;10,1;4,32
1,10;10,1;5,5
1,10;10,1;5,31
1,10;10,1;6,6
1,10;10,1;6,30
1,10;10,1;7,7
1,10;10,1;7,29
1,10;10,1;8,8
1,10;10,1;8,28
1,10;10,1;9,9
1,10;10,1;9,27
1,10;10,1;10,10
1,10;10,1;10,26
1,10;10,1;11,11
1,10;10,1;11,25
1,10;10,1;12,12
1,10;10,1;12,24
1,10;10,1;13,13
1,10;10,1;13,23
1,10;10,1;14,14
1,10;10,1;14,22
1,10;10,1;15,15
1,10;10,1;15,21
1,10;10,1;16,16
1,10;10,1;16,20
1,10;10,1;17,17
1,10;10,1;17,19
1,11;11,1;0,0
1,11;11,1;0,36
1,11;11,1;1,1
1,11;11,1;1,35
1,11;11,1;2,2
1,11;11,1;2,34
1,11;11,1;3,3
1,11;11,1;3,33
1,11;11,1;4,4
1,11;11,1;4,32
1,11;11,1;5,5
1,11;11,1;5,31
1,11;11,1;6,6
1,11;11,1;6,30
1,11;11,1;7,7
1,11;11,1;7,29
1,11;11,1;8,8
1,11;11,1;8,28
1,11;11,1;9,9
1,11;11,1;9,27
1,11;11,1;10,10
1,11;11,1;10,26
1,11;11,1;11,11
1,11;11,1;11,25
1,11;11,1;12,12
1,11;11,1;12,24
1,11;11,1;13,13
1,11;11,1;13,23
1,11;11,1;14,14
1,11;11,1;14,22
1,11;11,1;15,15
1,11;11,1;15,21
1,11;11,1;16,16
1,11;11,1;16,20
1,11;11,1;17,17
1,11;11,1;17,19
1,12;12,1;0,0
1,12;12,1;0,36
1,12;12,1;1,1
1,12;12,1;1,35
1,12;12,1;2,2
1,12;12,1;2,34
1,12;12,1;3,3
1,12;12,1;3,33
1,12;12,1;4,4
1,12;12,1;4,32
1,12;12,1;5,5
1,12;12,1;5,31
1,12;12,1;6,6
1,12;12,1;6,30
1,12;12,1;7,7
1,12;12,1;7,29
1,12;12,1;8,8
1,12;12,1;8,28
1,12;12,1;9,9
1,12;12,1;9,27
1,12;12,1;10,10
1,12;12,1;10,26
1,12;12,1;11,11
1,12;12,1;11,25
1,12;12,1;12,12
1,12;12,1;12,24
1,12;12,1;13,13
1,12;12,1;13,23
1,12;12,1;14,14
1,12;12,1;14,22
1,12;12,1;15,15
1,12;12,1;15,21
1,12;12,1;16,16
1,12;12,1;16,20
1,12;12,1;17,17
1,12;12,1;17,19
1,13;13,1;0,0
1,13;13,1;0,36
1,13;13,1;1,1
1,13;13,1;1,35
1,13;13,1;2,2
1,13;13,1;2,34
1,13;13,1;3,3
1,13;13,1;3,33
1,13;13,1;4,4
1,13;13,1;4,32
1,13;13,1;5,5
1,13;13,1;5,31
1,13;13,1;6,6
1,13;13,1;6,30
1,13;13,1;7,7
1,13;13,1;7,29
1,13;13,1;8,8
1,13;13,1;8,28
1,13;13,1;9,9
1,13;13,1;9,27
1,13;13,1;10,10
1,13;13,1;10,26
1,13;13,1;11,11
1,13;13,1;11,25
1,13;13,1;12,12
1,13;13,1;12,24
1,13;13,1;13,13
1,13;13,1;13,23
1,13;13,1;14,14
1,13;13,1;14,22
1,13;13,1;15,15
1,13;13,1;15,21
1,13;13,1;16,16
1,13;13,1;16,20
1,13;13,1;17,17
1,13;13,1;17,19
1,14;14,1;0,0
1,14;14,1;0,36
1,14;14,1;1,1
1,14;14,1;1,35
1,14;14,1;2,2
1,14;14,1;2,34
1,14;14,1;3,3
1,14;14,1;3,33
1,14;14,1;4,4
1,14;14,1;4,32
1,14;14,1;5,5
1,14;14,1;5,31
1,14;14,1;6,6
1,14;14,1;6,30
1,14;14,1;7,7
1,14;14,1;7,29
1,14;14,1;8,8
1,14;14,1;8,28
1,14;14,1;9,9
1,14;14,1;9,27
1,14;14,1;10,10
1,14;14,1;10,26
1,14;14,1;11,11
1,14;14,1;11,25
1,14;14,1;12,12
1,14;14,1;12,24
1,14;14,1;13,13
1,14;14,1;13,23
1,14;14,1;14,14
1,14;14,1;14,22
1,14;14,1;15,15
1,14;14,1;15,21
1,14;14,1;16,16
1,14;14,1;16,20
1,14;14,1;17,17
1,14;14,1;17,19
1,15;15,1;0,0
1,15;15,1;0,36
1,15;15,1;1,1
1,15;15,1;1,35
1,15;15,1;2,2
1,15;15,1;2,34
1,15;15,1;3,3
1,15;15,1;3,33
1,15;15,1;4,4
1,15;15,1;4,32
1,15;15,1;5,5
1,15;15,1;5,31
1,15;15,1;6,6
1,15;15,1;6,30
1,15;15,1;7,7
1,15;15,1;7,29
1,15;15,1;8,8
1,15;15,1;8,28
1,15;15,1;9,9
1,15;15,1;9,27
1,15;15,1;10,10
1,15;15,1;10,26
1,15;15,1;11,11
1,15;15,1;11,25
1,15;15,1;12,12
1,15;15,1;12,24
1,15;15,1;13,13
1,15;15,1;13,23
1,15;15,1;14,14
1,15;15,1;14,22
1,15;15,1;15,15
1,15;15,1;15,21
1,15;15,1;16,16
1,15;15,1;16,20
1,15;15,1;17,17
1,15;15,1;17,19
1,16;16,1;0,0
1,16;16,1;0,36
1,16;16,1;1,1
1,16;16,1;1,35
1,16;16,1;2,2
1,16;16,1;2,34
1,16;16,1;3,3
1,16;16,1;3,33
1,16;16,1;4,4
1,16;16,1;4,32
1,16;16,1;5,5
1,16;16,1;5,31
1,16;16,1;6,6
1,16;16,1;6,30
1,16;16,1;7,7
1,16;16,1;7,29
1,16;16,1;8,8
1,16;16,1;8,28
1,16;16,1;9,9
1,16;16,1;9,27
1,16;16,1;10,10
1,16;16,1;10,26
1,16;16,1;11,11
1,16;16,1;11,25
1,16;16,1;12,12
1,16;16,1;12,24
1,16;16,1;13,13
1,16;16,1;13,23
1,16;16,1;14,14
1,16;16,1;14,22
1,16;16,1;15,15
1,16;16,1;15,21
1,16;16,1;16,16
1,16;16,1;16,20
1,16;16,1;17,17
1,16;16,1;17,19
1,17;17,1;0,0
1,17;17,1;0,36
1,17;17,1;1,1
1,17;17,1;1,35
1,17;17,1;2,2
1,17;17,1;2,34
1,17;17,1;3,3
1,17;17,1;3,33
1,17;17,1;4,4
1,17;17,1;4,32
1,17;17,1;5,5
1,17;17,1;5,31
1,17;17,1;6,6
1,17;17,1;6,30
1,17;17,1;7,7
1,17;17,1;7,29
1,17;17,1;8,8
1,17;17,1;8,28
1,17;17,1;9,9
1,17;17,1;9,27
1,17;17,1;10,10
1,17;17,1;10,26
1,17;17,1;11,11
1,17;17,1;11,25
1,17;17,1;12,12
1,17;17,1;12,24
1,17;17,1;13,13
1,17;17,1;13,23
1,17;17,1;14,14
1,17;17,1;14,22
1,17;17,1;15,15
1,17;17,1;15,21
1,17;17,1;16,16
1,17;17,1;16,20
1,17;17,1;17,17
1,17;17,1;17,19
2,3;3,2;0,0
2,3;3,2;0,36
2,3;3,2;1,1
2,3;3,2;1,35
2,3;3,2;2,2
2,3;3,2;2,34
2,3;3,2;3,3
2,3;3,2;3,33
2,3;3,2;4,4
2,3;3,2;4,32
2,3;3,2;5,5
2,3;3,2;5,31
2,3;3,2;6,6
2,3;3,2;6,30
2,3;3,2;7,7
2,3;3,2;7,29
2,3;3,2;8,8
2,3;3,2;8,28
2,3;3,2;9,9
2,3;3,2;9,27
2,3;3,2;10,10
2,3;3,2;10,26
2,3;3,2;11,11
2,3;3,2;11,25
2,3;3,2;12,12
2,3;3,2;12,24
2,3;3,2;13,13
2,3;3,2;13,23
2,3;3,2;14,14
2,3;3,2;14,22
2,3;3,2;15,15
2,3;3,2;15,21
2,3;3,2;16,16
2,3;3,2;16,20
2,3;3,2;17,17
2,3;3,2;17,19
2,4;4,2;0,0
2,4;4,2;0,36
2,4;4,2;1,1
2,4;4,2;1,35
2,4;4,2;2,2
2,4;4,2;2,34
2,4;4,2;3,3
2,4;4,2;3,33
2,4;4,2;4,4
2,4;4,2;4,32
2,4;4,2;5,5
2,4;4,2;5,31
2,4;4,2;6,6
2,4;4,2;6,30
2,4;4,2;7,7
2,4;4,2;7,29
2,4;4,2;8,8
2,4;4,2;8,28
2,4;4,2;9,9
2,4;4,2;9,27
2,4;4,2;10,10
2,4;4,2;10,26
2,4;4,2;11,11
2,4;4,2;11,25
2,4;4,2;12,12
2,4;4,2;12,24
2,4;4,2;13,13
2,4;4,2;13,23
2,4;4,2;14,14
2,4;4,2;14,22
2,4;4,2;15,15
2,4;4,2;15,21
2,4;4,2;16,16
2,4;4,2;16,20
2,4;4,2;17,17
2,4;4,2;17,19
2,5;5,2;0,0
2,5;5,2;0,36
2,5;5,2;1,1
2,5;5,2;1,35
2,5;5,2;2,2
2,5;5,2;2,34
2,5;5,2;3,3
2,5;5,2;3,33
2,5;5,2;4,4
2,5;5,2;4,32
2,5;5,2;5,5
2,5;5,2;5,31
2,5;5,2;6,6
2,5;5,2;6,30
2,5;5,2;7,7
2,5;5,2;7,29
2,5;5,2;8,8
2,5;5,2;8,28
2,5;5,2;9,9
2,5;5,2;9,27
2,5;5,2;10,10
2,5;5,2;10,26
2,5;5,2;11,11
2,5;5,2;11,25
2,5;5,2;12,12
2,5;5,2;12,24
2,5;5,2;13,13
2,5;5,2;13,23
2,5;5,2;14,14
2,5;5,2;14,22
2,5;5,2;15,15
2,5;5,2;15,21
2,5;5,2;16,16
2,5;5,2;16,20
2,5;5,2;17,17
2,5;5,2;17,19
2,6;6,2;0,0
2,6;6,2;0,36
2,6;6,2;1,1
2,6;6,2;1,35
2,6;6,2;2,2
2,6;6,2;2,34
2,6;6,2;3,3
2,6;6,2;3,33
2,6;6,2;4,4
2,6;6,2;4,32
2,6;6,2;5,5
2,6;6,2;5,31
2,6;6,2;6,6
2,6;6,2;6,30
2,6;6,2;7,7
2,6;6,2;7,29
2,6;6,2;8,8
2,6;6,2;8,28
2,6;6,2;9,9
2,6;6,2;9,27
2,6;6,2;10,10
2,6;6,2;10,26
2,6;6,2;11,11
2,6;6,2;11,25
2,6;6,2;12,12
2,6;6,2;12,24
2,6;6,2;13,13
2,6;6,2;13,23
2,6;6,2;14,14
2,6;6,2;14,22
2,6;6,2;15,15
2,6;6,2;15,21
2,6;6,2;16,16
2,6;6,2;16,20
2,6;6,2;17,17
2,6;6,2;17,19
2,7;7,2;0,0
2,7;7,2;0,36
2,7;7,2;1,1
2,7;7,2;1,35
2,7;7,2;2,2
2,7;7,2;2,34
2,7;7,2;3,3
2,7;7,2;3,33
2,7;7,2;4,4
2,7;7,2;4,32
2,7;7,2;5,5
2,7;7,2;5,31
2,7;7,2;6,6
2,7;7,2;6,30
2,7;7,2;7,7
2,7;7,2;7,29
2,7;7,2;8,8
2,7;7,2;8,28
2,7;7,2;9,9
2,7;7,2;9,27
2,7;7,2;10,10
2,7;7,2;10,26
2,7;7,2;11,11
2,7;7,2;11,25
2,7;7,2;12,12
2,7;7,2;12,24
2,7;7,2;13,13
2,7;7,2;13,23
2,7;7,2;14,14
2,7;7,2;14,22
2,7;7,2;15,15
2,7;7,2;15,21
2,7;7,2;16,16
2,7;7,2;16,20
2,7;7,2;17,17
2,7;7,2;17,19
2,8;8,2;0,0
2,8;8,2;0,36
2,8;8,2;1,1
2,8;8,2;1,35
2,8;8,2;2,2
2,8;8,2;2,34
2,8;8,2;3,3
2,8;8,2;3,33
2,8;8,2;4,4
2,8;8,2;4,32
2,8;8,2;5,5
2,8;8,2;5,31
2,8;8,2;6,6
2,8;8,2;6,30
2,8;8,2;7,7
2,8;8,2;7,29
2,8;8,2;8,8
2,8;8,2;8,28
2,8;8,2;9,9
2,8;8,2;9,27
2,8;8,2;10,10
2,8;8,2;10,26
2,8;8,2;11,11
2,8;8,2;11,25
2,8;8,2;12,12
2,8;8,2;12,24
2,8;8,2;13,13
2,8;8,2;13,23
2,8;8,2;14,14
2,8;8,2;14,22
2,8;8,2;15,15
2,8;8,2;15,21
2,8;8,2;16,16
2,8;8,2;16,20
2,8;8,2;17,17
2,8;8,2;17,19
2,9;9,2;0,0
2,9;9,2;0,36
2,9;9,2;1,1
2,9;9,2;1,35
2,9;9,2;2,2
2,9;9,2;2,34
2,9;9,2;3,3
2,9;9,2;3,33
2,9;9,2;4,4
2,9;9,2;4,32
2,9;9,2;5,5
2,9;9,2;5,31
2,9;9,2;6,6
2,9;9,2;6,30
2,9;9,2;7,7
2,9;9,2;7,29
2,9;9,2;8,8
2,9;9,2;8,28
2,9;9,2;9,9
2,9;9,2;9,27
2,9;9,2;10,10
2,9;9,2;10,26
2,9;9,2;11,11
2,9;9,2;11,25
2,9;9,2;12,12
2,9;9,2;12,24
2,9;9,2;13,13
2,9;9,2;13,23
2,9;9,2;14,14
2,9;9,2;14,22
2,9;9,2;15,15
2,9;9,2;15,21
2,9;9,2;16,16
2,9;9,2;16,20
2,9;9,2;17,17
2,9;9,2;17,19
2,10;10,2;0,0
2,10;10,2;0,36
2,10;10,2;1,1
2,10;10,2;1,35
2,10;10,2;2,2
2,10;10,2;2,34
2,10;10,2;3,3
2,10;10,2;3,33
2,10;10,2;4,4
2,10;10,2;4,32
2,10;10,2;5,5
2,10;10,2;5,31
2,10;10,2;6,6
2,10;10,2;6,30
2,10;10,2;7,7
2,10;10,2;7,29
2,10;10,2;8,8
2,10;10,2;8,28
2,10;10,2;9,9
2,10;10,2;9,27
2,10;10,2;10,10
2,10;10,2;10,26
2,10;10,2;11,11
2,10;10,2;11,25
2,10;10,2;12,12
2,10;10,2;12,24
2,10;10,2;13,13
2,10;10,2;13,23
2,10;10,2;14,14
2,10;10,2;14,22
2,10;10,2;15,15
2,10;10,2;15,21
2,10;10,2;16,16
2,10;10,2;16,20
2,10;10,2;17,17
2,10;10,2;17,19
2,11;11,2;0,0
2,11;11,2;0,36
2,11;11,2;1,1
2,11;11,2;1,35
2,11;11,2;2,2
2,11;11,2;2,34
2,11;11,2;3,3
2,11;11,2;3,33
2,11;11,2;4,4
2,11;11,2;4,32
2,11;11,2;5,5
2,11;11,2;5,31
2,11;11,2;6,6
2,11;11,2;6,30
2,11;11,2;7,7
2,11;11,2;7,29
2,11;11,2;8,8
2,11;11,2;8,28
2,11;11,2;9,9
2,11;11,2;9,27
2,11;11,2;10,10
2,11;11,2;10,26
2,11;11,2;11,11
2,11;11,2;11,25
2,11;11,2;12,12
2,11;11,2;12,24
2,11;11,2;13,13
2,11;11,2;13,23
2,11;11,2;14,14
2,11;11,2;14,22
2,11;11,2;15,15
2,11;11,2;15,21
2,11;11,2;16,16
2,11;11,2;16,20
2,11;11,2;17,17
2,11;11,2;17,19
2,12;12,2;0,0
2,12;12,2;0,36
2,12;12,2;1,1
2,12;12,2;1,35
2,12;12,2;2,2
2,12;12,2;2,34
2,12;12,2;3,3
2,12;12,2;3,33
2,12;12,2;4,4
2,12;12,2;4,32
2,12;12,2;5,5
2,12;12,2;5,31
2,12;12,2;6,6
2,12;12,2;6,30
2,12;12,2;7,7
2,12;12,2;7,29
2,12;12,2;8,8
2,12;12,2;8,28
2,12;12,2;9,9
2,12;12,2;9,27
2,12;12,2;10,10
2,12;12,2;10,26
2,12;12,2;11,11
2,12;12,2;11,25
2,12;12,2;12,12
2,12;12,2;12,24
2,12;12,2;13,13
2,12;12,2;13,23
2,12;12,2;14,14
2,12;12,2;14,22
2,12;12,2;15,15
2,12;12,2;15,21
2,12;12,2;16,16
2,12;12,2;16,20
2,12;12,2;17,17
2,12;12,2;17,19
2,13;13,2;0,0
2,13;13,2;0,36
2,13;13,2;1,1
2,13;13,2;1,35
2,13;13,2;2,2
2,13;13,2;2,34
2,13;13,2;3,3
2,13;13,2;3,33
2,13;13,2;4,4
2,13;13,2;4,32
2,13;13,2;5,5
2,13;13,2;5,31
2,13;13,2;6,6
2,13;13,2;6,30
2,13;13,2;7,7
2,13;13,2;7,29
2,13;13,2;8,8
2,13;13,2;8,28
2,13;13,2;9,9
2,13;13,2;9,27
2,13;13,2;10,10
2,13;13,2;10,26
2,13;13,2;11,11
2,13;13,2;11,25
2,13;13,2;12,12
2,13;13,2;12,24
2,13;13,2;13,13
2,13;13,2;13,23
2,13;13,2;14,14
2,13;13,2;14,22
2,13;13,2;15,15
2,13;13,2;15,21
2,13;13,2;16,16
2,13;13,2;16,20
2,13;13,2;17,17
2,13;13,2;17,19
2,14;14,2;0,0
2,14;14,2;0,36
2,14;14,2;1,1
2,14;14,2;1,35
2,14;14,2;2,2
2,14;14,2;2,34
2,14;14,2;3,3
2,14;14,2;3,33
2,14;14,2;4,4
2,14;14,2;4,32
2,14;14,2;5,5
2,14;14,2;5,31
2,14;14,2;6,6
2,14;14,2;6,30
2,14;14,2;7,7
2,14;14,2;7,29
2,14;14,2;8,8
2,14;14,2;8,28
2,14;14,2;9,9
2,14;14,2;9,27
2,14;14,2;10,10
2,14;14,2;10,26
2,14;14,2;11,11
2,14;14,2;11,25
2,14;14,2;12,12
2,14;14,2;12,24
2,14;14,2;13,13
2,14;14,2;13,23
2,14;14,2;14,14
2,14;14,2;14,22
2,14;14,2;15,15
2,14;14,2;15,21
2,14;14,2;16,16
2,14;14,2;16,20
2,14;14,2;17,17
2,14;14,2;17,19
2,15;15,2;0,0
2,15;15,2;0,36
2,15;15,2;1,1
2,15;15,2;1,35
2,15;15,2;2,2
2,15;15,2;2,34
2,15;15,2;3,3
2,15;15,2;3,33
2,15;15,2;4,4
2,15;15,2;4,32
2,15;15,2;5,5
2,15;15,2;5,31
2,15;15,2;6,6
2,15;15,2;6,30
2,15;15,2;7,7
2,15;15,2;7,29
2,15;15,2;8,8
2,15;15,2;8,28
2,15;15,2;9,9
2,15;15,2;9,27
2,15;15,2;10,10
2,15;15,2;10,26
2,15;15,2;11,11
2,15;15,2;11,25
2,15;15,2;12,12
2,15;15,2;12,24
2,15;15,2;13,13
2,15;15,2;13,23
2,15;15,2;14,14
2,15;15,2;14,22
2,15;15,2;15,15
2,15;15,2;15,21
2,15;15,2;16,16
2,15;15,2;16,20
2,15;15,2;17,17
2,15;15,2;17,19
2,16;16,2;0,0
2,16;16,2;0,36
2,16;16,2;1,1
2,16;16,2;1,35
2,16;16,2;2,2
2,16;16,2;2,34
2,16;16,2;3,3
2,16;16,2;3,33
2,16;16,2;4,4
2,16;16,2;4,32
2,16;16,2;5,5
2,16;16,2;5,31
2,16;16,2;6,6
2,16;16,2;6,30
2,16;16,2;7,7
2,16;16,2;7,29
2,16;16,2;8,8
2,16;16,2;8,28
2,16;16,2;9,9
2,16;16,2;9,27
2,16;16,2;10,10
2,16;16,2;10,26
2,16;16,2;11,11
2,16;16,2;11,25
2,16;16,2;12,12
2,16;16,2;12,24
2,16;16,2;13,13
2,16;16,2;13,23
2,16;16,2;14,14
2,16;16,2;14,22
2,16;16,2;15,15
2,16;16,2;15,21
2,16;16,2;16,16
2,16;16,2;16,20
2,16;16,2;17,17
2,16;16,2;17,19
2,17;17,2;0,0
2,17;17,2;0,36
2,17;17,2;1,1
2,17;17,2;1,35
2,17;17,2;2,2
2,17;17,2;2,34
2,17;17,2;3,3
2,17;17,2;3,33
2,17;17,2;4,4
2,17;17,2;4,32
2,17;17,2;5,5
2,17;17,2;5,31
2,17;17,2;6,6
2,17;17,2;6,30
2,17;17,2;7,7
2,17;17,2;7,29
2,17;17,2;8,8
2,17;17,2;8,28
2,17;17,2;9,9
2,17;17,2;9,27
2,17;17,2;10,10
2,17;17,2;10,26
2,17;17,2;11,11
2,17;17,2;11,25
2,17;17,2;12,12
2,17;17,2;12,24
2,17;17,2;13,13
2,17;17,2;13,23
2,17;17,2;14,14
2,17;17,2;14,22
2,17;17,2;15,15
2,17;17,2;15,21
2,17;17,2;16,16
2,17;17,2;16,20
2,17;17,2;17,17
2,17;17,2;17,19
3,4;4,3;0,0
3,4;4,3;0,36
3,4;4,3;1,1
3,4;4,3;1,35
3,4;4,3;2,2
3,4;4,3;2,34
3,4;4,3;3,3
3,4;4,3;3,33
3,4;4,3;4,4
3,4;4,3;4,32
3,4;4,3;5,5
3,4;4,3;5,31
3,4;4,3;6,6
3,4;4,3;6,30
3,4;4,3;7,7
3,4;4,3;7,29
3,4;4,3;8,8
3,4;4,3;8,28
3,4;4,3;9,9
3,4;4,3;9,27
3,4;4,3;10,10
3,4;4,3;10,26
3,4;4,3;11,11
3,4;4,3;11,25
3,4;4,3;12,12
3,4;4,3;12,24
3,4;4,3;13,13
3,4;4,3;13,23
3,4;4,3;14,14
3,4;4,3;14,22
3,4;4,3;15,15
3,4;4,3;15,21
3,4;4,3;16,16
3,4;4,3;16,20
3,4;4,3;17,17
3,4;4,3;17,19
3,5;5,3;0,0
3,5;5,3;0,36
3,5;5,3;1,1
3,5;5,3;1,35
3,5;5,3;2,2
3,5;5,3;2,34
3,5;5,3;3,3
3,5;5,3;3,33
3,5;5,3;4,4
3,5;5,3;4,32
3,5;5,3;5,5
3,5;5,3;5,31
3,5;5,3;6,6
3,5;5,3;6,30
3,5;5,3;7,7
3,5;5,3;7,29
3,5;5,3;8,8
3,5;5,3;8,28
3,5;5,3;9,9
3,5;5,3;9,27
3,5;5,3;10,10
3,5;5,3;10,26
3,5;5,3;11,11
3,5;5,3;11,25
3,5;5,3;12,12
3,5;5,3;12,24
3,5;5,3;13,13
3,5;5,3;13,23
3,5;5,3;14,14
3,5;5,3;14,22
3,5;5,3;15,15
3,5;5,3;15,21
3,5;5,3;16,16
3,5;5,3;16,20
3,5;5,3;17,17
3,5;5,3;17,19
3,6;6,3;0,0
3,6;6,3;0,36
3,6;6,3;1,1
3,6;6,3;1,35
3,6;6,3;2,2
3,6;6,3;2,34
3,6;6,3;3,3
3,6;6,3;3,33
3,6;6,3;4,4
3,6;6,3;4,32
3,6;6,3;5,5
3,6;6,3;5,31
3,6;6,3;6,6
3,6;6,3;6,30
3,6;6,3;7,7
3,6;6,3;7,29
3,6;6,3;8,8
3,6;6,3;8,28
3,6;6,3;9,9
3,6;6,3;9,27
3,6;6,3;10,10
3,6;6,3;10,26
3,6;6,3;11,11
3,6;6,3;11,25
3,6;6,3;12,12
3,6;6,3;12,24
3,6;6,3;13,13
3,6;6,3;13,23
3,6;6,3;14,14
3,6;6,3;14,22
3,6;6,3;15,15
3,6;6,3;15,21
3,6;6,3;16,16
3,6;6,3;16,20
3,6;6,3;17,17
3,6;6,3;17,19
3,7;7,3;0,0
3,7;7,3;0,36
3,7;7,3;1,1
3,7;7,3;1,35
3,7;7,3;2,2
3,7;7,3;2,34
3,7;7,3;3,3
3,7;7,3;3,33
3,7;7,3;4,4
3,7;7,3;4,32
3,7;7,3;5,5
3,7;7,3;5,31
3,7;7,3;6,6
3,7;7,3;6,30
3,7;7,3;7,7
3,7;7,3;7,29
3,7;7,3;8,8
3,7;7,3;8,28
3,7;7,3;9,9
3,7;7,3;9,27
3,7;7,3;10,10
3,7;7,3;10,26
3,7;7,3;11,11
3,7;7,3;11,25
3,7;7,3;12,12
3,7;7,3;12,24
3,7;7,3;13,13
3,7;7,3;13,23
3,7;7,3;14,14
3,7;7,3;14,22
3,7;7,3;15,15
3,7;7,3;15,21
3,7;7,3;16,16
3,7;7,3;16,20
3,7;7,3;17,17
3,7;7,3;17,19
3,8;8,3;0,0
3,8;8,3;0,36
3,8;8,3;1,1
3,8;8,3;1,35
3,8;8,3;2,2
3,8;8,3;2,34
3,8;8,3;3,3
3,8;8,3;3,33
3,8;8,3;4,4
3,8;8,3;4,32
3,8;8,3;5,5
3,8;8,3;5,31
3,8;8,3;6,6
3,8;8,3;6,30
3,8;8,3;7,7
3,8;8,3;7,29
3,8;8,3;8,8
3,8;8,3;8,28
3,8;8,3;9,9
3,8;8,3;9,27
3,8;8,3;10,10
3,8;8,3;10,26
3,8;8,3;11,11
3,8;8,3;11,25
3,8;8,3;12,12
3,8;8,3;12,24
3,8;8,3;13,13
3,8;8,3;13,23
3,8;8,3;14,14
3,8;8,3;14,22
3,8;8,3;15,15
3,8;8,3;15,21
3,8;8,3;16,16
3,8;8,3;16,20
3,8;8,3;17,17
3,8;8,3;17,19
3,9;9,3;0,0
3,9;9,3;0,36
3,9;9,3;1,1
3,9;9,3;1,35
3,9;9,3;2,2
3,9;9,3;2,34
3,9;9,3;3,3
3,9;9,3;3,33
3,9;9,3;4,4
3,9;9,3;4,32
3,9;9,3;5,5
3,9;9,3;5,31
3,9;9,3;6,6
3,9;9,3;6,30
3,9;9,3;7,7
3,9;9,3;7,29
3,9;9,3;8,8
3,9;9,3;8,28
3,9;9,3;9,9
3,9;9,3;9,27
3,9;9,3;10,10
3,9;9,3;10,26
3,9;9,3;11,11
3,9;9,3;11,25
3,9;9,3;12,12
3,9;9,3;12,24
3,9;9,3;13,13
3,9;9,3;13,23
3,9;9,3;14,14
3,9;9,3;14,22
3,9;9,3;15,15
3,9;9,3;15,21
3,9;9,3;16,16
3,9;9,3;16,20
3,9;9,3;17,17
3,9;9,3;17,19
3,10;10,3;0,0
3,10;10,3;0,36
3,10;10,3;1,1
3,10;10,3;1,35
3,10;10,3;2,2
3,10;10,3;2,34
3,10;10,3;3,3
3,10;10,3;3,33
3,10;10,3;4,4
3,10;10,3;4,32
3,10;10,3;5,5
3,10;10,3;5,31
3,10;10,3;6,6
3,10;10,3;6,30
3,10;10,3;7,7
3,10;10,3;7,29
3,10;10,3;8,8
3,10;10,3;8,28
3,10;10,3;9,9
3,10;10,3;9,27
3,10;10,3;10,10
3,10;10,3;10,26
3,10;10,3;11,11
3,10;10,3;11,25
3,10;10,3;12,12
3,10;10,3;12,24
3,10;10,3;13,13
3,10;10,3;13,23
3,10;10,3;14,14
3,10;10,3;14,22
3,10;10,3;15,15
3,10;10,3;15,21
3,10;10,3;16,16
3,10;10,3;16,20
3,10;10,3;17,17
3,10;10,3;17,19
3,11;11,3;0,0
3,11;11,3;0,36
3,11;11,3;1,1
3,11;11,3;1,35
3,11;11,3;2,2
3,11;11,3;2,34
3,11;11,3;3,3
3,11;11,3;3,33
3,11;11,3;4,4
3,11;11,3;4,32
3,11;11,3;5,5
3,11;11,3;5,31
3,11;11,3;6,6
3,11;11,3;6,30
3,11;11,3;7,7
3,11;11,3;7,29
3,11;11,3;8,8
3,11;11,3;8,28
3,11;11,3;9,9
3,11;11,3;9,27
3,11;11,3;10,10
3,11;11,3;10,26
3,11;11,3;11,11
3,11;11,3;11,25
3,11;11,3;12,12
3,11;11,3;12,24
3,11;11,3;13,13
3,11;11,3;13,23
3,11;11,3;14,14
3,11;11,3;14,22
3,11;11,3;15,15
3,11;11,3;15,21
3,11;11,3;16,16
3,11;11,3;16,20
3,11;11,3;17,17
3,11;11,3;17,19
3,12;12,3;0,0
3,12;12,3;0,36
3,12;12,3;1,1
3,12;12,3;1,35
3,12;12,3;2,2
3,12;12,3;2,34
3,12;12,3;3,3
3,12;12,3;3,33
3,12;12,3;4,4
3,12;12,3;4,32
3,12;12,3;5,5
3,12;12,3;5,31
3,12;12,3;6,6
3,12;12,3;6,30
3,12;12,3;7,7
3,12;12,3;7,29
3,12;12,3;8,8
3,12;12,3;8,28
3,12;12,3;9,9
3,12;12,3;9,27
3,12;12,3;10,10
3,12;12,3;10,26
3,12;12,3;11,11
3,12;12,3;11,25
3,12;12,3;12,12
3,12;12,3;12,24
3,12;12,3;13,13
3,12;12,3;13,23
3,12;12,3;14,14
3,12;12,3;14,22
3,12;12,3;15,15
3,12;12,3;15,21
3,12;12,3;16,16
3,12;12,3;16,20
3,12;12,3;17,17
3,12;12,3;17,19
3,13;13,3;0,0
3,13;13,3;0,36
3,13;13,3;1,1
3,13;13,3;1,35
3,13;13,3;2,2
3,13;13,3;2,34
3,13;13,3;3,3
3,13;13,3;3,33
3,13;13,3;4,4
3,13;13,3;4,32
3,13;13,3;5,5
3,13;13,3;5,31
3,13;13,3;6,6
3,13;13,3;6,30
3,13;13,3;7,7
3,13;13,3;7,29
3,13;13,3;8,8
3,13;13,3;8,28
3,13;13,3;9,9
3,13;13,3;9,27
3,13;13,3;10,10
3,13;13,3;10,26
3,13;13,3;11,11
3,13;13,3;11,25
3,13;13,3;12,12
3,13;13,3;12,24
3,13;13,3;13,13
3,13;13,3;13,23
3,13;13,3;14,14
3,13;13,3;14,22
3,13;13,3;15,15
3,13;13,3;15,21
3,13;13,3;16,16
3,13;13,3;16,20
3,13;13,3;17,17
3,13;13,3;17,19
3,14;14,3;0,0
3,14;14,3;0,36
3,14;14,3;1,1
3,14;14,3;1,35
3,14;14,3;2,2
3,14;14,3;2,34
3,14;14,3;3,3
3,14;14,3;3,33
3,14;14,3;4,4
3,14;14,3;4,32
3,14;14,3;5,5
3,14;14,3;5,31
3,14;14,3;6,6
3,14;14,3;6,30
3,14;14,3;7,7
3,14;14,3;7,29
3,14;14,3;8,8
3,14;14,3;8,28
3,14;14,3;9,9
3,14;14,3;9,27
3,14;14,3;10,10
3,14;14,3;10,26
3,14;14,3;11,11
3,14;14,3;11,25
3,14;14,3;12,12
3,14;14,3;12,24
3,14;14,3;13,13
3,14;14,3;13,23
3,14;14,3;14,14
3,14;14,3;14,22
3,14;14,3;15,15
3,14;14,3;15,21
3,14;14,3;16,16
3,14;14,3;16,20
3,14;14,3;17,17
3,14;14,3;17,19
3,15;15,3;0,0
3,15;15,3;0,36
3,15;15,3;1,1
3,15;15,3;1,35
3,15;15,3;2,2
3,15;15,3;2,34
3,15;15,3;3,3
3,15;15,3;3,33
3,15;15,3;4,4
3,15;15,3;4,32
3,15;15,3;5,5
3,15;15,3;5,31
3,15;15,3;6,6
3,15;15,3;6,30
3,15;15,3;7,7
3,15;15,3;7,29
3,15;15,3;8,8
3,15;15,3;8,28
3,15;15,3;9,9
3,15;15,3;9,27
3,15;15,3;10,10
3,15;15,3;10,26
3,15;15,3;11,11
3,15;15,3;11,25
3,15;15,3;12,12
3,15;15,3;12,24
3,15;15,3;13,13
3,15;15,3;13,23
3,15;15,3;14,14
3,15;15,3;14,22
3,15;15,3;15,15
3,15;15,3;15,21
3,15;15,3;16,16
3,15;15,3;16,20
3,15;15,3;17,17
3,15;15,3;17,19
3,16;16,3;0,0
3,16;16,3;0,36
3,16;16,3;1,1
3,16;16,3;1,35
3,16;16,3;2,2
3,16;16,3;2,34
3,16;16,3;3,3
3,16;16,3;3,33
3,16;16,3;4,4
3,16;16,3;4,32
3,16;16,3;5,5
3,16;16,3;5,31
3,16;16,3;6,6
3,16;16,3;6,30
3,16;16,3;7,7
3,16;16,3;7,29
3,16;16,3;8,8
3,16;16,3;8,28
3,16;16,3;9,9
3,16;16,3;9,27
3,16;16,3;10,10
3,16;16,3;10,26
3,16;16,3;11,11
3,16;16,3;11,25
3,16;16,3;12,12
3,16;16,3;12,24
3,16;16,3;13,13
3,16;16,3;13,23
3,16;16,3;14,14
3,16;16,3;14,22
3,16;16,3;15,15
3,16;16,3;15,21
3,16;16,3;16,16
3,16;16,3;16,20
3,16;16,3;17,17
3,16;16,3;17,19
3,17;17,3;0,0
3,17;17,3;0,36
3,17;17,3;1,1
3,17;17,3;1,35
3,17;17,3;2,2
3,17;17,3;2,34
3,17;17,3;3,3
3,17;17,3;3,33
3,17;17,3;4,4
3,17;17,3;4,32
3,17;17,3;5,5
3,17;17,3;5,31
3,17;17,3;6,6
3,17;17,3;6,30
3,17;17,3;7,7
3,17;17,3;7,29
3,17;17,3;8,8
3,17;17,3;8,28
3,17;17,3;9,9
3,17;17,3;9,27
3,17;17,3;10,10
3,17;17,3;10,26
3,17;17,3;11,11
3,17;17,3;11,25
3,17;17,3;12,12
3,17;17,3;12,24
3,17;17,3;13,13
3,17;17,3;13,23
3,17;17,3;14,14
3,17;17,3;14,22
3,17;17,3;15,15
3,17;17,3;15,21
3,17;17,3;16,16
3,17;17,3;16,20
3,17;17,3;17,17
3,17;17,3;17,19
4,5;5,4;0,0
4,5;5,4;0,36
4,5;5,4;1,1
4,5;5,4;1,35
4,5;5,4;2,2
4,5;5,4;2,34
4,5;5,4;3,3
4,5;5,4;3,33
4,5;5,4;4,4
4,5;5,4;4,32
4,5;5,4;5,5
4,5;5,4;5,31
4,5;5,4;6,6
4,5;5,4;6,30
4,5;5,4;7,7
4,5;5,4;7,29
4,5;5,4;8,8
4,5;5,4;8,28
4,5;5,4;9,9
4,5;5,4;9,27
4,5;5,4;10,10
4,5;5,4;10,26
4,5;5,4;11,11
4,5;5,4;11,25
4,5;5,4;12,12
4,5;5,4;12,24
4,5;5,4;13,13
4,5;5,4;13,23
4,5;5,4;14,14
4,5;5,4;14,22
4,5;5,4;15,15
4,5;5,4;15,21
4,5;5,4;16,16
4,5;5,4;16,20
4,5;5,4;17,17
4,5;5,4;17,19
4,6;6,4;0,0
4,6;6,4;0,36
4,6;6,4;1,1
4,6;6,4;1,35
4,6;6,4;2,2
4,6;6,4;2,34
4,6;6,4;3,3
4,6;6,4;3,33
4,6;6,4;4,4
4,6;6,4;4,32
4,6;6,4;5,5
4,6;6,4;5,31
4,6;6,4;6,6
4,6;6,4;6,30
4,6;6,4;7,7
4,6;6,4;7,29
4,6;6,4;8,8
4,6;6,4;8,28
4,6;6,4;9,9
4,6;6,4;9,27
4,6;6,4;10,10
4,6;6,4;10,26
4,6;6,4;11,11
4,6;6,4;11,25
4,6;6,4;12,12
4,6;6,4;12,24
4,6;6,4;13,13
4,6;6,4;13,23
4,6;6,4;14,14
4,6;6,4;14,22
4,6;6,4;15,15
4,6;6,4;15,21
4,6;6,4;16,16
4,6;6,4;16,20
4,6;6,4;17,17
4,6;6,4;17,19
4,7;7,4;0,0
4,7;7,4;0,36
4,7;7,4;1,1
4,7;7,4;1,35
4,7;7,4;2,2
4,7;7,4;2,34
4,7;7,4;3,3
4,7;7,4;3,33
4,7;7,4;4,4
4,7;7,4;4,32
4,7;7,4;5,5
4,7;7,4;5,31
4,7;7,4;6,6
4,7;7,4;6,30
4,7;7,4;7,7
4,7;7,4;7,29
4,7;7,4;8,8
4,7;7,4;8,28
4,7;7,4;9,9
4,7;7,4;9,27
4,7;7,4;10,10
4,7;7,4;10,26
4,7;7,4;11,11
4,7;7,4;11,25
4,7;7,4;12,12
4,7;7,4;12,24
4,7;7,4;13,13
4,7;7,4;13,23
4,7;7,4;14,14
4,7;7,4;14,22
4,7;7,4;15,15
4,7;7,4;15,21
4,7;7,4;16,16
4,7;7,4;16,20
4,7;7,4;17,17
4,7;7,4;17,19
4,8;8,4;0,0
4,8;8,4;0,36
4,8;8,4;1,1
4,8;8,4;1,35
4,8;8,4;2,2
4,8;8,4;2,34
4,8;8,4;3,3
4,8;8,4;3,33
4,8;8,4;4,4
4,8;8,4;4,32
4,8;8,4;5,5
4,8;8,4;5,31
4,8;8,4;6,6
4,8;8,4;6,30
4,8;8,4;7,7
4,8;8,4;7,29
4,8;8,4;8,8
4,8;8,4;8,28
4,8;8,4;9,9
4,8;8,4;9,27
4,8;8,4;10,10
4,8;8,4;10,26
4,8;8,4;11,11
4,8;8,4;11,25
4,8;8,4;12,12
4,8;8,4;12,24
4,8;8,4;13,13
4,8;8,4;13,23
4,8;8,4;14,14
4,8;8,4;14,22
4,8;8,4;15,15
4,8;8,4;15,21
4,8;8,4;16,16
4,8;8,4;16,20
4,8;8,4;17,17
4,8;8,4;17,19
4,9;9,4;0,0
4,9;9,4;0,36
4,9;9,4;1,1
4,9;9,4;1,35
4,9;9,4;2,2
4,9;9,4;2,34
4,9;9,4;3,3
4,9;9,4;3,33
4,9;9,4;4,4
4,9;9,4;4,32
4,9;9,4;5,5
4,9;9,4;5,31
4,9;9,4;6,6
4,9;9,4;6,30
4,9;9,4;7,7
4,9;9,4;7,29
4,9;9,4;8,8
4,9;9,4;8,28
4,9;9,4;9,9
4,9;9,4;9,27
4,9;9,4;10,10
4,9;9,4;10,26
4,9;9,4;11,11
4,9;9,4;11,25
4,9;9,4;12,12
4,9;9,4;12,24
4,9;9,4;13,13
4,9;9,4;13,23
4,9;9,4;14,14
4,9;9,4;14,22
4,9;9,4;15,15
4,9;9,4;15,21
4,9;9,4;16,16
4,9;9,4;16,20
4,9;9,4;17,17
4,9;9,4;17,19
4,10;10,4;0,0
4,10;10,4;0,36
4,10;10,4;1,1
4,10;10,4;1,35
4,10;10,4;2,2
4,10;10,4;2,34
4,10;10,4;3,3
4,10;10,4;3,33
4,10;10,4;4,4
4,10;10,4;4,32
4,10;10,4;5,5
4,10;10,4;5,31
4,10;10,4;6,6
4,10;10,4;6,30
4,10;10,4;7,7
4,10;10,4;7,29
4,10;10,4;8,8
4,10;10,4;8,28
4,10;10,4;9,9
4,10;10,4;9,27
4,10;10,4;10,10
4,10;10,4;10,26
4,10;10,4;11,11
4,10;10,4;11,25
4,10;10,4;12,12
4,10;10,4;12,24
4,10;10,4;13,13
4,10;10,4;13,23
4,10;10,4;14,14
4,10;10,4;14,22
4,10;10,4;15,15
4,10;10,4;15,21
4,10;10,4;16,16
4,10;10,4;16,20
4,10;10,4;17,17
4,10;10,4;17,19
4,11;11,4;0,0
4,11;11,4;0,36
4,11;11,4;1,1
4,11;11,4;1,35
4,11;11,4;2,2
4,11;11,4;2,34
4,11;11,4;3,3
4,11;11,4;3,33
4,11;11,4;4,4
4,11;11,4;4,32
4,11;11,4;5,5
4,11;11,4;5,31
4,11;11,4;6,6
4,11;11,4;6,30
4,11;11,4;7,7
4,11;11,4;7,29
4,11;11,4;8,8
4,11;11,4;8,28
4,11;11,4;9,9
4,11;11,4;9,27
4,11;11,4;10,10
4,11;11,4;10,26
4,11;11,4;11,11
4,11;11,4;11,25
4,11;11,4;12,12
4,11;11,4;12,24
4,11;11,4;13,13
4,11;11,4;13,23
4,11;11,4;14,14
4,11;11,4;14,22
4,11;11,4;15,15
4,11;11,4;15,21
4,11;11,4;16,16
4,11;11,4;16,20
4,11;11,4;17,17
4,11;11,4;17,19
4,12;12,4;0,0
4,12;12,4;0,36
4,12;12,4;1,1
4,12;12,4;1,35
4,12;12,4;2,2
4,12;12,4;2,34
4,12;12,4;3,3
4,12;12,4;3,33
4,12;12,4;4,4
4,12;12,4;4,32
4,12;12,4;5,5
4,12;12,4;5,31
4,12;12,4;6,6
4,12;12,4;6,30
4,12;12,4;7,7
4,12;12,4;7,29
4,12;12,4;8,8
4,12;12,4;8,28
4,12;12,4;9,9
4,12;12,4;9,27
4,12;12,4;10,10
4,12;12,4;10,26
4,12;12,4;11,11
4,12;12,4;11,25
4,12;12,4;12,12
4,12;12,4;12,24
4,12;12,4;13,13
4,12;12,4;13,23
4,12;12,4;14,14
4,12;12,4;14,22
4,12;12,4;15,15
4,12;12,4;15,21
4,12;12,4;16,16
4,12;12,4;16,20
4,12;12,4;17,17
4,12;12,4;17,19
4,13;13,4;0,0
4,13;13,4;0,36
4,13;13,4;1,1
4,13;13,4;1,35
4,13;13,4;2,2
4,13;13,4;2,34
4,13;13,4;3,3
4,13;13,4;3,33
4,13;13,4;4,4
4,13;13,4;4,32
4,13;13,4;5,5
4,13;13,4;5,31
4,13;13,4;6,6
4,13;13,4;6,30
4,13;13,4;7,7
4,13;13,4;7,29
4,13;13,4;8,8
4,13;13,4;8,28
4,13;13,4;9,9
4,13;13,4;9,27
4,13;13,4;10,10
4,13;13,4;10,26
4,13;13,4;11,11
4,13;13,4;11,25
4,13;13,4;12,12
4,13;13,4;12,24
4,13;13,4;13,13
4,13;13,4;13,23
4,13;13,4;14,14
4,13;13,4;14,22
4,13;13,4;15,15
4,13;13,4;15,21
4,13;13,4;16,16
4,13;13,4;16,20
4,13;13,4;17,17
4,13;13,4;17,19
4,14;14,4;0,0
4,14;14,4;0,36
4,14;14,4;1,1
4,14;14,4;1,35
4,14;14,4;2,2
4,14;14,4;2,34
4,14;14,4;3,3
4,14;14,4;3,33
4,14;14,4;4,4
4,14;14,4;4,32
4,14;14,4;5,5
4,14;14,4;5,31
4,14;14,4;6,6
4,14;14,4;6,30
4,14;14,4;7,7
4,14;14,4;7,29
4,14;14,4;8,8
4,14;14,4;8,28
4,14;14,4;9,9
4,14;14,4;9,27
4,14;14,4;10,10
4,14;14,4;10,26
4,14;14,4;11,11
4,14;14,4;11,25
4,14;14,4;12,12
4,14;14,4;12,24
4,14;14,4;13,13
4,14;14,4;13,23
4,14;14,4;14,14
4,14;14,4;14,22
4,14;14,4;15,15
4,14;14,4;15,21
4,14;14,4;16,16
4,14;14,4;16,20
4,14;14,4;17,17
4,14;14,4;17,19
4,15;15,4;0,0
4,15;15,4;0,36
4,15;15,4;1,1
4,15;15,4;1,35
4,15;15,4;2,2
4,15;15,4;2,34
4,15;15,4;3,3
4,15;15,4;3,33
4,15;15,4;4,4
4,15;15,4;4,32
4,15;15,4;5,5
4,15;15,4;5,31
4,15;15,4;6,6
4,15;15,4;6,30
4,15;15,4;7,7
4,15;15,4;7,29
4,15;15,4;8,8
4,15;15,4;8,28
4,15;15,4;9,9
4,15;15,4;9,27
4,15;15,4;10,10
4,15;15,4;10,26
4,15;15,4;11,11
4,15;15,4;11,25
4,15;15,4;12,12
4,15;15,4;12,24
4,15;15,4;13,13
4,15;15,4;13,23
4,15;15,4;14,14
4,15;15,4;14,22
4,15;15,4;15,15
4,15;15,4;15,21
4,15;15,4;16,16
4,15;15,4;16,20
4,15;15,4;17,17
4,15;15,4;17,19
4,16;16,4;0,0
4,16;16,4;0,36
4,16;16,4;1,1
4,16;16,4;1,35
4,16;16,4;2,2
4,16;16,4;2,34
4,16;16,4;3,3
4,16;16,4;3,33
4,16;16,4;4,4
4,16;16,4;4,32
4,16;16,4;5,5
4,16;16,4;5,31
4,16;16,4;6,6
4,16;16,4;6,30
4,16;16,4;7,7
4,16;16,4;7,29
4,16;16,4;8,8
4,16;16,4;8,28
4,16;16,4;9,9
4,16;16,4;9,27
4,16;16,4;10,10
4,16;16,4;10,26
4,16;16,4;11,11
4,16;16,4;11,25
4,16;16,4;12,12
4,16;16,4;12,24
4,16;16,4;13,13
4,16;16,4;13,23
4,16;16,4;14,14
4,16;16,4;14,22
4,16;16,4;15,15
4,16;16,4;15,21
4,16;16,4;16,16
4,16;16,4;16,20
4,16;16,4;17,17
4,16;16,4;17,19
4,17;17,4;0,0
4,17;17,4;0,36
4,17;17,4;1,1
4,17;17,4;1,35
4,17;17,4;2,2
4,17;17,4;2,34
4,17;17,4;3,3
4,17;17,4;3,33
4,17;17,4;4,4
4,17;17,4;4,32
4,17;17,4;5,5
4,17;17,4;5,31
4,17;17,4;6,6
4,17;17,4;6,30
4,17;17,4;7,7
4,17;17,4;7,29
4,17;17,4;8,8
4,17;17,4;8,28
4,17;17,4;9,9
4,17;17,4;9,27
4,17;17,4;10,10
4,17;17,4;10,26
4,17;17,4;11,11
4,17;17,4;11,25
4,17;17,4;12,12
4,17;17,4;12,24
4,17;17,4;13,13
4,17;17,4;13,23
4,17;17,4;14,14
4,17;17,4;14,22
4,17;17,4;15,15
4,17;17,4;15,21
4,17;17,4;16,16
4,17;17,4;16,20
4,17;17,4;17,17
4,17;17,4;17,19
5,6;6,5;0,0
5,6;6,5;0,36
5,6;6,5;1,1
5,6;6,5;1,35
5,6;6,5;2,2
5,6;6,5;2,34
5,6;6,5;3,3
5,6;6,5;3,33
5,6;6,5;4,4
5,6;6,5;4,32
5,6;6,5;5,5
5,6;6,5;5,31
5,6;6,5;6,6
5,6;6,5;6,30
5,6;6,5;7,7
5,6;6,5;7,29
5,6;6,5;8,8
5,6;6,5;8,28
5,6;6,5;9,9
5,6;6,5;9,27
5,6;6,5;10,10
5,6;6,5;10,26
5,6;6,5;11,11
5,6;6,5;11,25
5,6;6,5;12,12
5,6;6,5;12,24
5,6;6,5;13,13
5,6;6,5;13,23
5,6;6,5;14,14
5,6;6,5;14,22
5,6;6,5;15,15
5,6;6,5;15,21
5,6;6,5;16,16
5,6;6,5;16,20
5,6;6,5;17,17
5,6;6,5;17,19
5,7;7,5;0,0
5,7;7,5;0,36
5,7;7,5;1,1
5,7;7,5;1,35
5,7;7,5;2,2
5,7;7,5;2,34
5,7;7,5;3,3
5,7;7,5;3,33
5,7;7,5;4,4
5,7;7,5;4,32
5,7;7,5;5,5
5,7;7,5;5,31
5,7;7,5;6,6
5,7;7,5;6,30
5,7;7,5;7,7
5,7;7,5;7,29
5,7;7,5;8,8
5,7;7,5;8,28
5,7;7,5;9,9
5,7;7,5;9,27
5,7;7,5;10,10
5,7;7,5;10,26
5,7;7,5;11,11
5,7;7,5;11,25
5,7;7,5;12,12
5,7;7,5;12,24
5,7;7,5;13,13
5,7;7,5;13,23
5,7;7,5;14,14
5,7;7,5;14,22
5,7;7,5;15,15
5,7;7,5;15,21
5,7;7,5;16,16
5,7;7,5;16,20
5,7;7,5;17,17
5,7;7,5;17,19
5,8;8,5;0,0
5,8;8,5;0,36
5,8;8,5;1,1
5,8;8,5;1,35
5,8;8,5;2,2
5,8;8,5;2,34
5,8;8,5;3,3
5,8;8,5;3,33
5,8;8,5;4,4
5,8;8,5;4,32
5,8;8,5;5,5
5,8;8,5;5,31
5,8;8,5;6,6
5,8;8,5;6,30
5,8;8,5;7,7
5,8;8,5;7,29
5,8;8,5;8,8
5,8;8,5;8,28
5,8;8,5;9,9
5,8;8,5;9,27
5,8;8,5;10,10
5,8;8,5;10,26
5,8;8,5;11,11
5,8;8,5;11,25
5,8;8,5;12,12
5,8;8,5;12,24
5,8;8,5;13,13
5,8;8,5;13,23
5,8;8,5;14,14
5,8;8,5;14,22
5,8;8,5;15,15
5,8;8,5;15,21
5,8;8,5;16,16
5,8;8,5;16,20
5,8;8,5;17,17
5,8;8,5;17,19
5,9;9,5;0,0
5,9;9,5;0,36
5,9;9,5;1,1
5,9;9,5;1,35
5,9;9,5;2,2
5,9;9,5;2,34
5,9;9,5;3,3
5,9;9,5;3,33
5,9;9,5;4,4
5,9;9,5;4,32
5,9;9,5;5,5
5,9;9,5;5,31
5,9;9,5;6,6
5,9;9,5;6,30
5,9;9,5;7,7
5,9;9,5;7,29
5,9;9,5;8,8
5,9;9,5;8,28
5,9;9,5;9,9
5,9;9,5;9,27
5,9;9,5;10,10
5,9;9,5;10,26
5,9;9,5;11,11
5,9;9,5;11,25
5,9;9,5;12,12
5,9;9,5;12,24
5,9;9,5;13,13
5,9;9,5;13,23
5,9;9,5;14,14
5,9;9,5;14,22
5,9;9,5;15,15
5,9;9,5;15,21
5,9;9,5;16,16
5,9;9,5;16,20
5,9;9,5;17,17
5,9;9,5;17,19
5,10;10,5;0,0
5,10;10,5;0,36
5,10;10,5;1,1
5,10;10,5;1,35
5,10;10,5;2,2
5,10;10,5;2,34
5,10;10,5;3,3
5,10;10,5;3,33
5,10;10,5;4,4
5,10;10,5;4,32
5,10;10,5;5,5
5,10;10,5;5,31
5,10;10,5;6,6
5,10;10,5;6,30
5,10;10,5;7,7
5,10;10,5;7,29
5,10;10,5;8,8
5,10;10,5;8,28
5,10;10,5;9,9
5,10;10,5;9,27
5,10;10,5;10,10
5,10;10,5;10,26
5,10;10,5;11,11
5,10;10,5;11,25
5,10;10,5;12,12
5,10;10,5;12,24
5,10;10,5;13,13
5,10;10,5;13,23
5,10;10,5;14,14
5,10;10,5;14,22
5,10;10,5;15,15
5,10;10,5;15,21
5,10;10,5;16,16
5,10;10,5;16,20
5,10;10,5;17,17
5,10;10,5;17,19
5,11;11,5;0,0
5,11;11,5;0,36
5,11;11,5;1,1
5,11;11,5;1,35
5,11;11,5;2,2
5,11;11,5;2,34
5,11;11,5;3,3
5,11;11,5;3,33
5,11;11,5;4,4
5,11;11,5;4,32
5,11;11,5;5,5
5,11;11,5;5,31
5,11;11,5;6,6
5,11;11,5;6,30
5,11;11,5;7,7
5,11;11,5;7,29
5,11;11,5;8,8
5,11;11,5;8,28
5,11;11,5;9,9
5,11;11,5;9,27
5,11;11,5;10,10
5,11;11,5;10,26
5,11;11,5;11,11
5,11;11,5;11,25
5,11;11,5;12,12
5,11;11,5;12,24
5,11;11,5;13,13
5,11;11,5;13,23
5,11;11,5;14,14
5,11;11,5;14,22
5,11;11,5;15,15
5,11;11,5;15,21
5,11;11,5;16,16
5,11;11,5;16,20
5,11;11,5;17,17
5,11;11,5;17,19
5,12;12,5;0,0
5,12;12,5;0,36
5,12;12,5;1,1
5,12;12,5;1,35
5,12;12,5;2,2
5,12;12,5;2,34
5,12;12,5;3,3
5,12;12,5;3,33
5,12;12,5;4,4
5,12;12,5;4,32
5,12;12,5;5,5
5,12;12,5;5,31
5,12;12,5;6,6
5,12;12,5;6,30
5,12;12,5;7,7
5,12;12,5;7,29
5,12;12,5;8,8
5,12;12,5;8,28
5,12;12,5;9,9
5,12;12,5;9,27
5,12;12,5;10,10
5,12;12,5;10,26
5,12;12,5;11,11
5,12;12,5;11,25
5,12;12,5;12,12
5,12;12,5;12,24
5,12;12,5;13,13
5,12;12,5;13,23
5,12;12,5;14,14
5,12;12,5;14,22
5,12;12,5;15,15
5,12;12,5;15,21
5,12;12,5;16,16
5,12;12,5;16,20
5,12;12,5;17,17
5,12;12,5;17,19
5,13;13,5;0,0
5,13;13,5;0,36
5,13;13,5;1,1
5,13;13,5;1,35
5,13;13,5;2,2
5,13;13,5;2,34
5,13;13,5;3,3
5,13;13,5;3,33
5,13;13,5;4,4
5,13;13,5;4,32
5,13;13,5;5,5
5,13;13,5;5,31
5,13;13,5;6,6
5,13;13,5;6,30
5,13;13,5;7,7
5,13;13,5;7,29
5,13;13,5;8,8
5,13;13,5;8,28
5,13;13,5;9,9
5,13;13,5;9,27
5,13;13,5;10,10
5,13;13,5;10,26
5,13;13,5;11,11
5,13;13,5;11,25
5,13;13,5;12,12
5,13;13,5;12,24
5,13;13,5;13,13
5,13;13,5;13,23
5,13;13,5;14,14
5,13;13,5;14,22
5,13;13,5;15,15
5,13;13,5;15,21
5,13;13,5;16,16
5,13;13,5;16,20
5,13;13,5;17,17
5,13;13,5;17,19
5,14;14,5;0,0
5,14;14,5;0,36
5,14;14,5;1,1
5,14;14,5;1,35
5,14;14,5;2,2
5,14;14,5;2,34
5,14;14,5;3,3
5,14;14,5;3,33
5,14;14,5;4,4
5,14;14,5;4,32
5,14;14,5;5,5
5,14;14,5;5,31
5,14;14,5;6,6
5,14;14,5;6,30
5,14;14,5;7,7
5,14;14,5;7,29
5,14;14,5;8,8
5,14;14,5;8,28
5,14;14,5;9,9
5,14;14,5;9,27
5,14;14,5;10,10
5,14;14,5;10,26
5,14;14,5;11,11
5,14;14,5;11,25
5,14;14,5;12,12
5,14;14,5;12,24
5,14;14,5;13,13
5,14;14,5;13,23
5,14;14,5;14,14
5,14;14,5;14,22
5,14;14,5;15,15
5,14;14,5;15,21
5,14;14,5;16,16
5,14;14,5;16,20
5,14;14,5;17,17
5,14;14,5;17,19
5,15;15,5;0,0
5,15;15,5;0,36
5,15;15,5;1,1
5,15;15,5;1,35
5,15;15,5;2,2
5,15;15,5;2,34
5,15;15,5;3,3
5,15;15,5;3,33
5,15;15,5;4,4
5,15;15,5;4,32
5,15;15,5;5,5
5,15;15,5;5,31
5,15;15,5;6,6
5,15;15,5;6,30
5,15;15,5;7,7
5,15;15,5;7,29
5,15;15,5;8,8
5,15;15,5;8,28
5,15;15,5;9,9
5,15;15,5;9,27
5,15;15,5;10,10
5,15;15,5;10,26
5,15;15,5;11,11
5,15;15,5;11,25
5,15;15,5;12,12
5,15;15,5;12,24
5,15;15,5;13,13
5,15;15,5;13,23
5,15;15,5;14,14
5,15;15,5;14,22
5,15;15,5;15,15
5,15;15,5;15,21
5,15;15,5;16,16
5,15;15,5;16,20
5,15;15,5;17,17
5,15;15,5;17,19
5,16;16,5;0,0
5,16;16,5;0,36
5,16;16,5;1,1
5,16;16,5;1,35
5,16;16,5;2,2
5,16;16,5;2,34
5,16;16,5;3,3
5,16;16,5;3,33
5,16;16,5;4,4
5,16;16,5;4,32
5,16;16,5;5,5
5,16;16,5;5,31
5,16;16,5;6,6
5,16;16,5;6,30
5,16;16,5;7,7
5,16;16,5;7,29
5,16;16,5;8,8
5,16;16,5;8,28
5,16;16,5;9,9
5,16;16,5;9,27
5,16;16,5;10,10
5,16;16,5;10,26
5,16;16,5;11,11
5,16;16,5;11,25
5,16;16,5;12,12
5,16;16,5;12,24
5,16;16,5;13,13
5,16;16,5;13,23
5,16;16,5;14,14
5,16;16,5;14,22
5,16;16,5;15,15
5,16;16,5;15,21
5,16;16,5;16,16
5,16;16,5;16,20
5,16;16,5;17,17
5,16;16,5;17,19
5,17;17,5;0,0
5,17;17,5;0,36
5,17;17,5;1,1
5,17;17,5;1,35
5,17;17,5;2,2
5,17;17,5;2,34
5,17;17,5;3,3
5,17;17,5;3,33
5,17;17,5;4,4
5,17;17,5;4,32
5,17;17,5;5,5
5,17;17,5;5,31
5,17;17,5;6,6
5,17;17,5;6,30
5,17;17,5;7,7
5,17;17,5;7,29
5,17;17,5;8,8
5,17;17,5;8,28
5,17;17,5;9,9
5,17;17,5;9,27
5,17;17,5;10,10
5,17;17,5;10,26
5,17;17,5;11,11
5,17;17,5;11,25
5,17;17,5;12,12
5,17;17,5;12,24
5,17;17,5;13,13
5,17;17,5;13,23
5,17;17,5;14,14
5,17;17,5;14,22
5,17;17,5;15,15
5,17;17,5;15,21
5,17;17,5;16,16
5,17;17,5;16,20
5,17;17,5;17,17
5,17;17,5;17,19
6,7;7,6;0,0
6,7;7,6;0,36
6,7;7,6;1,1
6,7;7,6;1,35
6,7;7,6;2,2
6,7;7,6;2,34
6,7;7,6;3,3
6,7;7,6;3,33
6,7;7,6;4,4
6,7;7,6;4,32
6,7;7,6;5,5
6,7;7,6;5,31
6,7;7,6;6,6
6,7;7,6;6,30
6,7;7,6;7,7
6,7;7,6;7,29
6,7;7,6;8,8
6,7;7,6;8,28
6,7;7,6;9,9
6,7;7,6;9,27
6,7;7,6;10,10
6,7;7,6;10,26
6,7;7,6;11,11
6,7;7,6;11,25
6,7;7,6;12,12
6,7;7,6;12,24
6,7;7,6;13,13
6,7;7,6;13,23
6,7;7,6;14,14
6,7;7,6;14,22
6,7;7,6;15,15
6,7;7,6;15,21
6,7;7,6;16,16
6,7;7,6;16,20
6,7;7,6;17,17
6,7;7,6;17,19
6,8;8,6;0,0
6,8;8,6;0,36
6,8;8,6;1,1
6,8;8,6;1,35
6,8;8,6;2,2
6,8;8,6;2,34
6,8;8,6;3,3
6,8;8,6;3,33
6,8;8,6;4,4
6,8;8,6;4,32
6,8;8,6;5,5
6,8;8,6;5,31
6,8;8,6;6,6
6,8;8,6;6,30
6,8;8,6;7,7
6,8;8,6;7,29
6,8;8,6;8,8
6,8;8,6;8,28
6,8;8,6;9,9
6,8;8,6;9,27
6,8;8,6;10,10
6,8;8,6;10,26
6,8;8,6;11,11
6,8;8,6;11,25
6,8;8,6;12,12
6,8;8,6;12,24
6,8;8,6;13,13
6,8;8,6;13,23
6,8;8,6;14,14
6,8;8,6;14,22
6,8;8,6;15,15
6,8;8,6;15,21
6,8;8,6;16,16
6,8;8,6;16,20
6,8;8,6;17,17
6,8;8,6;17,19
6,9;9,6;0,0
6,9;9,6;0,36
6,9;9,6;1,1
6,9;9,6;1,35
6,9;9,6;2,2
6,9;9,6;2,34
6,9;9,6;3,3
6,9;9,6;3,33
6,9;9,6;4,4
6,9;9,6;4,32
6,9;9,6;5,5
6,9;9,6;5,31
6,9;9,6;6,6
6,9;9,6;6,30
6,9;9,6;7,7
6,9;9,6;7,29
6,9;9,6;8,8
6,9;9,6;8,28
6,9;9,6;9,9
6,9;9,6;9,27
6,9;9,6;10,10
6,9;9,6;10,26
6,9;9,6;11,11
6,9;9,6;11,25
6,9;9,6;12,12
6,9;9,6;12,24
6,9;9,6;13,13
6,9;9,6;13,23
6,9;9,6;14,14
6,9;9,6;14,22
6,9;9,6;15,15
6,9;9,6;15,21
6,9;9,6;16,16
6,9;9,6;16,20
6,9;9,6;17,17
6,9;9,6;17,19
6,10;10,6;0,0
6,10;10,6;0,36
6,10;10,6;1,1
6,10;10,6;1,35
6,10;10,6;2,2
6,10;10,6;2,34
6,10;10,6;3,3
6,10;10,6;3,33
6,10;10,6;4,4
6,10;10,6;4,32
6,10;10,6;5,5
6,10;10,6;5,31
6,10;10,6;6,6
6,10;10,6;6,30
6,10;10,6;7,7
6,10;10,6;7,29
6,10;10,6;8,8
6,10;10,6;8,28
6,10;10,6;9,9
6,10;10,6;9,27
6,10;10,6;10,10
6,10;10,6;10,26
6,10;10,6;11,11
6,10;10,6;11,25
6,10;10,6;12,12
6,10;10,6;12,24
6,10;10,6;13,13
6,10;10,6;13,23
6,10;10,6;14,14
6,10;10,6;14,22
6,10;10,6;15,15
6,10;10,6;15,21
6,10;10,6;16,16
6,10;10,6;16,20
6,10;10,6;17,17
6,10;10,6;17,19
6,11;11,6;0,0
6,11;11,6;0,36
6,11;11,6;1,1
6,11;11,6;1,35
6,11;11,6;2,2
6,11;11,6;2,34
6,11;11,6;3,3
6,11;11,6;3,33
6,11;11,6;4,4
6,11;11,6;4,32
6,11;11,6;5,5
6,11;11,6;5,31
6,11;11,6;6,6
6,11;11,6;6,30
6,11;11,6;7,7
6,11;11,6;7,29
6,11;11,6;8,8
6,11;11,6;8,28
6,11;11,6;9,9
6,11;11,6;9,27
6,11;11,6;10,10
6,11;11,6;10,26
6,11;11,6;11,11
6,11;11,6;11,25
6,11;11,6;12,12
6,11;11,6;12,24
6,11;11,6;13,13
6,11;11,6;13,23
6,11;11,6;14,14
6,11;11,6;14,22
6,11;11,6;15,15
6,11;11,6;15,21
6,11;11,6;16,16
6,11;11,6;16,20
6,11;11,6;17,17
6,11;11,6;17,19
6,12;12,6;0,0
6,12;12,6;0,36
6,12;12,6;1,1
6,12;12,6;1,35
6,12;12,6;2,2
6,12;12,6;2,34
6,12;12,6;3,3
6,12;12,6;3,33
6,12;12,6;4,4
6,12;12,6;4,32
6,12;12,6;5,5
6,12;12,6;5,31
6,12;12,6;6,6
6,12;12,6;6,30
6,12;12,6;7,7
6,12;12,6;7,29
6,12;12,6;8,8
6,12;12,6;8,28
6,12;12,6;9,9
6,12;12,6;9,27
6,12;12,6;10,10
6,12;12,6;10,26
6,12;12,6;11,11
6,12;12,6;11,25
6,12;12,6;12,12
6,12;12,6;12,24
6,12;12,6;13,13
6,12;12,6;13,23
6,12;12,6;14,14
6,12;12,6;14,22
6,12;12,6;15,15
6,12;12,6;15,21
6,12;12,6;16,16
6,12;12,6;16,20
6,12;12,6;17,17
6,12;12,6;17,19
6,13;13,6;0,0
6,13;13,6;0,36
6,13;13,6;1,1
6,13;13,6;1,35
6,13;13,6;2,2
6,13;13,6;2,34
6,13;13,6;3,3
6,13;13,6;3,33
6,13;13,6;4,4
6,13;13,6;4,32
6,13;13,6;5,5
6,13;13,6;5,31
6,13;13,6;6,6
6,13;13,6;6,30
6,13;13,6;7,7
6,13;13,6;7,29
6,13;13,6;8,8
6,13;13,6;8,28
6,13;13,6;9,9
6,13;13,6;9,27
6,13;13,6;10,10
6,13;13,6;10,26
6,13;13,6;11,11
6,13;13,6;11,25
6,13;13,6;12,12
6,13;13,6;12,24
6,13;13,6;13,13
6,13;13,6;13,23
6,13;13,6;14,14
6,13;13,6;14,22
6,13;13,6;15,15
6,13;13,6;15,21
6,13;13,6;16,16
6,13;13,6;16,20
6,13;13,6;17,17
6,13;13,6;17,19
6,14;14,6;0,0
6,14;14,6;0,36
6,14;14,6;1,1
6,14;14,6;1,35
6,14;14,6;2,2
6,14;14,6;2,34
6,14;14,6;3,3
6,14;14,6;3,33
6,14;14,6;4,4
6,14;14,6;4,32
6,14;14,6;5,5
6,14;14,6;5,31
6,14;14,6;6,6
6,14;14,6;6,30
6,14;14,6;7,7
6,14;14,6;7,29
6,14;14,6;8,8
6,14;14,6;8,28
6,14;14,6;9,9
6,14;14,6;9,27
6,14;14,6;10,10
6,14;14,6;10,26
6,14;14,6;11,11
6,14;14,6;11,25
6,14;14,6;12,12
6,14;14,6;12,24
6,14;14,6;13,13
6,14;14,6;13,23
6,14;14,6;14,14
6,14;14,6;14,22
6,14;14,6;15,15
6,14;14,6;15,21
6,14;14,6;16,16
6,14;14,6;16,20
6,14;14,6;17,17
6,14;14,6;17,19
6,15;15,6;0,0
6,15;15,6;0,36
6,15;15,6;1,1
6,15;15,6;1,35
6,15;15,6;2,2
6,15;15,6;2,34
6,15;15,6;3,3
6,15;15,6;3,33
6,15;15,6;4,4
6,15;15,6;4,32
6,15;15,6;5,5
6,15;15,6;5,31
6,15;15,6;6,6
6,15;15,6;6,30
6,15;15,6;7,7
6,15;15,6;7,29
6,15;15,6;8,8
6,15;15,6;8,28
6,15;15,6;9,9
6,15;15,6;9,27
6,15;15,6;10,10
6,15;15,6;10,26
6,15;15,6;11,11
6,15;15,6;11,25
6,15;15,6;12,12
6,15;15,6;12,24
6,15;15,6;13,13
6,15;15,6;13,23
6,15;15,6;14,14
6,15;15,6;14,22
6,15;15,6;15,15
6,15;15,6;15,21
6,15;15,6;16,16
6,15;15,6;16,20
6,15;15,6;17,17
6,15;15,6;17,19
6,16;16,6;0,0
6,16;16,6;0,36
6,16;16,6;1,1
6,16;16,6;1,35
6,16;16,6;2,2
6,16;16,6;2,34
6,16;16,6;3,3
6,16;16,6;3,33
6,16;16,6;4,4
6,16;16,6;4,32
6,16;16,6;5,5
6,16;16,6;5,31
6,16;16,6;6,6
6,16;16,6;6,30
6,16;16,6;7,7
6,16;16,6;7,29
6,16;16,6;8,8
6,16;16,6;8,28
6,16;16,6;9,9
6,16;16,6;9,27
6,16;16,6;10,10
6,16;16,6;10,26
6,16;16,6;11,11
6,16;16,6;11,25
6,16;16,6;12,12
6,16;16,6;12,24
6,16;16,6;13,13
6,16;16,6;13,23
6,16;16,6;14,14
6,16;16,6;14,22
6,16;16,6;15,15
6,16;16,6;15,21
6,16;16,6;16,16
6,16;16,6;16,20
6,16;16,6;17,17
6,16;16,6;17,19
6,17;17,6;0,0
6,17;17,6;0,36
6,17;17,6;1,1
6,17;17,6;1,35
6,17;17,6;2,2
6,17;17,6;2,34
6,17;17,6;3,3
6,17;17,6;3,33
6,17;17,6;4,4
6,17;17,6;4,32
6,17;17,6;5,5
6,17;17,6;5,31
6,17;17,6;6,6
6,17;17,6;6,30
6,17;17,6;7,7
6,17;17,6;7,29
6,17;17,6;8,8
6,17;17,6;8,28
6,17;17,6;9,9
6,17;17,6;9,27
6,17;17,6;10,10
6,17;17,6;10,26
6,17;17,6;11,11
6,17;17,6;11,25
6,17;17,6;12,12
6,17;17,6;12,24
6,17;17,6;13,13
6,17;17,6;13,23
6,17;17,6;14,14
6,17;17,6;14,22
6,17;17,6;15,15
6,17;17,6;15,21
6,17;17,6;16,16
6,17;17,6;16,20
6,17;17,6;17,17
6,17;17,6;17,19
7,8;8,7;0,0
7,8;8,7;0,36
7,8;8,7;1,1
7,8;8,7;1,35
7,8;8,7;2,2
7,8;8,7;2,34
7,8;8,7;3,3
7,8;8,7;3,33
7,8;8,7;4,4
7,8;8,7;4,32
7,8;8,7;5,5
7,8;8,7;5,31
7,8;8,7;6,6
7,8;8,7;6,30
7,8;8,7;7,7
7,8;8,7;7,29
7,8;8,7;8,8
7,8;8,7;8,28
7,8;8,7;9,9
7,8;8,7;9,27
7,8;8,7;10,10
7,8;8,7;10,26
7,8;8,7;11,11
7,8;8,7;11,25
7,8;8,7;12,12
7,8;8,7;12,24
7,8;8,7;13,13
7,8;8,7;13,23
7,8;8,7;14,14
7,8;8,7;14,22
7,8;8,7;15,15
7,8;8,7;15,21
7,8;8,7;16,16
7,8;8,7;16,20
7,8;8,7;17,17
7,8;8,7;17,19
7,9;9,7;0,0
7,9;9,7;0,36
7,9;9,7;1,1
7,9;9,7;1,35
7,9;9,7;2,2
7,9;9,7;2,34
7,9;9,7;3,3
7,9;9,7;3,33
7,9;9,7;4,4
7,9;9,7;4,32
7,9;9,7;5,5
7,9;9,7;5,31
7,9;9,7;6,6
7,9;9,7;6,30
7,9;9,7;7,7
7,9;9,7;7,29
7,9;9,7;8,8
7,9;9,7;8,28
7,9;9,7;9,9
7,9;9,7;9,27
7,9;9,7;10,10
7,9;9,7;10,26
7,9;9,7;11,11
7,9;9,7;11,25
7,9;9,7;12,12
7,9;9,7;12,24
7,9;9,7;13,13
7,9;9,7;13,23
7,9;9,7;14,14
7,9;9,7;14,22
7,9;9,7;15,15
7,9;9,7;15,21
7,9;9,7;16,16
7,9;9,7;16,20
7,9;9,7;17,17
7,9;9,7;17,19
7,10;10,7;0,0
7,10;10,7;0,36
7,10;10,7;1,1
7,10;10,7;1,35
7,10;10,7;2,2
7,10;10,7;2,34
7,10;10,7;3,3
7,10;10,7;3,33
7,10;10,7;4,4
7,10;10,7;4,32
7,10;10,7;5,5
7,10;10,7;5,31
7,10;10,7;6,6
7,10;10,7;6,30
7,10;10,7;7,7
7,10;10,7;7,29
7,10;10,7;8,8
7,10;10,7;8,28
7,10;10,7;9,9
7,10;10,7;9,27
7,10;10,7;10,10
7,10;10,7;10,26
7,10;10,7;11,11
7,10;10,7;11,25
7,10;10,7;12,12
7,10;10,7;12,24
7,10;10,7;13,13
7,10;10,7;13,23
7,10;10,7;14,14
7,10;10,7;14,22
7,10;10,7;15,15
7,10;10,7;15,21
7,10;10,7;16,16
7,10;10,7;16,20
7,10;10,7;17,17
7,10;10,7;17,19
7,11;11,7;0,0
7,11;11,7;0,36
7,11;11,7;1,1
7,11;11,7;1,35
7,11;11,7;2,2
7,11;11,7;2,34
7,11;11,7;3,3
7,11;11,7;3,33
7,11;11,7;4,4
7,11;11,7;4,32
7,11;11,7;5,5
7,11;11,7;5,31
7,11;11,7;6,6
7,11;11,7;6,30
7,11;11,7;7,7
7,11;11,7;7,29
7,11;11,7;8,8
7,11;11,7;8,28
7,11;11,7;9,9
7,11;11,7;9,27
7,11;11,7;10,10
7,11;11,7;10,26
7,11;11,7;11,11
7,11;11,7;11,25
7,11;11,7;12,12
7,11;11,7;12,24
7,11;11,7;13,13
7,11;11,7;13,23
7,11;11,7;14,14
7,11;11,7;14,22
7,11;11,7;15,15
7,11;11,7;15,21
7,11;11,7;16,16
7,11;11,7;16,20
7,11;11,7;17,17
7,11;11,7;17,19
7,12;12,7;0,0
7,12;12,7;0,36
7,12;12,7;1,1
7,12;12,7;1,35
7,12;12,7;2,2
7,12;12,7;2,34
7,12;12,7;3,3
7,12;12,7;3,33
7,12;12,7;4,4
7,12;12,7;4,32
7,12;12,7;5,5
7,12;12,7;5,31
7,12;12,7;6,6
7,12;12,7;6,30
7,12;12,7;7,7
7,12;12,7;7,29
7,12;12,7;8,8
7,12;12,7;8,28
7,12;12,7;9,9
7,12;12,7;9,27
7,12;12,7;10,10
7,12;12,7;10,26
7,12;12,7;11,11
7,12;12,7;11,25
7,12;12,7;12,12
7,12;12,7;12,24
7,12;12,7;13,13
7,12;12,7;13,23
7,12;12,7;14,14
7,12;12,7;14,22
7,12;12,7;15,15
7,12;12,7;15,21
7,12;12,7;16,16
7,12;12,7;16,20
7,12;12,7;17,17
7,12;12,7;17,19
7,13;13,7;0,0
7,13;13,7;0,36
7,13;13,7;1,1
7,13;13,7;1,35
7,13;13,7;2,2
7,13;13,7;2,34
7,13;13,7;3,3
7,13;13,7;3,33
7,13;13,7;4,4
7,13;13,7;4,32
7,13;13,7;5,5
7,13;13,7;5,31
7,13;13,7;6,6
7,13;13,7;6,30
7,13;13,7;7,7
7,13;13,7;7,29
7,13;13,7;8,8
7,13;13,7;8,28
7,13;13,7;9,9
7,13;13,7;9,27
7,13;13,7;10,10
7,13;13,7;10,26
7,13;13,7;11,11
7,13;13,7;11,25
7,13;13,7;12,12
7,13;13,7;12,24
7,13;13,7;13,13
7,13;13,7;13,23
7,13;13,7;14,14
7,13;13,7;14,22
7,13;13,7;15,15
7,13;13,7;15,21
7,13;13,7;16,16
7,13;13,7;16,20
7,13;13,7;17,17
7,13;13,7;17,19
7,14;14,7;0,0
7,14;14,7;0,36
7,14;14,7;1,1
7,14;14,7;1,35
7,14;14,7;2,2
7,14;14,7;2,34
7,14;14,7;3,3
7,14;14,7;3,33
7,14;14,7;4,4
7,14;14,7;4,32
7,14;14,7;5,5
7,14;14,7;5,31
7,14;14,7;6,6
7,14;14,7;6,30
7,14;14,7;7,7
7,14;14,7;7,29
7,14;14,7;8,8
7,14;14,7;8,28
7,14;14,7;9,9
7,14;14,7;9,27
7,14;14,7;10,10
7,14;14,7;10,26
7,14;14,7;11,11
7,14;14,7;11,25
7,14;14,7;12,12
7,14;14,7;12,24
7,14;14,7;13,13
7,14;14,7;13,23
7,14;14,7;14,14
7,14;14,7;14,22
7,14;14,7;15,15
7,14;14,7;15,21
7,14;14,7;16,16
7,14;14,7;16,20
7,14;14,7;17,17
7,14;14,7;17,19
7,15;15,7;0,0
7,15;15,7;0,36
7,15;15,7;1,1
7,15;15,7;1,35
7,15;15,7;2,2
7,15;15,7;2,34
7,15;15,7;3,3
7,15;15,7;3,33
7,15;15,7;4,4
7,15;15,7;4,32
7,15;15,7;5,5
7,15;15,7;5,31
7,15;15,7;6,6
7,15;15,7;6,30
7,15;15,7;7,7
7,15;15,7;7,29
7,15;15,7;8,8
7,15;15,7;8,28
7,15;15,7;9,9
7,15;15,7;9,27
7,15;15,7;10,10
7,15;15,7;10,26
7,15;15,7;11,11
7,15;15,7;11,25
7,15;15,7;12,12
7,15;15,7;12,24
7,15;15,7;13,13
7,15;15,7;13,23
7,15;15,7;14,14
7,15;15,7;14,22
7,15;15,7;15,15
7,15;15,7;15,21
7,15;15,7;16,16
7,15;15,7;16,20
7,15;15,7;17,17
7,15;15,7;17,19
7,16;16,7;0,0
7,16;16,7;0,36
7,16;16,7;1,1
7,16;16,7;1,35
7,16;16,7;2,2
7,16;16,7;2,34
7,16;16,7;3,3
7,16;16,7;3,33
7,16;16,7;4,4
7,16;16,7;4,32
7,16;16,7;5,5
7,16;16,7;5,31
7,16;16,7;6,6
7,16;16,7;6,30
7,16;16,7;7,7
7,16;16,7;7,29
7,16;16,7;8,8
7,16;16,7;8,28
7,16;16,7;9,9
7,16;16,7;9,27
7,16;16,7;10,10
7,16;16,7;10,26
7,16;16,7;11,11
7,16;16,7;11,25
7,16;16,7;12,12
7,16;16,7;12,24
7,16;16,7;13,13
7,16;16,7;13,23
7,16;16,7;14,14
7,16;16,7;14,22
7,16;16,7;15,15
7,16;16,7;15,21
7,16;16,7;16,16
7,16;16,7;16,20
7,16;16,7;17,17
7,16;16,7;17,19
7,17;17,7;0,0
7,17;17,7;0,36
7,17;17,7;1,1
7,17;17,7;1,35
7,17;17,7;2,2
7,17;17,7;2,34
7,17;17,7;3,3
7,17;17,7;3,33
7,17;17,7;4,4
7,17;17,7;4,32
7,17;17,7;5,5
7,17;17,7;5,31
7,17;17,7;6,6
7,17;17,7;6,30
7,17;17,7;7,7
7,17;17,7;7,29
7,17;17,7;8,8
7,17;17,7;8,28
7,17;17,7;9,9
7,17;17,7;9,27
7,17;17,7;10,10
7,17;17,7;10,26
7,17;17,7;11,11
7,17;17,7;11,25
7,17;17,7;12,12
7,17;17,7;12,24
7,17;17,7;13,13
7,17;17,7;13,23
7,17;17,7;14,14
7,17;17,7;14,22
7,17;17,7;15,15
7,17;17,7;15,21
7,17;17,7;16,16
7,17;17,7;16,20
7,17;17,7;17,17
7,17;17,7;17,19
8,9;9,8;0,0
8,9;9,8;0,36
8,9;9,8;1,1
8,9;9,8;1,35
8,9;9,8;2,2
8,9;9,8;2,34
8,9;9,8;3,3
8,9;9,8;3,33
8,9;9,8;4,4
8,9;9,8;4,32
8,9;9,8;5,5
8,9;9,8;5,31
8,9;9,8;6,6
8,9;9,8;6,30
8,9;9,8;7,7
8,9;9,8;7,29
8,9;9,8;8,8
8,9;9,8;8,28
8,9;9,8;9,9
8,9;9,8;9,27
8,9;9,8;10,10
8,9;9,8;10,26
8,9;9,8;11,11
8,9;9,8;11,25
8,9;9,8;12,12
8,9;9,8;12,24
8,9;9,8;13,13
8,9;9,8;13,23
8,9;9,8;14,14
8,9;9,8;14,22
8,9;9,8;15,15
8,9;9,8;15,21
8,9;9,8;16,16
8,9;9,8;16,20
8,9;9,8;17,17
8,9;9,8;17,19
8,10;10,8;0,0
8,10;10,8;0,36
8,10;10,8;1,1
8,10;10,8;1,35
8,10;10,8;2,2
8,10;10,8;2,34
8,10;10,8;3,3
8,10;10,8;3,33
8,10;10,8;4,4
8,10;10,8;4,32
8,10;10,8;5,5
8,10;10,8;5,31
8,10;10,8;6,6
8,10;10,8;6,30
8,10;10,8;7,7
8,10;10,8;7,29
8,10;10,8;8,8
8,10;10,8;8,28
8,10;10,8;9,9
8,10;10,8;9,27
8,10;10,8;10,10
8,10;10,8;10,26
8,10;10,8;11,11
8,10;10,8;11,25
8,10;10,8;12,12
8,10;10,8;12,24
8,10;10,8;13,13
8,10;10,8;13,23
8,10;10,8;14,14
8,10;10,8;14,22
8,10;10,8;15,15
8,10;10,8;15,21
8,10;10,8;16,16
8,10;10,8;16,20
8,10;10,8;17,17
8,10;10,8;17,19
8,11;11,8;0,0
8,11;11,8;0,36
8,11;11,8;1,1
8,11;11,8;1,35
8,11;11,8;2,2
8,11;11,8;2,34
8,11;11,8;3,3
8,11;11,8;3,33
8,11;11,8;4,4
8,11;11,8;4,32
8,11;11,8;5,5
8,11;11,8;5,31
8,11;11,8;6,6
8,11;11,8;6,30
8,11;11,8;7,7
8,11;11,8;7,29
8,11;11,8;8,8
8,11;11,8;8,28
8,11;11,8;9,9
8,11;11,8;9,27
8,11;11,8;10,10
8,11;11,8;10,26
8,11;11,8;11,11
8,11;11,8;11,25
8,11;11,8;12,12
8,11;11,8;12,24
8,11;11,8;13,13
8,11;11,8;13,23
8,11;11,8;14,14
8,11;11,8;14,22
8,11;11,8;15,15
8,11;11,8;15,21
8,11;11,8;16,16
8,11;11,8;16,20
8,11;11,8;17,17
8,11;11,8;17,19
8,12;12,8;0,0
8,12;12,8;0,36
8,12;12,8;1,1
8,12;12,8;1,35
8,12;12,8;2,2
8,12;12,8;2,34
8,12;12,8;3,3
8,12;12,8;3,33
8,12;12,8;4,4
8,12;12,8;4,32
8,12;12,8;5,5
8,12;12,8;5,31
8,12;12,8;6,6
8,12;12,8;6,30
8,12;12,8;7,7
8,12;12,8;7,29
8,12;12,8;8,8
8,12;12,8;8,28
8,12;12,8;9,9
8,12;12,8;9,27
8,12;12,8;10,10
8,12;12,8;10,26
8,12;12,8;11,11
8,12;12,8;11,25
8,12;12,8;12,12
8,12;12,8;12,24
8,12;12,8;13,13
8,12;12,8;13,23
8,12;12,8;14,14
8,12;12,8;14,22
8,12;12,8;15,15
8,12;12,8;15,21
8,12;12,8;16,16
8,12;12,8;16,20
8,12;12,8;17,17
8,12;12,8;17,19
8,13;13,8;0,0
8,13;13,8;0,36
8,13;13,8;1,1
8,13;13,8;1,35
8,13;13,8;2,2
8,13;13,8;2,34
8,13;13,8;3,3
8,13;13,8;3,33
8,13;13,8;4,4
8,13;13,8;4,32
8,13;13,8;5,5
8,13;13,8;5,31
8,13;13,8;6,6
8,13;13,8;6,30
8,13;13,8;7,7
8,13;13,8;7,29
8,13;13,8;8,8
8,13;13,8;8,28
8,13;13,8;9,9
8,13;13,8;9,27
8,13;13,8;10,10
8,13;13,8;10,26
8,13;13,8;11,11
8,13;13,8;11,25
8,13;13,8;12,12
8,13;13,8;12,24
8,13;13,8;13,13
8,13;13,8;13,23
8,13;13,8;14,14
8,13;13,8;14,22
8,13;13,8;15,15
8,13;13,8;15,21
8,13;13,8;16,16
8,13;13,8;16,20
8,13;13,8;17,17
8,13;13,8;17,19
8,14;14,8;0,0
8,14;14,8;0,36
8,14;14,8;1,1
8,14;14,8;1,35
8,14;14,8;2,2
8,14;14,8;2,34
8,14;14,8;3,3
8,14;14,8;3,33
8,14;14,8;4,4
8,14;14,8;4,32
8,14;14,8;5,5
8,14;14,8;5,31
8,14;14,8;6,6
8,14;14,8;6,30
8,14;14,8;7,7
8,14;14,8;7,29
8,14;14,8;8,8
8,14;14,8;8,28
8,14;14,8;9,9
8,14;14,8;9,27
8,14;14,8;10,10
8,14;14,8;10,26
8,14;14,8;11,11
8,14;14,8;11,25
8,14;14,8;12,12
8,14;14,8;12,24
8,14;14,8;13,13
8,14;14,8;13,23
8,14;14,8;14,14
8,14;14,8;14,22
8,14;14,8;15,15
8,14;14,8;15,21
8,14;14,8;16,16
8,14;14,8;16,20
8,14;14,8;17,17
8,14;14,8;17,19
8,15;15,8;0,0
8,15;15,8;0,36
8,15;15,8;1,1
8,15;15,8;1,35
8,15;15,8;2,2
8,15;15,8;2,34
8,15;15,8;3,3
8,15;15,8;3,33
8,15;15,8;4,4
8,15;15,8;4,32
8,15;15,8;5,5
8,15;15,8;5,31
8,15;15,8;6,6
8,15;15,8;6,30
8,15;15,8;7,7
8,15;15,8;7,29
8,15;15,8;8,8
8,15;15,8;8,28
8,15;15,8;9,9
8,15;15,8;9,27
8,15;15,8;10,10
8,15;15,8;10,26
8,15;15,8;11,11
8,15;15,8;11,25
8,15;15,8;12,12
8,15;15,8;12,24
8,15;15,8;13,13
8,15;15,8;13,23
8,15;15,8;14,14
8,15;15,8;14,22
8,15;15,8;15,15
8,15;15,8;15,21
8,15;15,8;16,16
8,15;15,8;16,20
8,15;15,8;17,17
8,15;15,8;17,19
8,16;16,8;0,0
8,16;16,8;0,36
8,16;16,8;1,1
8,16;16,8;1,35
8,16;16,8;2,2
8,16;16,8;2,34
8,16;16,8;3,3
8,16;16,8;3,33
8,16;16,8;4,4
8,16;16,8;4,32
8,16;16,8;5,5
8,16;16,8;5,31
8,16;16,8;6,6
8,16;16,8;6,30
8,16;16,8;7,7
8,16;16,8;7,29
8,16;16,8;8,8
8,16;16,8;8,28
8,16;16,8;9,9
8,16;16,8;9,27
8,16;16,8;10,10
8,16;16,8;10,26
8,16;16,8;11,11
8,16;16,8;11,25
8,16;16,8;12,12
8,16;16,8;12,24
8,16;16,8;13,13
8,16;16,8;13,23
8,16;16,8;14,14
8,16;16,8;14,22
8,16;16,8;15,15
8,16;16,8;15,21
8,16;16,8;16,16
8,16;16,8;16,20
8,16;16,8;17,17
8,16;16,8;17,19
8,17;17,8;0,0
8,17;17,8;0,36
8,17;17,8;1,1
8,17;17,8;1,35
8,17;17,8;2,2
8,17;17,8;2,34
8,17;17,8;3,3
8,17;17,8;3,33
8,17;17,8;4,4
8,17;17,8;4,32
8,17;17,8;5,5
8,17;17,8;5,31
8,17;17,8;6,6
8,17;17,8;6,30
8,17;17,8;7,7
8,17;17,8;7,29
8,17;17,8;8,8
8,17;17,8;8,28
8,17;17,8;9,9
8,17;17,8;9,27
8,17;17,8;10,10
8,17;17,8;10,26
8,17;17,8;11,11
8,17;17,8;11,25
8,17;17,8;12,12
8,17;17,8;12,24
8,17;17,8;13,13
8,17;17,8;13,23
8,17;17,8;14,14
8,17;17,8;14,22
8,17;17,8;15,15
8,17;17,8;15,21
8,17;17,8;16,16
8,17;17,8;16,20
8,17;17,8;17,17
8,17;17,8;17,19
9,10;10,9;0,0
9,10;10,9;0,36
9,10;10,9;1,1
9,10;10,9;1,35
9,10;10,9;2,2
9,10;10,9;2,34
9,10;10,9;3,3
9,10;10,9;3,33
9,10;10,9;4,4
9,10;10,9;4,32
9,10;10,9;5,5
9,10;10,9;5,31
9,10;10,9;6,6
9,10;10,9;6,30
9,10;10,9;7,7
9,10;10,9;7,29
9,10;10,9;8,8
9,10;10,9;8,28
9,10;10,9;9,9
9,10;10,9;9,27
9,10;10,9;10,10
9,10;10,9;10,26
9,10;10,9;11,11
9,10;10,9;11,25
9,10;10,9;12,12
9,10;10,9;12,24
9,10;10,9;13,13
9,10;10,9;13,23
9,10;10,9;14,14
9,10;10,9;14,22
9,10;10,9;15,15
9,10;10,9;15,21
9,10;10,9;16,16
9,10;10,9;16,20
9,10;10,9;17,17
9,10;10,9;17,19
9,11;11,9;0,0
9,11;11,9;0,36
9,11;11,9;1,1
9,11;11,9;1,35
9,11;11,9;2,2
9,11;11,9;2,34
9,11;11,9;3,3
9,11;11,9;3,33
9,11;11,9;4,4
9,11;11,9;4,32
9,11;11,9;5,5
9,11;11,9;5,31
9,11;11,9;6,6
9,11;11,9;6,30
9,11;11,9;7,7
9,11;11,9;7,29
9,11;11,9;8,8
9,11;11,9;8,28
9,11;11,9;9,9
9,11;11,9;9,27
9,11;11,9;10,10
9,11;11,9;10,26
9,11;11,9;11,11
9,11;11,9;11,25
9,11;11,9;12,12
9,11;11,9;12,24
9,11;11,9;13,13
9,11;11,9;13,23
9,11;11,9;14,14
9,11;11,9;14,22
9,11;11,9;15,15
9,11;11,9;15,21
9,11;11,9;16,16
9,11;11,9;16,20
9,11;11,9;17,17
9,11;11,9;17,19
9,12;12,9;0,0
9,12;12,9;0,36
9,12;12,9;1,1
9,12;12,9;1,35
9,12;12,9;2,2
9,12;12,9;2,34
9,12;12,9;3,3
9,12;12,9;3,33
9,12;12,9;4,4
9,12;12,9;4,32
9,12;12,9;5,5
9,12;12,9;5,31
9,12;12,9;6,6
9,12;12,9;6,30
9,12;12,9;7,7
9,12;12,9;7,29
9,12;12,9;8,8
9,12;12,9;8,28
9,12;12,9;9,9
9,12;12,9;9,27
9,12;12,9;10,10
9,12;12,9;10,26
9,12;12,9;11,11
9,12;12,9;11,25
9,12;12,9;12,12
9,12;12,9;12,24
9,12;12,9;13,13
9,12;12,9;13,23
9,12;12,9;14,14
9,12;12,9;14,22
9,12;12,9;15,15
9,12;12,9;15,21
9,12;12,9;16,16
9,12;12,9;16,20
9,12;12,9;17,17
9,12;12,9;17,19
9,13;13,9;0,0
9,13;13,9;0,36
9,13;13,9;1,1
9,13;13,9;1,35
9,13;13,9;2,2
9,13;13,9;2,34
9,13;13,9;3,3
9,13;13,9;3,33
9,13;13,9;4,4
9,13;13,9;4,32
9,13;13,9;5,5
9,13;13,9;5,31
9,13;13,9;6,6
9,13;13,9;6,30
9,13;13,9;7,7
9,13;13,9;7,29
9,13;13,9;8,8
9,13;13,9;8,28
9,13;13,9;9,9
9,13;13,9;9,27
9,13;13,9;10,10
9,13;13,9;10,26
9,13;13,9;11,11
9,13;13,9;11,25
9,13;13,9;12,12
9,13;13,9;12,24
9,13;13,9;13,13
9,13;13,9;13,23
9,13;13,9;14,14
9,13;13,9;14,22
9,13;13,9;15,15
9,13;13,9;15,21
9,13;13,9;16,16
9,13;13,9;16,20
9,13;13,9;17,17
9,13;13,9;17,19
9,14;14,9;0,0
9,14;14,9;0,36
9,14;14,9;1,1
9,14;14,9;1,35
9,14;14,9;2,2
9,14;14,9;2,34
9,14;14,9;3,3
9,14;14,9;3,33
9,14;14,9;4,4
9,14;14,9;4,32
9,14;14,9;5,5
9,14;14,9;5,31
9,14;14,9;6,6
9,14;14,9;6,30
9,14;14,9;7,7
9,14;14,9;7,29
9,14;14,9;8,8
9,14;14,9;8,28
9,14;14,9;9,9
9,14;14,9;9,27
9,14;14,9;10,10
9,14;14,9;10,26
9,14;14,9;11,11
9,14;14,9;11,25
9,14;14,9;12,12
9,14;14,9;12,24
9,14;14,9;13,13
9,14;14,9;13,23
9,14;14,9;14,14
9,14;14,9;14,22
9,14;14,9;15,15
9,14;14,9;15,21
9,14;14,9;16,16
9,14;14,9;16,20
9,14;14,9;17,17
9,14;14,9;17,19
9,15;15,9;0,0
9,15;15,9;0,36
9,15;15,9;1,1
9,15;15,9;1,35
9,15;15,9;2,2
9,15;15,9;2,34
9,15;15,9;3,3
9,15;15,9;3,33
9,15;15,9;4,4
9,15;15,9;4,32
9,15;15,9;5,5
9,15;15,9;5,31
9,15;15,9;6,6
9,15;15,9;6,30
9,15;15,9;7,7
9,15;15,9;7,29
9,15;15,9;8,8
9,15;15,9;8,28
9,15;15,9;9,9
9,15;15,9;9,27
9,15;15,9;10,10
9,15;15,9;10,26
9,15;15,9;11,11
9,15;15,9;11,25
9,15;15,9;12,12
9,15;15,9;12,24
9,15;15,9;13,13
9,15;15,9;13,23
9,15;15,9;14,14
9,15;15,9;14,22
9,15;15,9;15,15
9,15;15,9;15,21
9,15;15,9;16,16
9,15;15,9;16,20
9,15;15,9;17,17
9,15;15,9;17,19
9,16;16,9;0,0
9,16;16,9;0,36
9,16;16,9;1,1
9,16;16,9;1,35
9,16;16,9;2,2
9,16;16,9;2,34
9,16;16,9;3,3
9,16;16,9;3,33
9,16;16,9;4,4
9,16;16,9;4,32
9,16;16,9;5,5
9,16;16,9;5,31
9,16;16,9;6,6
9,16;16,9;6,30
9,16;16,9;7,7
9,16;16,9;7,29
9,16;16,9;8,8
9,16;16,9;8,28
9,16;16,9;9,9
9,16;16,9;9,27
9,16;16,9;10,10
9,16;16,9;10,26
9,16;16,9;11,11
9,16;16,9;11,25
9,16;16,9;12,12
9,16;16,9;12,24
9,16;16,9;13,13
9,16;16,9;13,23
9,16;16,9;14,14
9,16;16,9;14,22
9,16;16,9;15,15
9,16;16,9;15,21
9,16;16,9;16,16
9,16;16,9;16,20
9,16;16,9;17,17
9,16;16,9;17,19
9,17;17,9;0,0
9,17;17,9;0,36
9,17;17,9;1,1
9,17;17,9;1,35
9,17;17,9;2,2
9,17;17,9;2,34
9,17;17,9;3,3
9,17;17,9;3,33
9,17;17,9;4,4
9,17;17,9;4,32
9,17;17,9;5,5
9,17;17,9;5,31
9,17;17,9;6,6
9,17;17,9;6,30
9,17;17,9;7,7
9,17;17,9;7,29
9,17;17,9;8,8
9,17;17,9;8,28
9,17;17,9;9,9
9,17;17,9;9,27
9,17;17,9;10,10
9,17;17,9;10,26
9,17;17,9;11,11
9,17;17,9;11,25
9,17;17,9;12,12
9,17;17,9;12,24
9,17;17,9;13,13
9,17;17,9;13,23
9,17;17,9;14,14
9,17;17,9;14,22
9,17;17,9;15,15
9,17;17,9;15,21
9,17;17,9;16,16
9,17;17,9;16,20
9,17;17,9;17,17
9,17;17,9;17,19
10,11;11,10;0,0
10,11;11,10;0,36
10,11;11,10;1,1
10,11;11,10;1,35
10,11;11,10;2,2
10,11;11,10;2,34
10,11;11,10;3,3
10,11;11,10;3,33
10,11;11,10;4,4
10,11;11,10;4,32
10,11;11,10;5,5
10,11;11,10;5,31
10,11;11,10;6,6
10,11;11,10;6,30
10,11;11,10;7,7
10,11;11,10;7,29
10,11;11,10;8,8
10,11;11,10;8,28
10,11;11,10;9,9
10,11;11,10;9,27
10,11;11,10;10,10
10,11;11,10;10,26
10,11;11,10;11,11
10,11;11,10;11,25
10,11;11,10;12,12
10,11;11,10;12,24
10,11;11,10;13,13
10,11;11,10;13,23
10,11;11,10;14,14
10,11;11,10;14,22
10,11;11,10;15,15
10,11;11,10;15,21
10,11;11,10;16,16
10,11;11,10;16,20
10,11;11,10;17,17
10,11;11,10;17,19
10,12;12,10;0,0
10,12;12,10;0,36
10,12;12,10;1,1
10,12;12,10;1,35
10,12;12,10;2,2
10,12;12,10;2,34
10,12;12,10;3,3
10,12;12,10;3,33
10,12;12,10;4,4
10,12;12,10;4,32
10,12;12,10;5,5
10,12;12,10;5,31
10,12;12,10;6,6
10,12;12,10;6,30
10,12;12,10;7,7
10,12;12,10;7,29
10,12;12,10;8,8
10,12;12,10;8,28
10,12;12,10;9,9
10,12;12,10;9,27
10,12;12,10;10,10
10,12;12,10;10,26
10,12;12,10;11,11
10,12;12,10;11,25
10,12;12,10;12,12
10,12;12,10;12,24
10,12;12,10;13,13
10,12;12,10;13,23
10,12;12,10;14,14
10,12;12,10;14,22
10,12;12,10;15,15
10,12;12,10;15,21
10,12;12,10;16,16
10,12;12,10;16,20
10,12;12,10;17,17
10,12;12,10;17,19
10,13;13,10;0,0
10,13;13,10;0,36
10,13;13,10;1,1
10,13;13,10;1,35
10,13;13,10;2,2
10,13;13,10;2,34
10,13;13,10;3,3
10,13;13,10;3,33
10,13;13,10;4,4
10,13;13,10;4,32
10,13;13,10;5,5
10,13;13,10;5,31
10,13;13,10;6,6
10,13;13,10;6,30
10,13;13,10;7,7
10,13;13,10;7,29
10,13;13,10;8,8
10,13;13,10;8,28
10,13;13,10;9,9
10,13;13,10;9,27
10,13;13,10;10,10
10,13;13,10;10,26
10,13;13,10;11,11
10,13;13,10;11,25
10,13;13,10;12,12
10,13;13,10;12,24
10,13;13,10;13,13
10,13;13,10;13,23
10,13;13,10;14,14
10,13;13,10;14,22
10,13;13,10;15,15
10,13;13,10;15,21
10,13;13,10;16,16
10,13;13,10;16,20
10,13;13,10;17,17
10,13;13,10;17,19
10,14;14,10;0,0
10,14;14,10;0,36
10,14;14,10;1,1
10,14;14,10;1,35
10,14;14,10;2,2
10,14;14,10;2,34
10,14;14,10;3,3
10,14;14,10;3,33
10,14;14,10;4,4
10,14;14,10;4,32
10,14;14,10;5,5
10,14;14,10;5,31
10,14;14,10;6,6
10,14;14,10;6,30
10,14;14,10;7,7
10,14;14,10;7,29
10,14;14,10;8,8
10,14;14,10;8,28
10,14;14,10;9,9
10,14;14,10;9,27
10,14;14,10;10,10
10,14;14,10;10,26
10,14;14,10;11,11
10,14;14,10;11,25
10,14;14,10;12,12
10,14;14,10;12,24
10,14;14,10;13,13
10,14;14,10;13,23
10,14;14,10;14,14
10,14;14,10;14,22
10,14;14,10;15,15
10,14;14,10;15,21
10,14;14,10;16,16
10,14;14,10;16,20
10,14;14,10;17,17
10,14;14,10;17,19
10,15;15,10;0,0
10,15;15,10;0,36
10,15;15,10;1,1
10,15;15,10;1,35
10,15;15,10;2,2
10,15;15,10;2,34
10,15;15,10;3,3
10,15;15,10;3,33
10,15;15,10;4,4
10,15;15,10;4,32
10,15;15,10;5,5
10,15;15,10;5,31
10,15;15,10;6,6
10,15;15,10;6,30
10,15;15,10;7,7
10,15;15,10;7,29
10,15;15,10;8,8
10,15;15,10;8,28
10,15;15,10;9,9
10,15;15,10;9,27
10,15;15,10;10,10
10,15;15,10;10,26
10,15;15,10;11,11
10,15;15,10;11,25
10,15;15,10;12,12
10,15;15,10;12,24
10,15;15,10;13,13
10,15;15,10;13,23
10,15;15,10;14,14
10,15;15,10;14,22
10,15;15,10;15,15
10,15;15,10;15,21
10,15;15,10;16,16
10,15;15,10;16,20
10,15;15,10;17,17
10,15;15,10;17,19
10,16;16,10;0,0
10,16;16,10;0,36
10,16;16,10;1,1
10,16;16,10;1,35
10,16;16,10;2,2
10,16;16,10;2,34
10,16;16,10;3,3
10,16;16,10;3,33
10,16;16,10;4,4
10,16;16,10;4,32
10,16;16,10;5,5
10,16;16,10;5,31
10,16;16,10;6,6
10,16;16,10;6,30
10,16;16,10;7,7
10,16;16,10;7,29
10,16;16,10;8,8
10,16;16,10;8,28
10,16;16,10;9,9
10,16;16,10;9,27
10,16;16,10;10,10
10,16;16,10;10,26
10,16;16,10;11,11
10,16;16,10;11,25
10,16;16,10;12,12
10,16;16,10;12,24
10,16;16,10;13,13
10,16;16,10;13,23
10,16;16,10;14,14
10,16;16,10;14,22
10,16;16,10;15,15
10,16;16,10;15,21
10,16;16,10;16,16
10,16;16,10;16,20
10,16;16,10;17,17
10,16;16,10;17,19
10,17;17,10;0,0
10,17;17,10;0,36
10,17;17,10;1,1
10,17;17,10;1,35
10,17;17,10;2,2
10,17;17,10;2,34
10,17;17,10;3,3
10,17;17,10;3,33
10,17;17,10;4,4
10,17;17,10;4,32
10,17;17,10;5,5
10,17;17,10;5,31
10,17;17,10;6,6
10,17;17,10;6,30
10,17;17,10;7,7
10,17;17,10;7,29
10,17;17,10;8,8
10,17;17,10;8,28
10,17;17,10;9,9
10,17;17,10;9,27
10,17;17,10;10,10
10,17;17,10;10,26
10,17;17,10;11,11
10,17;17,10;11,25
10,17;17,10;12,12
10,17;17,10;12,24
10,17;17,10;13,13
10,17;17,10;13,23
10,17;17,10;14,14
10,17;17,10;14,22
10,17;17,10;15,15
10,17;17,10;15,21
10,17;17,10;16,16
10,17;17,10;16,20
10,17;17,10;17,17
10,17;17,10;17,19
11,12;12,11;0,0
11,12;12,11;0,36
11,12;12,11;1,1
11,12;12,11;1,35
11,12;12,11;2,2
11,12;12,11;2,34
11,12;12,11;3,3
11,12;12,11;3,33
11,12;12,11;4,4
11,12;12,11;4,32
11,12;12,11;5,5
11,12;12,11;5,31
11,12;12,11;6,6
11,12;12,11;6,30
11,12;12,11;7,7
11,12;12,11;7,29
11,12;12,11;8,8
11,12;12,11;8,28
11,12;12,11;9,9
11,12;12,11;9,27
11,12;12,11;10,10
11,12;12,11;10,26
11,12;12,11;11,11
11,12;12,11;11,25
11,12;12,11;12,12
11,12;12,11;12,24
11,12;12,11;13,13
11,12;12,11;13,23
11,12;12,11;14,14
11,12;12,11;14,22
11,12;12,11;15,15
11,12;12,11;15,21
11,12;12,11;16,16
11,12;12,11;16,20
11,12;12,11;17,17
11,12;12,11;17,19
11,13;13,11;0,0
11,13;13,11;0,36
11,13;13,11;1,1
11,13;13,11;1,35
11,13;13,11;2,2
11,13;13,11;2,34
11,13;13,11;3,3
11,13;13,11;3,33
11,13;13,11;4,4
11,13;13,11;4,32
11,13;13,11;5,5
11,13;13,11;5,31
11,13;13,11;6,6
11,13;13,11;6,30
11,13;13,11;7,7
11,13;13,11;7,29
11,13;13,11;8,8
11,13;13,11;8,28
11,13;13,11;9,9
11,13;13,11;9,27
11,13;13,11;10,10
11,13;13,11;10,26
11,13;13,11;11,11
11,13;13,11;11,25
11,13;13,11;12,12
11,13;13,11;12,24
11,13;13,11;13,13
11,13;13,11;13,23
11,13;13,11;14,14
11,13;13,11;14,22
11,13;13,11;15,15
11,13;13,11;15,21
11,13;13,11;16,16
11,13;13,11;16,20
11,13;13,11;17,17
11,13;13,11;17,19
11,14;14,11;0,0
11,14;14,11;0,36
11,14;14,11;1,1
11,14;14,11;1,35
11,14;14,11;2,2
11,14;14,11;2,34
11,14;14,11;3,3
11,14;14,11;3,33
11,14;14,11;4,4
11,14;14,11;4,32
11,14;14,11;5,5
11,14;14,11;5,31
11,14;14,11;6,6
11,14;14,11;6,30
11,14;14,11;7,7
11,14;14,11;7,29
11,14;14,11;8,8
11,14;14,11;8,28
11,14;14,11;9,9
11,14;14,11;9,27
11,14;14,11;10,10
11,14;14,11;10,26
11,14;14,11;11,11
11,14;14,11;11,25
11,14;14,11;12,12
11,14;14,11;12,24
11,14;14,11;13,13
11,14;14,11;13,23
11,14;14,11;14,14
11,14;14,11;14,22
11,14;14,11;15,15
11,14;14,11;15,21
11,14;14,11;16,16
11,14;14,11;16,20
11,14;14,11;17,17
11,14;14,11;17,19
11,15;15,11;0,0
11,15;15,11;0,36
11,15;15,11;1,1
11,15;15,11;1,35
11,15;15,11;2,2
11,15;15,11;2,34
11,15;15,11;3,3
11,15;15,11;3,33
11,15;15,11;4,4
11,15;15,11;4,32
11,15;15,11;5,5
11,15;15,11;5,31
11,15;15,11;6,6
11,15;15,11;6,30
11,15;15,11;7,7
11,15;15,11;7,29
11,15;15,11;8,8
11,15;15,11;8,28
11,15;15,11;9,9
11,15;15,11;9,27
11,15;15,11;10,10
11,15;15,11;10,26
11,15;15,11;11,11
11,15;15,11;11,25
11,15;15,11;12,12
11,15;15,11;12,24
11,15;15,11;13,13
11,15;15,11;13,23
11,15;15,11;14,14
11,15;15,11;14,22
11,15;15,11;15,15
11,15;15,11;15,21
11,15;15,11;16,16
11,15;15,11;16,20
11,15;15,11;17,17
11,15;15,11;17,19
11,16;16,11;0,0
11,16;16,11;0,36
11,16;16,11;1,1
11,16;16,11;1,35
11,16;16,11;2,2
11,16;16,11;2,34
11,16;16,11;3,3
11,16;16,11;3,33
11,16;16,11;4,4
11,16;16,11;4,32
11,16;16,11;5,5
11,16;16,11;5,31
11,16;16,11;6,6
11,16;16,11;6,30
11,16;16,11;7,7
11,16;16,11;7,29
11,16;16,11;8,8
11,16;16,11;8,28
11,16;16,11;9,9
11,16;16,11;9,27
11,16;16,11;10,10
11,16;16,11;10,26
11,16;16,11;11,11
11,16;16,11;11,25
11,16;16,11;12,12
11,16;16,11;12,24
11,16;16,11;13,13
11,16;16,11;13,23
11,16;16,11;14,14
11,16;16,11;14,22
11,16;16,11;15,15
11,16;16,11;15,21
11,16;16,11;16,16
11,16;16,11;16,20
11,16;16,11;17,17
11,16;16,11;17,19
11,17;17,11;0,0
11,17;17,11;0,36
11,17;17,11;1,1
11,17;17,11;1,35
11,17;17,11;2,2
11,17;17,11;2,34
11,17;17,11;3,3
11,17;17,11;3,33
11,17;17,11;4,4
11,17;17,11;4,32
11,17;17,11;5,5
11,17;17,11;5,31
11,17;17,11;6,6
11,17;17,11;6,30
11,17;17,11;7,7
11,17;17,11;7,29
11,17;17,11;8,8
11,17;17,11;8,28
11,17;17,11;9,9
11,17;17,11;9,27
11,17;17,11;10,10
11,17;17,11;10,26
11,17;17,11;11,11
11,17;17,11;11,25
11,17;17,11;12,12
11,17;17,11;12,24
11,17;17,11;13,13
11,17;17,11;13,23
11,17;17,11;14,14
11,17;17,11;14,22
11,17;17,11;15,15
11,17;17,11;15,21
11,17;17,11;16,16
11,17;17,11;16,20
11,17;17,11;17,17
11,17;17,11;17,19
12,13;13,12;0,0
12,13;13,12;0,36
12,13;13,12;1,1
12,13;13,12;1,35
12,13;13,12;2,2
12,13;13,12;2,34
12,13;13,12;3,3
12,13;13,12;3,33
12,13;13,12;4,4
12,13;13,12;4,32
12,13;13,12;5,5
12,13;13,12;5,31
12,13;13,12;6,6
12,13;13,12;6,30
12,13;13,12;7,7
12,13;13,12;7,29
12,13;13,12;8,8
12,13;13,12;8,28
12,13;13,12;9,9
12,13;13,12;9,27
12,13;13,12;10,10
12,13;13,12;10,26
12,13;13,12;11,11
12,13;13,12;11,25
12,13;13,12;12,12
12,13;13,12;12,24
12,13;13,12;13,13
12,13;13,12;13,23
12,13;13,12;14,14
12,13;13,12;14,22
12,13;13,12;15,15
12,13;13,12;15,21
12,13;13,12;16,16
12,13;13,12;16,20
12,13;13,12;17,17
12,13;13,12;17,19
12,14;14,12;0,0
12,14;14,12;0,36
12,14;14,12;1,1
12,14;14,12;1,35
12,14;14,12;2,2
12,14;14,12;2,34
12,14;14,12;3,3
12,14;14,12;3,33
12,14;14,12;4,4
12,14;14,12;4,32
12,14;14,12;5,5
12,14;14,12;5,31
12,14;14,12;6,6
12,14;14,12;6,30
12,14;14,12;7,7
12,14;14,12;7,29
12,14;14,12;8,8
12,14;14,12;8,28
12,14;14,12;9,9
12,14;14,12;9,27
12,14;14,12;10,10
12,14;14,12;10,26
12,14;14,12;11,11
12,14;14,12;11,25
12,14;14,12;12,12
12,14;14,12;12,24
12,14;14,12;13,13
12,14;14,12;13,23
12,14;14,12;14,14
12,14;14,12;14,22
12,14;14,12;15,15
12,14;14,12;15,21
12,14;14,12;16,16
12,14;14,12;16,20
12,14;14,12;17,17
12,14;14,12;17,19
12,15;15,12;0,0
12,15;15,12;0,36
12,15;15,12;1,1
12,15;15,12;1,35
12,15;15,12;2,2
12,15;15,12;2,34
12,15;15,12;3,3
12,15;15,12;3,33
12,15;15,12;4,4
12,15;15,12;4,32
12,15;15,12;5,5
12,15;15,12;5,31
12,15;15,12;6,6
12,15;15,12;6,30
12,15;15,12;7,7
12,15;15,12;7,29
12,15;15,12;8,8
12,15;15,12;8,28
12,15;15,12;9,9
12,15;15,12;9,27
12,15;15,12;10,10
12,15;15,12;10,26
12,15;15,12;11,11
12,15;15,12;11,25
12,15;15,12;12,12
12,15;15,12;12,24
12,15;15,12;13,13
12,15;15,12;13,23
12,15;15,12;14,14
12,15;15,12;14,22
12,15;15,12;15,15
12,15;15,12;15,21
12,15;15,12;16,16
12,15;15,12;16,20
12,15;15,12;17,17
12,15;15,12;17,19
12,16;16,12;0,0
12,16;16,12;0,36
12,16;16,12;1,1
12,16;16,12;1,35
12,16;16,12;2,2
12,16;16,12;2,34
12,16;16,12;3,3
12,16;16,12;3,33
12,16;16,12;4,4
12,16;16,12;4,32
12,16;16,12;5,5
12,16;16,12;5,31
12,16;16,12;6,6
12,16;16,12;6,30
12,16;16,12;7,7
12,16;16,12;7,29
12,16;16,12;8,8
12,16;16,12;8,28
12,16;16,12;9,9
12,16;16,12;9,27
12,16;16,12;10,10
12,16;16,12;10,26
12,16;16,12;11,11
12,16;16,12;11,25
12,16;16,12;12,12
12,16;16,12;12,24
12,16;16,12;13,13
12,16;16,12;13,23
12,16;16,12;14,14
12,16;16,12;14,22
12,16;16,12;15,15
12,16;16,12;15,21
12,16;16,12;16,16
12,16;16,12;16,20
12,16;16,12;17,17
12,16;16,12;17,19
12,17;17,12;0,0
12,17;17,12;0,36
12,17;17,12;1,1
12,17;17,12;1,35
12,17;17,12;2,2
12,17;17,12;2,34
12,17;17,12;3,3
12,17;17,12;3,33
12,17;17,12;4,4
12,17;17,12;4,32
12,17;17,12;5,5
12,17;17,12;5,31
12,17;17,12;6,6
12,17;17,12;6,30
12,17;17,12;7,7
12,17;17,12;7,29
12,17;17,12;8,8
12,17;17,12;8,28
12,17;17,12;9,9
12,17;17,12;9,27
12,17;17,12;10,10
12,17;17,12;10,26
12,17;17,12;11,11
12,17;17,12;11,25
12,17;17,12;12,12
12,17;17,12;12,24
12,17;17,12;13,13
12,17;17,12;13,23
12,17;17,12;14,14
12,17;17,12;14,22
12,17;17,12;15,15
12,17;17,12;15,21
12,17;17,12;16,16
12,17;17,12;16,20
12,17;17,12;17,17
12,17;17,12;17,19
13,14;14,13;0,0
13,14;14,13;0,36
13,14;14,13;1,1
13,14;14,13;1,35
13,14;14,13;2,2
13,14;14,13;2,34
13,14;14,13;3,3
13,14;14,13;3,33
13,14;14,13;4,4
13,14;14,13;4,32
13,14;14,13;5,5
13,14;14,13;5,31
13,14;14,13;6,6
13,14;14,13;6,30
13,14;14,13;7,7
13,14;14,13;7,29
13,14;14,13;8,8
13,14;14,13;8,28
13,14;14,13;9,9
13,14;14,13;9,27
13,14;14,13;10,10
13,14;14,13;10,26
13,14;14,13;11,11
13,14;14,13;11,25
13,14;14,13;12,12
13,14;14,13;12,24
13,14;14,13;13,13
13,14;14,13;13,23
13,14;14,13;14,14
13,14;14,13;14,22
13,14;14,13;15,15
13,14;14,13;15,21
13,14;14,13;16,16
13,14;14,13;16,20
13,14;14,13;17,17
13,14;14,13;17,19
13,15;15,13;0,0
13,15;15,13;0,36
13,15;15,13;1,1
13,15;15,13;1,35
13,15;15,13;2,2
13,15;15,13;2,34
13,15;15,13;3,3
13,15;15,13;3,33
13,15;15,13;4,4
13,15;15,13;4,32
13,15;15,13;5,5
13,15;15,13;5,31
13,15;15,13;6,6
13,15;15,13;6,30
13,15;15,13;7,7
13,15;15,13;7,29
13,15;15,13;8,8
13,15;15,13;8,28
13,15;15,13;9,9
13,15;15,13;9,27
13,15;15,13;10,10
13,15;15,13;10,26
13,15;15,13;11,11
13,15;15,13;11,25
13,15;15,13;12,12
13,15;15,13;12,24
13,15;15,13;13,13
13,15;15,13;13,23
13,15;15,13;14,14
13,15;15,13;14,22
13,15;15,13;15,15
13,15;15,13;15,21
13,15;15,13;16,16
13,15;15,13;16,20
13,15;15,13;17,17
13,15;15,13;17,19
13,16;16,13;0,0
13,16;16,13;0,36
13,16;16,13;1,1
13,16;16,13;1,35
13,16;16,13;2,2
13,16;16,13;2,34
13,16;16,13;3,3
13,16;16,13;3,33
13,16;16,13;4,4
13,16;16,13;4,32
13,16;16,13;5,5
13,16;16,13;5,31
13,16;16,13;6,6
13,16;16,13;6,30
13,16;16,13;7,7
13,16;16,13;7,29
13,16;16,13;8,8
13,16;16,13;8,28
13,16;16,13;9,9
13,16;16,13;9,27
13,16;16,13;10,10
13,16;16,13;10,26
13,16;16,13;11,11
13,16;16,13;11,25
13,16;16,13;12,12
13,16;16,13;12,24
13,16;16,13;13,13
13,16;16,13;13,23
13,16;16,13;14,14
13,16;16,13;14,22
13,16;16,13;15,15
13,16;16,13;15,21
13,16;16,13;16,16
13,16;16,13;16,20
13,16;16,13;17,17
13,16;16,13;17,19
13,17;17,13;0,0
13,17;17,13;0,36
13,17;17,13;1,1
13,17;17,13;1,35
13,17;17,13;2,2
13,17;17,13;2,34
13,17;17,13;3,3
13,17;17,13;3,33
13,17;17,13;4,4
13,17;17,13;4,32
13,17;17,13;5,5
13,17;17,13;5,31
13,17;17,13;6,6
13,17;17,13;6,30
13,17;17,13;7,7
13,17;17,13;7,29
13,17;17,13;8,8
13,17;17,13;8,28
13,17;17,13;9,9
13,17;17,13;9,27
13,17;17,13;10,10
13,17;17,13;10,26
13,17;17,13;11,11
13,17;17,13;11,25
13,17;17,13;12,12
13,17;17,13;12,24
13,17;17,13;13,13
13,17;17,13;13,23
13,17;17,13;14,14
13,17;17,13;14,22
13,17;17,13;15,15
13,17;17,13;15,21
13,17;17,13;16,16
13,17;17,13;16,20
13,17;17,13;17,17
13,17;17,13;17,19
14,15;15,14;0,0
14,15;15,14;0,36
14,15;15,14;1,1
14,15;15,14;1,35
14,15;15,14;2,2
14,15;15,14;2,34
14,15;15,14;3,3
14,15;15,14;3,33
14,15;15,14;4,4
14,15;15,14;4,32
14,15;15,14;5,5
14,15;15,14;5,31
14,15;15,14;6,6
14,15;15,14;6,30
14,15;15,14;7,7
14,15;15,14;7,29
14,15;15,14;8,8
14,15;15,14;8,28
14,15;15,14;9,9
14,15;15,14;9,27
14,15;15,14;10,10
14,15;15,14;10,26
14,15;15,14;11,11
14,15;15,14;11,25
14,15;15,14;12,12
14,15;15,14;12,24
14,15;15,14;13,13
14,15;15,14;13,23
14,15;15,14;14,14
14,15;15,14;14,22
14,15;15,14;15,15
14,15;15,14;15,21
14,15;15,14;16,16
14,15;15,14;16,20
14,15;15,14;17,17
14,15;15,14;17,19
14,16;16,14;0,0
14,16;16,14;0,36
14,16;16,14;1,1
14,16;16,14;1,35
14,16;16,14;2,2
14,16;16,14;2,34
14,16;16,14;3,3
14,16;16,14;3,33
14,16;16,14;4,4
14,16;16,14;4,32
14,16;16,14;5,5
14,16;16,14;5,31
14,16;16,14;6,6
14,16;16,14;6,30
14,16;16,14;7,7
14,16;16,14;7,29
14,16;16,14;8,8
14,16;16,14;8,28
14,16;16,14;9,9
14,16;16,14;9,27
14,16;16,14;10,10
14,16;16,14;10,26
14,16;16,14;11,11
14,16;16,14;11,25
14,16;16,14;12,12
14,16;16,14;12,24
14,16;16,14;13,13
14,16;16,14;13,23
14,16;16,14;14,14
14,16;16,14;14,22
14,16;16,14;15,15
14,16;16,14;15,21
14,16;16,14;16,16
14,16;16,14;16,20
14,16;16,14;17,17
14,16;16,14;17,19
14,17;17,14;0,0
14,17;17,14;0,36
14,17;17,14;1,1
14,17;17,14;1,35
14,17;17,14;2,2
14,17;17,14;2,34
14,17;17,14;3,3
14,17;17,14;3,33
14,17;17,14;4,4
14,17;17,14;4,32
14,17;17,14;5,5
14,17;17,14;5,31
14,17;17,14;6,6
14,17;17,14;6,30
14,17;17,14;7,7
14,17;17,14;7,29
14,17;17,14;8,8
14,17;17,14;8,28
14,17;17,14;9,9
14,17;17,14;9,27
14,17;17,14;10,10
14,17;17,14;10,26
14,17;17,14;11,11
14,17;17,14;11,25
14,17;17,14;12,12
14,17;17,14;12,24
14,17;17,14;13,13
14,17;17,14;13,23
14,17;17,14;14,14
14,17;17,14;14,22
14,17;17,14;15,15
14,17;17,14;15,21
14,17;17,14;16,16
14,17;17,14;16,20
14,17;17,14;17,17
14,17;17,14;17,19
15,16;16,15;0,0
15,16;16,15;0,36
15,16;16,15;1,1
15,16;16,15;1,35
15,16;16,15;2,2
15,16;16,15;2,34
15,16;16,15;3,3
15,16;16,15;3,33
15,16;16,15;4,4
15,16;16,15;4,32
15,16;16,15;5,5
15,16;16,15;5,31
15,16;16,15;6,6
15,16;16,15;6,30
15,16;16,15;7,7
15,16;16,15;7,29
15,16;16,15;8,8
15,16;16,15;8,28
15,16;16,15;9,9
15,16;16,15;9,27
15,16;16,15;10,10
15,16;16,15;10,26
15,16;16,15;11,11
15,16;16,15;11,25
15,16;16,15;12,12
15,16;16,15;12,24
15,16;16,15;13,13
15,16;16,15;13,23
15,16;16,15;14,14
15,16;16,15;14,22
15,16;16,15;15,15
15,16;16,15;15,21
15,16;16,15;16,16
15,16;16,15;16,20
15,16;16,15;17,17
15,16;16,15;17,19
15,17;17,15;0,0
15,17;17,15;0,36
15,17;17,15;1,1
15,17;17,15;1,35
15,17;17,15;2,2
15,17;17,15;2,34
15,17;17,15;3,3
15,17;17,15;3,33
15,17;17,15;4,4
15,17;17,15;4,32
15,17;17,15;5,5
15,17;17,15;5,31
15,17;17,15;6,6
15,17;17,15;6,30
15,17;17,15;7,7
15,17;17,15;7,29
15,17;17,15;8,8
15,17;17,15;8,28
15,17;17,15;9,9
15,17;17,15;9,27
15,17;17,15;10,10
15,17;17,15;10,26
15,17;17,15;11,11
15,17;17,15;11,25
15,17;17,15;12,12
15,17;17,15;12,24
15,17;17,15;13,13
15,17;17,15;13,23
15,17;17,15;14,14
15,17;17,15;14,22
15,17;17,15;15,15
15,17;17,15;15,21
15,17;17,15;16,16
15,17;17,15;16,20
15,17;17,15;17,17
15,17;17,15;17,19
16,17;17,16;0,0
16,17;17,16;0,36
16,17;17,16;1,1
16,17;17,16;1,35
16,17;17,16;2,2
16,17;17,16;2,34
16,17;17,16;3,3
16,17;17,16;3,33
16,17;17,16;4,4
16,17;17,16;4,32
16,17;17,16;5,5
16,17;17,16;5,31
16,17;17,16;6,6
16,17;17,16;6,30
16,17;17,16;7,7
16,17;17,16;7,29
16,17;17,16;8,8
16,17;17,16;8,28
16,17;17,16;9,9
16,17;17,16;9,27
16,17;17,16;10,10
16,17;17,16;10,26
16,17;17,16;11,11
16,17;17,16;11,25
16,17;17,16;12,12
16,17;17,16;12,24
16,17;17,16;13,13
16,17;17,16;13,23
16,17;17,16;14,14
16,17;17,16;14,22
16,17;17,16;15,15
16,17;17,16;15,21
16,17;17,16;16,16
16,17;17,16;16,20
16,17;17,16;17,17
16,17;17,16;17,19
