0 1 0 30
0 2 0 42
0 3 0 30
0 4 0 31
0 5 0 33
0 6 0 5
0 8 0 5
0 9 0 37
0 10 0 46
0 11 0 32
0 12 0 20
0 13 0 25
1 0 0 30
1 2 0 51
1 3 0 34
1 4 0 27
1 5 0 32
1 6 0 15
1 8 0 19
1 9 0 32
1 10 0 26
1 11 0 45
1 12 0 54
1 14 0 25
2 0 0 42
2 1 0 51
2 3 0 53
2 4 0 64
2 5 0 25
2 6 0 4
2 8 0 4
2 9 0 19
2 10 0 49
2 11 0 47
2 13 0 54
2 14 0 20
3 0 0 30
3 1 0 34
3 2 0 53
3 4 0 12
3 5 0 18
3 6 0 10
3 8 0 16
3 9 0 25
3 10 0 12
3 12 0 47
3 13 0 45
3 14 0 32
4 0 0 31
4 1 0 27
4 2 0 64
4 3 0 12
4 5 0 16
4 6 0 10
4 8 0 10
4 9 0 17
4 11 0 12
4 12 0 49
4 13 0 26
4 14 0 46
5 0 0 33
5 1 0 32
5 2 0 25
5 3 0 18
5 4 0 16
5 6 0 18
5 8 0 15
5 10 0 17
5 11 0 25
5 12 0 19
5 13 0 32
5 14 0 37
6 0 0 5
6 1 0 15
6 2 0 4
6 3 0 10
6 4 0 10
6 5 0 18
6 9 0 15
6 10 0 10
6 11 0 16
6 12 0 4
6 13 0 19
6 14 0 5
8 0 0 5
8 1 0 19
8 2 0 4
8 3 0 16
8 4 0 10
8 5 0 15
8 10 0 10
8 11 0 10
8 9 0 18
8 12 0 4
8 13 0 15
8 14 0 5
9 0 0 37
9 1 0 32
9 2 0 19
9 3 0 25
9 4 0 17
9 6 0 15
9 8 0 18
9 10 0 16
9 11 0 18
9 12 0 25
9 13 0 32
9 14 0 33
10 0 0 46
10 1 0 26
10 2 0 49
10 3 0 12
10 5 0 17
10 6 0 10
10 8 0 10
10 9 0 16
10 11 0 12
10 12 0 64
10 13 0 27
10 14 0 31
11 0 0 32
11 1 0 45
11 2 0 47
11 4 0 12
11 5 0 25
11 6 0 16
11 8 0 10
11 9 0 18
11 10 0 12
11 12 0 53
11 13 0 34
11 14 0 30
12 0 0 20
12 1 0 54
12 3 0 47
12 4 0 49
12 5 0 19
12 6 0 4
12 8 0 4
12 9 0 25
12 10 0 64
12 11 0 53
12 13 0 51
12 14 0 42
13 0 0 25
13 2 0 54
13 3 0 45
13 4 0 26
13 5 0 32
13 6 0 19
13 8 0 15
13 9 0 32
13 10 0 27
13 11 0 34
13 12 0 51
13 14 0 30
14 1 0 25
14 2 0 20
14 3 0 32
14 4 0 46
14 5 0 37
14 6 0 5
14 8 0 5
14 9 0 33
14 10 0 31
14 11 0 30
14 12 0 42
14 13 0 30
