0 1 0 93
0 2 0 97
0 3 0 89
0 4 0 137
0 5 0 73
0 6 0 117
0 9 0 54
0 10 0 105
0 7 0 66
0 11 0 76
0 12 0 107
0 13 0 83
0 14 0 101
0 15 0 91
1 0 0 93
1 2 0 122
1 3 0 154
1 4 0 142
1 5 0 154
1 6 0 116
1 7 0 22
1 9 0 19
1 10 0 126
1 11 0 127
1 12 0 140
1 13 0 175
1 14 0 135
1 16 0 91
2 0 0 97
2 1 0 122
2 3 0 144
2 4 0 113
2 5 0 70
2 6 0 49
2 7 0 44
2 9 0 54
2 10 0 53
2 11 0 79
2 12 0 99
2 13 0 136
2 15 0 135
2 16 0 101
3 0 0 89
3 1 0 154
3 2 0 144
3 4 0 133
3 5 0 59
3 6 0 56
3 7 0 27
3 9 0 26
3 10 0 54
3 11 0 65
3 12 0 128
3 14 0 136
3 15 0 175
3 16 0 83
4 0 0 137
4 1 0 142
4 2 0 113
4 3 0 133
4 5 0 35
4 6 0 23
4 7 0 33
4 9 0 43
4 10 0 45
4 11 0 41
4 13 0 128
4 14 0 99
4 15 0 140
4 16 0 107
5 0 0 73
5 1 0 154
5 2 0 70
5 3 0 59
5 4 0 35
5 6 0 29
5 7 0 47
5 9 0 45
5 10 0 27
5 12 0 41
5 13 0 65
5 14 0 79
5 15 0 127
5 16 0 76
6 0 0 117
6 1 0 116
6 2 0 49
6 3 0 56
6 4 0 23
6 5 0 29
6 7 0 74
6 9 0 73
6 11 0 27
6 12 0 45
6 13 0 54
6 14 0 53
6 15 0 126
6 16 0 105
7 0 0 66
7 1 0 22
7 2 0 44
7 3 0 27
7 4 0 33
7 5 0 47
7 6 0 74
7 10 0 73
7 11 0 45
7 12 0 43
7 13 0 26
7 14 0 54
7 15 0 19
7 16 0 54
9 0 0 54
9 1 0 19
9 2 0 54
9 3 0 26
9 4 0 43
9 5 0 45
9 6 0 73
9 10 0 74
9 11 0 47
9 12 
9 15 
9 14 
9 13 
9 16 
10 1 
10 0 
10 2 
10 3 
10 4 
10 5 
10 7 
10 9 
10 11 
10 12 
10 13 
10 14 
10 15 
10 16 
11 0 
11 1 
11 2 
11 3 
11 4 
11 6 
11 7 
11 9 
11 10 
11 12 
11 13 
11 14 
11 15 
11 16 
12 0 
12 1 
12 2 
12 3 
12 5 
12 6 
12 7 
12 9 
12 10 
12 11 
12 13 
12 14 
12 15 
12 16 
13 0 
13 1 
13 2 
13 4 
13 5 
13 6 
13 7 
13 9 
13 10 
13 11 
13 12 
13 14 
13 15 
13 16 
14 0 
14 1 
14 3 
14 4 
14 5 
14 6 
14 7 
14 9 
14 10 
14 11 
14 12 
14 13 
14 15 
14 16 
15 0 
15 2 
15 3 
15 4 
15 5 
15 6 
15 7 
15 9 
15 10 
15 11 
15 12 
15 13 
15 14 
15 16 
16 1 
16 2 
16 3 
16 4 
16 5 
16 6 
16 7 
16 9 
16 10 
16 11 
16 12 
16 13 
16 14 
16 15 
