0 1 0 16
0 2 0 1
0 3 0 22
0 4 0 1
0 5 0 37
0 6 0 17
0 7 0 1
0 9 0 1
0 10 0 20
0 11 0 24
0 12 0 1
0 13 0 12
0 14 0 1
0 15 0 15
1 0 0 15
1 2 0 1
1 3 0 6
1 4 0 57
1 5 0 6
1 6 0 11
1 7 0 5
1 9 0 5
1 10 0 12
1 11 0 6
1 12 0 68
1 13 0 6
1 14 0 1
1 16 0 16
2 0 0 1
2 1 0 1
2 3 0 1
2 4 0 1
2 5 0 1
2 6 0 16
2 7 0 12
2 9 0 11
2 10 0 16
2 11 0 1
2 12 0 1
2 13 0 1
2 15 0 1
2 16 0 1
3 0 0 12
3 1 0 6
3 2 0 1
3 4 0 1
3 5 0 9
3 6 0 10
3 7 0 5
3 9 0 5
3 10 0 9
3 11 0 36
3 12 0 1
3 14 0 1
3 15 0 6
3 16 0 22
4 0 0 1
4 1 0 68
4 2 0 1
4 3 0 1
4 5 0 1
4 6 0 1
4 7 0 5
4 9 0 5
4 10 0 1
4 11 0 1
4 13 0 1
4 14 0 1
4 15 0 57
4 16 0 1
5 0 0 24
5 1 0 6
5 2 0 1
5 3 0 36
5 4 0 1
5 6 0 7
5 7 0 5
5 9 0 5
5 10 0 7
5 12 0 1
5 15 0 6
5 13 0 9
5 14 0 1
5 16 0 37
6 0 0 20
6 1 0 12
6 2 0 16
6 3 0 9
6 4 0 1
6 5 0 7
6 7 0 1
6 9 0 1
6 11 0 7
6 12 0 1
6 13 0 10
6 14 0 16
6 15 0 11
6 16 0 17
7 0 0 1
7 1 0 5
7 2 0 11
7 3 0 5
7 4 0 5
7 5 0 5
7 6 0 1
7 10 0 1
7 11 0 5
7 12 0 5
7 13 0 5
7 14 0 12
7 15 0 5
7 16 0 1
9 0 0 1
9 1 0 5
9 2 0 12
9 3 0 5
9 4 0 5
9 5 0 5
9 6 0 1
9 10 0 1
9 11 0 5
9 12 0 5
9 13 0 5
9 14 0 11
9 16 0 1
10 0 0 17
9 15 0 5
10 1 0 11
10 2 0 16
10 3 0 10
10 4 0 1
10 5 0 7
10 7 0 1
10 9 0 1
10 11 0 7
10 12 0 1
10 13 0 9
10 14 0 16
10 15 0 12
10 16 0 20
11 0 0 37
11 1 0 6
11 2 0 1
11 3 0 9
11 4 0 1
11 6 0 7
11 7 0 5
11 9 0 5
11 10 0 7
11 12 0 1
11 13 0 36
11 14 0 1
11 15 0 6
11 16 0 24
12 0 0 1
12 1 0 57
12 2 0 1
12 3 0 1
12 5 0 1
12 6 0 1
12 7 0 5
12 9 0 5
12 10 0 1
12 11 0 1
12 13 0 1
12 14 0 1
12 15 0 68
12 16 0 1
13 0 0 22
13 1 0 6
13 2 0 1
13 4 0 1
13 5 0 36
13 6 0 9
13 7 0 5
13 9 0 5
13 10 0 10
13 11 0 9
13 12 0 1
13 14 0 1
13 15 0 6
13 16 0 12
14 0 0 1
14 1 0 1
14 3 0 1
14 4 0 1
14 5 0 1
14 6 0 16
14 7 0 11
14 9 0 12
14 10 0 16
14 11 0 1
14 12 0 1
14 13 0 1
14 15 0 1
14 16 0 1
15 0 0 16
15 2 0 1
15 3 0 6
15 4 0 68
15 5 0 6
15 6 0 12
15 7 0 5
15 9 0 5
15 10 0 11
15 11 0 6
15 12 0 57
15 13 0 6
15 14 0 1
15 16 0 15
16 1 0 15
16 2 0 1
16 3 0 12
16 4 0 1
16 5 0 24
16 6 0 20
16 7 0 1
16 9 0 1
16 10 0 17
16 11 0 37
16 12 0 1
16 13 0 22
16 14 0 1
16 15 0 16
