0 1 0 12
0 2 0 19
0 3 0 14
0 4 0 13
0 5 0 9
0 7 0 9
0 8 0 14
0 9 0 17
1 0 0 12
0 11 0 12
0 10 0 21
1 2 0 25
1 4 0 22
1 3 0 18
1 5 0 3
1 7 0 3
1 8 0 16
1 9 0 14
1 10 0 20
1 12 0 12
2 0 0 19
2 1 0 25
2 3 0 15
2 4 0 15
2 5 0 10
2 7 0 7
2 8 0 10
2 9 0 17
2 11 0 20
2 12 0 21
3 0 0 14
3 1 0 18
3 2 0 15
3 4 0 9
3 5 0 8
3 7 0 8
3 8 0 10
3 10 0 17
3 11 0 14
3 12 0 17
4 0 0 13
4 1 0 22
4 2 0 15
4 3 0 9
4 5 0 13
4 7 0 16
4 10 0 10
4 9 0 10
4 11 0 16
4 12 0 14
5 0 0 9
5 1 0 3
5 2 0 10
5 3 0 8
5 4 0 13
5 8 0 16
5 9 0 8
5 10 0 7
5 11 0 3
5 12 0 9
7 1 0 3
7 2 0 7
7 8 0 13
7 0 0 9
7 3 0 8
7 4 0 16
7 10 0 10
7 9 0 8
7 11 0 3
7 12 0 9
8 0 0 14
8 1 0 16
8 2 0 10
8 3 0 10
8 5 0 16
8 7 0 13
8 9 0 9
8 10 0 15
8 11 0 22
8 12 0 13
9 0 0 17
9 1 0 14
9 2 0 17
9 4 0 10
9 5 0 8
9 7 0 8
9 8 0 9
9 10 0 15
9 11 0 18
9 12 0 14
10 0 0 21
10 1 0 20
10 3 0 17
10 4 0 10
10 5 0 7
10 7 0 10
10 8 0 15
10 9 0 15
10 11 0 25
10 12 0 19
11 0 0 12
11 2 0 20
11 3 0 14
11 4 0 16
11 5 0 3
11 7 0 3
11 8 0 22
11 9 0 18
11 10 0 25
11 12 0 12
12 1 0 12
12 2 0 21
12 3 0 17
12 4 0 14
12 5 0 9
12 7 0 9
12 8 0 13
12 9 0 14
12 10 0 19
12 11 0 12
