0,1;1,0;0,0
0,1;1,0;0,22
0,1;1,0;1,1
0,1;1,0;1,21
0,1;1,0;2,2
0,1;1,0;2,20
0,1;1,0;3,3
0,1;1,0;3,19
0,1;1,0;4,4
0,1;1,0;4,18
0,1;1,0;5,5
0,1;1,0;5,17
0,1;1,0;6,6
0,1;1,0;6,16
0,1;1,0;7,7
0,1;1,0;7,15
0,1;1,0;8,8
0,1;1,0;8,14
0,1;1,0;9,9
0,1;1,0;9,13
0,1;1,0;10,10
0,1;1,0;10,12
0,2;2,0;0,0
0,2;2,0;0,22
0,2;2,0;1,1
0,2;2,0;1,21
0,2;2,0;2,2
0,2;2,0;2,20
0,2;2,0;3,3
0,2;2,0;3,19
0,2;2,0;4,4
0,2;2,0;4,18
0,2;2,0;5,5
0,2;2,0;5,17
0,2;2,0;6,6
0,2;2,0;6,16
0,2;2,0;7,7
0,2;2,0;7,15
0,2;2,0;8,8
0,2;2,0;8,14
0,2;2,0;9,9
0,2;2,0;9,13
0,2;2,0;10,10
0,2;2,0;10,12
0,3;3,0;0,0
0,3;3,0;0,22
0,3;3,0;1,1
0,3;3,0;1,21
0,3;3,0;2,2
0,3;3,0;2,20
0,3;3,0;3,3
0,3;3,0;3,19
0,3;3,0;4,4
0,3;3,0;4,18
0,3;3,0;5,5
0,3;3,0;5,17
0,3;3,0;6,6
0,3;3,0;6,16
0,3;3,0;7,7
0,3;3,0;7,15
0,3;3,0;8,8
0,3;3,0;8,14
0,3;3,0;9,9
0,3;3,0;9,13
0,3;3,0;10,10
0,3;3,0;10,12
0,4;4,0;0,0
0,4;4,0;0,22
0,4;4,0;1,1
0,4;4,0;1,21
0,4;4,0;2,2
0,4;4,0;2,20
0,4;4,0;3,3
0,4;4,0;3,19
0,4;4,0;4,4
0,4;4,0;4,18
0,4;4,0;5,5
0,4;4,0;5,17
0,4;4,0;6,6
0,4;4,0;6,16
0,4;4,0;7,7
0,4;4,0;7,15
0,4;4,0;8,8
0,4;4,0;8,14
0,4;4,0;9,9
0,4;4,0;9,13
0,4;4,0;10,10
0,4;4,0;10,12
0,5;5,0;0,0
0,5;5,0;0,22
0,5;5,0;1,1
0,5;5,0;1,21
0,5;5,0;2,2
0,5;5,0;2,20
0,5;5,0;3,3
0,5;5,0;3,19
0,5;5,0;4,4
0,5;5,0;4,18
0,5;5,0;5,5
0,5;5,0;5,17
0,5;5,0;6,6
0,5;5,0;6,16
0,5;5,0;7,7
0,5;5,0;7,15
0,5;5,0;8,8
0,5;5,0;8,14
0,5;5,0;9,9
0,5;5,0;9,13
0,5;5,0;10,10
0,5;5,0;10,12
0,6;6,0;0,0
0,6;6,0;0,22
0,6;6,0;1,1
0,6;6,0;1,21
0,6;6,0;2,2
0,6;6,0;2,20
0,6;6,0;3,3
0,6;6,0;3,19
0,6;6,0;4,4
0,6;6,0;4,18
0,6;6,0;5,5
0,6;6,0;5,17
0,6;6,0;6,6
0,6;6,0;6,16
0,6;6,0;7,7
0,6;6,0;7,15
0,6;6,0;8,8
0,6;6,0;8,14
0,6;6,0;9,9
0,6;6,0;9,13
0,6;6,0;10,10
0,6;6,0;10,12
0,7;7,0;0,0
0,7;7,0;0,22
0,7;7,0;1,1
0,7;7,0;1,21
0,7;7,0;2,2
0,7;7,0;2,20
0,7;7,0;3,3
0,7;7,0;3,19
0,7;7,0;4,4
0,7;7,0;4,18
0,7;7,0;5,5
0,7;7,0;5,17
0,7;7,0;6,6
0,7;7,0;6,16
0,7;7,0;7,7
0,7;7,0;7,15
0,7;7,0;8,8
0,7;7,0;8,14
0,7;7,0;9,9
0,7;7,0;9,13
0,7;7,0;10,10
0,7;7,0;10,12
0,8;8,0;0,0
0,8;8,0;0,22
0,8;8,0;1,1
0,8;8,0;1,21
0,8;8,0;2,2
0,8;8,0;2,20
0,8;8,0;3,3
0,8;8,0;3,19
0,8;8,0;4,4
0,8;8,0;4,18
0,8;8,0;5,5
0,8;8,0;5,17
0,8;8,0;6,6
0,8;8,0;6,16
0,8;8,0;7,7
0,8;8,0;7,15
0,8;8,0;8,8
0,8;8,0;8,14
0,8;8,0;9,9
0,8;8,0;9,13
0,8;8,0;10,10
0,8;8,0;10,12
0,9;9,0;0,0
0,9;9,0;0,22
0,9;9,0;1,1
0,9;9,0;1,21
0,9;9,0;2,2
0,9;9,0;2,20
0,9;9,0;3,3
0,9;9,0;3,19
0,9;9,0;4,4
0,9;9,0;4,18
0,9;9,0;5,5
0,9;9,0;5,17
0,9;9,0;6,6
0,9;9,0;6,16
0,9;9,0;7,7
0,9;9,0;7,15
0,9;9,0;8,8
0,9;9,0;8,14
0,9;9,0;9,9
0,9;9,0;9,13
0,9;9,0;10,10
0,9;9,0;10,12
0,10;10,0;0,0
0,10;10,0;0,22
0,10;10,0;1,1
0,10;10,0;1,21
0,10;10,0;2,2
0,10;10,0;2,20
0,10;10,0;3,3
0,10;10,0;3,19
0,10;10,0;4,4
0,10;10,0;4,18
0,10;10,0;5,5
0,10;10,0;5,17
0,10;10,0;6,6
0,10;10,0;6,16
0,10;10,0;7,7
0,10;10,0;7,15
0,10;10,0;8,8
0,10;10,0;8,14
0,10;10,0;9,9
0,10;10,0;9,13
0,10;10,0;10,10
0,10;10,0;10,12
1,2;2,1;0,0
1,2;2,1;0,22
1,2;2,1;1,1
1,2;2,1;1,21
1,2;2,1;2,2
1,2;2,1;2,20
1,2;2,1;3,3
1,2;2,1;3,19
1,2;2,1;4,4
1,2;2,1;4,18
1,2;2,1;5,5
1,2;2,1;5,17
1,2;2,1;6,6
1,2;2,1;6,16
1,2;2,1;7,7
1,2;2,1;7,15
1,2;2,1;8,8
1,2;2,1;8,14
1,2;2,1;9,9
1,2;2,1;9,13
1,2;2,1;10,10
1,2;2,1;10,12
1,3;3,1;0,0
1,3;3,1;0,22
1,3;3,1;1,1
1,3;3,1;1,21
1,3;3,1;2,2
1,3;3,1;2,20
1,3;3,1;3,3
1,3;3,1;3,19
1,3;3,1;4,4
1,3;3,1;4,18
1,3;3,1;5,5
1,3;3,1;5,17
1,3;3,1;6,6
1,3;3,1;6,16
1,3;3,1;7,7
1,3;3,1;7,15
1,3;3,1;8,8
1,3;3,1;8,14
1,3;3,1;9,9
1,3;3,1;9,13
1,3;3,1;10,10
1,3;3,1;10,12
1,4;4,1;0,0
1,4;4,1;0,22
1,4;4,1;1,1
1,4;4,1;1,21
1,4;4,1;2,2
1,4;4,1;2,20
1,4;4,1;3,3
1,4;4,1;3,19
1,4;4,1;4,4
1,4;4,1;4,18
1,4;4,1;5,5
1,4;4,1;5,17
1,4;4,1;6,6
1,4;4,1;6,16
1,4;4,1;7,7
1,4;4,1;7,15
1,4;4,1;8,8
1,4;4,1;8,14
1,4;4,1;9,9
1,4;4,1;9,13
1,4;4,1;10,10
1,4;4,1;10,12
1,5;5,1;0,0
1,5;5,1;0,22
1,5;5,1;1,1
1,5;5,1;1,21
1,5;5,1;2,2
1,5;5,1;2,20
1,5;5,1;3,3
1,5;5,1;3,19
1,5;5,1;4,4
1,5;5,1;4,18
1,5;5,1;5,5
1,5;5,1;5,17
1,5;5,1;6,6
1,5;5,1;6,16
1,5;5,1;7,7
1,5;5,1;7,15
1,5;5,1;8,8
1,5;5,1;8,14
1,5;5,1;9,9
1,5;5,1;9,13
1,5;5,1;10,10
1,5;5,1;10,12
1,6;6,1;0,0
1,6;6,1;0,22
1,6;6,1;1,1
1,6;6,1;1,21
1,6;6,1;2,2
1,6;6,1;2,20
1,6;6,1;3,3
1,6;6,1;3,19
1,6;6,1;4,4
1,6;6,1;4,18
1,6;6,1;5,5
1,6;6,1;5,17
1,6;6,1;6,6
1,6;6,1;6,16
1,6;6,1;7,7
1,6;6,1;7,15
1,6;6,1;8,8
1,6;6,1;8,14
1,6;6,1;9,9
1,6;6,1;9,13
1,6;6,1;10,10
1,6;6,1;10,12
1,7;7,1;0,0
1,7;7,1;0,22
1,7;7,1;1,1
1,7;7,1;1,21
1,7;7,1;2,2
1,7;7,1;2,20
1,7;7,1;3,3
1,7;7,1;3,19
1,7;7,1;4,4
1,7;7,1;4,18
1,7;7,1;5,5
1,7;7,1;5,17
1,7;7,1;6,6
1,7;7,1;6,16
1,7;7,1;7,7
1,7;7,1;7,15
1,7;7,1;8,8
1,7;7,1;8,14
1,7;7,1;9,9
1,7;7,1;9,13
1,7;7,1;10,10
1,7;7,1;10,12
1,8;8,1;0,0
1,8;8,1;0,22
1,8;8,1;1,1
1,8;8,1;1,21
1,8;8,1;2,2
1,8;8,1;2,20
1,8;8,1;3,3
1,8;8,1;3,19
1,8;8,1;4,4
1,8;8,1;4,18
1,8;8,1;5,5
1,8;8,1;5,17
1,8;8,1;6,6
1,8;8,1;6,16
1,8;8,1;7,7
1,8;8,1;7,15
1,8;8,1;8,8
1,8;8,1;8,14
1,8;8,1;9,9
1,8;8,1;9,13
1,8;8,1;10,10
1,8;8,1;10,12
1,9;9,1;0,0
1,9;9,1;0,22
1,9;9,1;1,1
1,9;9,1;1,21
1,9;9,1;2,2
1,9;9,1;2,20
1,9;9,1;3,3
1,9;9,1;3,19
1,9;9,1;4,4
1,9;9,1;4,18
1,9;9,1;5,5
1,9;9,1;5,17
1,9;9,1;6,6
1,9;9,1;6,16
1,9;9,1;7,7
1,9;9,1;7,15
1,9;9,1;8,8
1,9;9,1;8,14
1,9;9,1;9,9
1,9;9,1;9,13
1,9;9,1;10,10
1,9;9,1;10,12
1,10;10,1;0,0
1,10;10,1;0,22
1,10;10,1;1,1
1,10;10,1;1,21
1,10;10,1;2,2
1,10;10,1;2,20
1,10;10,1;3,3
1,10;10,1;3,19
1,10;10,1;4,4
1,10;10,1;4,18
1,10;10,1;5,5
1,10;10,1;5,17
1,10;10,1;6,6
1,10;10,1;6,16
1,10;10,1;7,7
1,10;10,1;7,15
1,10;10,1;8,8
1,10;10,1;8,14
1,10;10,1;9,9
1,10;10,1;9,13
1,10;10,1;10,10
1,10;10,1;10,12
2,3;3,2;0,0
2,3;3,2;0,22
2,3;3,2;1,1
2,3;3,2;1,21
2,3;3,2;2,2
2,3;3,2;2,20
2,3;3,2;3,3
2,3;3,2;3,19
2,3;3,2;4,4
2,3;3,2;4,18
2,3;3,2;5,5
2,3;3,2;5,17
2,3;3,2;6,6
2,3;3,2;6,16
2,3;3,2;7,7
2,3;3,2;7,15
2,3;3,2;8,8
2,3;3,2;8,14
2,3;3,2;9,9
2,3;3,2;9,13
2,3;3,2;10,10
2,3;3,2;10,12
2,4;4,2;0,0
2,4;4,2;0,22
2,4;4,2;1,1
2,4;4,2;1,21
2,4;4,2;2,2
2,4;4,2;2,20
2,4;4,2;3,3
2,4;4,2;3,19
2,4;4,2;4,4
2,4;4,2;4,18
2,4;4,2;5,5
2,4;4,2;5,17
2,4;4,2;6,6
2,4;4,2;6,16
2,4;4,2;7,7
2,4;4,2;7,15
2,4;4,2;8,8
2,4;4,2;8,14
2,4;4,2;9,9
2,4;4,2;9,13
2,4;4,2;10,10
2,4;4,2;10,12
2,5;5,2;0,0
2,5;5,2;0,22
2,5;5,2;1,1
2,5;5,2;1,21
2,5;5,2;2,2
2,5;5,2;2,20
2,5;5,2;3,3
2,5;5,2;3,19
2,5;5,2;4,4
2,5;5,2;4,18
2,5;5,2;5,5
2,5;5,2;5,17
2,5;5,2;6,6
2,5;5,2;6,16
2,5;5,2;7,7
2,5;5,2;7,15
2,5;5,2;8,8
2,5;5,2;8,14
2,5;5,2;9,9
2,5;5,2;9,13
2,5;5,2;10,10
2,5;5,2;10,12
2,6;6,2;0,0
2,6;6,2;0,22
2,6;6,2;1,1
2,6;6,2;1,21
2,6;6,2;2,2
2,6;6,2;2,20
2,6;6,2;3,3
2,6;6,2;3,19
2,6;6,2;4,4
2,6;6,2;4,18
2,6;6,2;5,5
2,6;6,2;5,17
2,6;6,2;6,6
2,6;6,2;6,16
2,6;6,2;7,7
2,6;6,2;7,15
2,6;6,2;8,8
2,6;6,2;8,14
2,6;6,2;9,9
2,6;6,2;9,13
2,6;6,2;10,10
2,6;6,2;10,12
2,7;7,2;0,0
2,7;7,2;0,22
2,7;7,2;1,1
2,7;7,2;1,21
2,7;7,2;2,2
2,7;7,2;2,20
2,7;7,2;3,3
2,7;7,2;3,19
2,7;7,2;4,4
2,7;7,2;4,18
2,7;7,2;5,5
2,7;7,2;5,17
2,7;7,2;6,6
2,7;7,2;6,16
2,7;7,2;7,7
2,7;7,2;7,15
2,7;7,2;8,8
2,7;7,2;8,14
2,7;7,2;9,9
2,7;7,2;9,13
2,7;7,2;10,10
2,7;7,2;10,12
2,8;8,2;0,0
2,8;8,2;0,22
2,8;8,2;1,1
2,8;8,2;1,21
2,8;8,2;2,2
2,8;8,2;2,20
2,8;8,2;3,3
2,8;8,2;3,19
2,8;8,2;4,4
2,8;8,2;4,18
2,8;8,2;5,5
2,8;8,2;5,17
2,8;8,2;6,6
2,8;8,2;6,16
2,8;8,2;7,7
2,8;8,2;7,15
2,8;8,2;8,8
2,8;8,2;8,14
2,8;8,2;9,9
2,8;8,2;9,13
2,8;8,2;10,10
2,8;8,2;10,12
2,9;9,2;0,0
2,9;9,2;0,22
2,9;9,2;1,1
2,9;9,2;1,21
2,9;9,2;2,2
2,9;9,2;2,20
2,9;9,2;3,3
2,9;9,2;3,19
2,9;9,2;4,4
2,9;9,2;4,18
2,9;9,2;5,5
2,9;9,2;5,17
2,9;9,2;6,6
2,9;9,2;6,16
2,9;9,2;7,7
2,9;9,2;7,15
2,9;9,2;8,8
2,9;9,2;8,14
2,9;9,2;9,9
2,9;9,2;9,13
2,9;9,2;10,10
2,9;9,2;10,12
2,10;10,2;0,0
2,10;10,2;0,22
2,10;10,2;1,1
2,10;10,2;1,21
2,10;10,2;2,2
2,10;10,2;2,20
2,10;10,2;3,3
2,10;10,2;3,19
2,10;10,2;4,4
2,10;10,2;4,18
2,10;10,2;5,5
2,10;10,2;5,17
2,10;10,2;6,6
2,10;10,2;6,16
2,10;10,2;7,7
2,10;10,2;7,15
2,10;10,2;8,8
2,10;10,2;8,14
2,10;10,2;9,9
2,10;10,2;9,13
2,10;10,2;10,10
2,10;10,2;10,12
3,4;4,3;0,0
3,4;4,3;0,22
3,4;4,3;1,1
3,4;4,3;1,21
3,4;4,3;2,2
3,4;4,3;2,20
3,4;4,3;3,3
3,4;4,3;3,19
3,4;4,3;4,4
3,4;4,3;4,18
3,4;4,3;5,5
3,4;4,3;5,17
3,4;4,3;6,6
3,4;4,3;6,16
3,4;4,3;7,7
3,4;4,3;7,15
3,4;4,3;8,8
3,4;4,3;8,14
3,4;4,3;9,9
3,4;4,3;9,13
3,4;4,3;10,10
3,4;4,3;10,12
3,5;5,3;0,0
3,5;5,3;0,22
3,5;5,3;1,1
3,5;5,3;1,21
3,5;5,3;2,2
3,5;5,3;2,20
3,5;5,3;3,3
3,5;5,3;3,19
3,5;5,3;4,4
3,5;5,3;4,18
3,5;5,3;5,5
3,5;5,3;5,17
3,5;5,3;6,6
3,5;5,3;6,16
3,5;5,3;7,7
3,5;5,3;7,15
3,5;5,3;8,8
3,5;5,3;8,14
3,5;5,3;9,9
3,5;5,3;9,13
3,5;5,3;10,10
3,5;5,3;10,12
3,6;6,3;0,0
3,6;6,3;0,22
3,6;6,3;1,1
3,6;6,3;1,21
3,6;6,3;2,2
3,6;6,3;2,20
3,6;6,3;3,3
3,6;6,3;3,19
3,6;6,3;4,4
3,6;6,3;4,18
3,6;6,3;5,5
3,6;6,3;5,17
3,6;6,3;6,6
3,6;6,3;6,16
3,6;6,3;7,7
3,6;6,3;7,15
3,6;6,3;8,8
3,6;6,3;8,14
3,6;6,3;9,9
3,6;6,3;9,13
3,6;6,3;10,10
3,6;6,3;10,12
3,7;7,3;0,0
3,7;7,3;0,22
3,7;7,3;1,1
3,7;7,3;1,21
3,7;7,3;2,2
3,7;7,3;2,20
3,7;7,3;3,3
3,7;7,3;3,19
3,7;7,3;4,4
3,7;7,3;4,18
3,7;7,3;5,5
3,7;7,3;5,17
3,7;7,3;6,6
3,7;7,3;6,16
3,7;7,3;7,7
3,7;7,3;7,15
3,7;7,3;8,8
3,7;7,3;8,14
3,7;7,3;9,9
3,7;7,3;9,13
3,7;7,3;10,10
3,7;7,3;10,12
3,8;8,3;0,0
3,8;8,3;0,22
3,8;8,3;1,1
3,8;8,3;1,21
3,8;8,3;2,2
3,8;8,3;2,20
3,8;8,3;3,3
3,8;8,3;3,19
3,8;8,3;4,4
3,8;8,3;4,18
3,8;8,3;5,5
3,8;8,3;5,17
3,8;8,3;6,6
3,8;8,3;6,16
3,8;8,3;7,7
3,8;8,3;7,15
3,8;8,3;8,8
3,8;8,3;8,14
3,8;8,3;9,9
3,8;8,3;9,13
3,8;8,3;10,10
3,8;8,3;10,12
3,9;9,3;0,0
3,9;9,3;0,22
3,9;9,3;1,1
3,9;9,3;1,21
3,9;9,3;2,2
3,9;9,3;2,20
3,9;9,3;3,3
3,9;9,3;3,19
3,9;9,3;4,4
3,9;9,3;4,18
3,9;9,3;5,5
3,9;9,3;5,17
3,9;9,3;6,6
3,9;9,3;6,16
3,9;9,3;7,7
3,9;9,3;7,15
3,9;9,3;8,8
3,9;9,3;8,14
3,9;9,3;9,9
3,9;9,3;9,13
3,9;9,3;10,10
3,9;9,3;10,12
3,10;10,3;0,0
3,10;10,3;0,22
3,10;10,3;1,1
3,10;10,3;1,21
3,10;10,3;2,2
3,10;10,3;2,20
3,10;10,3;3,3
3,10;10,3;3,19
3,10;10,3;4,4
3,10;10,3;4,18
3,10;10,3;5,5
3,10;10,3;5,17
3,10;10,3;6,6
3,10;10,3;6,16
3,10;10,3;7,7
3,10;10,3;7,15
3,10;10,3;8,8
3,10;10,3;8,14
3,10;10,3;9,9
3,10;10,3;9,13
3,10;10,3;10,10
3,10;10,3;10,12
4,5;5,4;0,0
4,5;5,4;0,22
4,5;5,4;1,1
4,5;5,4;1,21
4,5;5,4;2,2
4,5;5,4;2,20
4,5;5,4;3,3
4,5;5,4;3,19
4,5;5,4;4,4
4,5;5,4;4,18
4,5;5,4;5,5
4,5;5,4;5,17
4,5;5,4;6,6
4,5;5,4;6,16
4,5;5,4;7,7
4,5;5,4;7,15
4,5;5,4;8,8
4,5;5,4;8,14
4,5;5,4;9,9
4,5;5,4;9,13
4,5;5,4;10,10
4,5;5,4;10,12
4,6;6,4;0,0
4,6;6,4;0,22
4,6;6,4;1,1
4,6;6,4;1,21
4,6;6,4;2,2
4,6;6,4;2,20
4,6;6,4;3,3
4,6;6,4;3,19
4,6;6,4;4,4
4,6;6,4;4,18
4,6;6,4;5,5
4,6;6,4;5,17
4,6;6,4;6,6
4,6;6,4;6,16
4,6;6,4;7,7
4,6;6,4;7,15
4,6;6,4;8,8
4,6;6,4;8,14
4,6;6,4;9,9
4,6;6,4;9,13
4,6;6,4;10,10
4,6;6,4;10,12
4,7;7,4;0,0
4,7;7,4;0,22
4,7;7,4;1,1
4,7;7,4;1,21
4,7;7,4;2,2
4,7;7,4;2,20
4,7;7,4;3,3
4,7;7,4;3,19
4,7;7,4;4,4
4,7;7,4;4,18
4,7;7,4;5,5
4,7;7,4;5,17
4,7;7,4;6,6
4,7;7,4;6,16
4,7;7,4;7,7
4,7;7,4;7,15
4,7;7,4;8,8
4,7;7,4;8,14
4,7;7,4;9,9
4,7;7,4;9,13
4,7;7,4;10,10
4,7;7,4;10,12
4,8;8,4;0,0
4,8;8,4;0,22
4,8;8,4;1,1
4,8;8,4;1,21
4,8;8,4;2,2
4,8;8,4;2,20
4,8;8,4;3,3
4,8;8,4;3,19
4,8;8,4;4,4
4,8;8,4;4,18
4,8;8,4;5,5
4,8;8,4;5,17
4,8;8,4;6,6
4,8;8,4;6,16
4,8;8,4;7,7
4,8;8,4;7,15
4,8;8,4;8,8
4,8;8,4;8,14
4,8;8,4;9,9
4,8;8,4;9,13
4,8;8,4;10,10
4,8;8,4;10,12
4,9;9,4;0,0
4,9;9,4;0,22
4,9;9,4;1,1
4,9;9,4;1,21
4,9;9,4;2,2
4,9;9,4;2,20
4,9;9,4;3,3
4,9;9,4;3,19
4,9;9,4;4,4
4,9;9,4;4,18
4,9;9,4;5,5
4,9;9,4;5,17
4,9;9,4;6,6
4,9;9,4;6,16
4,9;9,4;7,7
4,9;9,4;7,15
4,9;9,4;8,8
4,9;9,4;8,14
4,9;9,4;9,9
4,9;9,4;9,13
4,9;9,4;10,10
4,9;9,4;10,12
4,10;10,4;0,0
4,10;10,4;0,22
4,10;10,4;1,1
4,10;10,4;1,21
4,10;10,4;2,2
4,10;10,4;2,20
4,10;10,4;3,3
4,10;10,4;3,19
4,10;10,4;4,4
4,10;10,4;4,18
4,10;10,4;5,5
4,10;10,4;5,17
4,10;10,4;6,6
4,10;10,4;6,16
4,10;10,4;7,7
4,10;10,4;7,15
4,10;10,4;8,8
4,10;10,4;8,14
4,10;10,4;9,9
4,10;10,4;9,13
4,10;10,4;10,10
4,10;10,4;10,12
5,6;6,5;0,0
5,6;6,5;0,22
5,6;6,5;1,1
5,6;6,5;1,21
5,6;6,5;2,2
5,6;6,5;2,20
5,6;6,5;3,3
5,6;6,5;3,19
5,6;6,5;4,4
5,6;6,5;4,18
5,6;6,5;5,5
5,6;6,5;5,17
5,6;6,5;6,6
5,6;6,5;6,16
5,6;6,5;7,7
5,6;6,5;7,15
5,6;6,5;8,8
5,6;6,5;8,14
5,6;6,5;9,9
5,6;6,5;9,13
5,6;6,5;10,10
5,6;6,5;10,12
5,7;7,5;0,0
5,7;7,5;0,22
5,7;7,5;1,1
5,7;7,5;1,21
5,7;7,5;2,2
5,7;7,5;2,20
5,7;7,5;3,3
5,7;7,5;3,19
5,7;7,5;4,4
5,7;7,5;4,18
5,7;7,5;5,5
5,7;7,5;5,17
5,7;7,5;6,6
5,7;7,5;6,16
5,7;7,5;7,7
5,7;7,5;7,15
5,7;7,5;8,8
5,7;7,5;8,14
5,7;7,5;9,9
5,7;7,5;9,13
5,7;7,5;10,10
5,7;7,5;10,12
5,8;8,5;0,0
5,8;8,5;0,22
5,8;8,5;1,1
5,8;8,5;1,21
5,8;8,5;2,2
5,8;8,5;2,20
5,8;8,5;3,3
5,8;8,5;3,19
5,8;8,5;4,4
5,8;8,5;4,18
5,8;8,5;5,5
5,8;8,5;5,17
5,8;8,5;6,6
5,8;8,5;6,16
5,8;8,5;7,7
5,8;8,5;7,15
5,8;8,5;8,8
5,8;8,5;8,14
5,8;8,5;9,9
5,8;8,5;9,13
5,8;8,5;10,10
5,8;8,5;10,12
5,9;9,5;0,0
5,9;9,5;0,22
5,9;9,5;1,1
5,9;9,5;1,21
5,9;9,5;2,2
5,9;9,5;2,20
5,9;9,5;3,3
5,9;9,5;3,19
5,9;9,5;4,4
5,9;9,5;4,18
5,9;9,5;5,5
5,9;9,5;5,17
5,9;9,5;6,6
5,9;9,5;6,16
5,9;9,5;7,7
5,9;9,5;7,15
5,9;9,5;8,8
5,9;9,5;8,14
5,9;9,5;9,9
5,9;9,5;9,13
5,9;9,5;10,10
5,9;9,5;10,12
5,10;10,5;0,0
5,10;10,5;0,22
5,10;10,5;1,1
5,10;10,5;1,21
5,10;10,5;2,2
5,10;10,5;2,20
5,10;10,5;3,3
5,10;10,5;3,19
5,10;10,5;4,4
5,10;10,5;4,18
5,10;10,5;5,5
5,10;10,5;5,17
5,10;10,5;6,6
5,10;10,5;6,16
5,10;10,5;7,7
5,10;10,5;7,15
5,10;10,5;8,8
5,10;10,5;8,14
5,10;10,5;9,9
5,10;10,5;9,13
5,10;10,5;10,10
5,10;10,5;10,12
6,7;7,6;0,0
6,7;7,6;0,22
6,7;7,6;1,1
6,7;7,6;1,21
6,7;7,6;2,2
6,7;7,6;2,20
6,7;7,6;3,3
6,7;7,6;3,19
6,7;7,6;4,4
6,7;7,6;4,18
6,7;7,6;5,5
6,7;7,6;5,17
6,7;7,6;6,6
6,7;7,6;6,16
6,7;7,6;7,7
6,7;7,6;7,15
6,7;7,6;8,8
6,7;7,6;8,14
6,7;7,6;9,9
6,7;7,6;9,13
6,7;7,6;10,10
6,7;7,6;10,12
6,8;8,6;0,0
6,8;8,6;0,22
6,8;8,6;1,1
6,8;8,6;1,21
6,8;8,6;2,2
6,8;8,6;2,20
6,8;8,6;3,3
6,8;8,6;3,19
6,8;8,6;4,4
6,8;8,6;4,18
6,8;8,6;5,5
6,8;8,6;5,17
6,8;8,6;6,6
6,8;8,6;6,16
6,8;8,6;7,7
6,8;8,6;7,15
6,8;8,6;8,8
6,8;8,6;8,14
6,8;8,6;9,9
6,8;8,6;9,13
6,8;8,6;10,10
6,8;8,6;10,12
6,9;9,6;0,0
6,9;9,6;0,22
6,9;9,6;1,1
6,9;9,6;1,21
6,9;9,6;2,2
6,9;9,6;2,20
6,9;9,6;3,3
6,9;9,6;3,19
6,9;9,6;4,4
6,9;9,6;4,18
6,9;9,6;5,5
6,9;9,6;5,17
6,9;9,6;6,6
6,9;9,6;6,16
6,9;9,6;7,7
6,9;9,6;7,15
6,9;9,6;8,8
6,9;9,6;8,14
6,9;9,6;9,9
6,9;9,6;9,13
6,9;9,6;10,10
6,9;9,6;10,12
6,10;10,6;0,0
6,10;10,6;0,22
6,10;10,6;1,1
6,10;10,6;1,21
6,10;10,6;2,2
6,10;10,6;2,20
6,10;10,6;3,3
6,10;10,6;3,19
6,10;10,6;4,4
6,10;10,6;4,18
6,10;10,6;5,5
6,10;10,6;5,17
6,10;10,6;6,6
6,10;10,6;6,16
6,10;10,6;7,7
6,10;10,6;7,15
6,10;10,6;8,8
6,10;10,6;8,14
6,10;10,6;9,9
6,10;10,6;9,13
6,10;10,6;10,10
6,10;10,6;10,12
7,8;8,7;0,0
7,8;8,7;0,22
7,8;8,7;1,1
7,8;8,7;1,21
7,8;8,7;2,2
7,8;8,7;2,20
7,8;8,7;3,3
7,8;8,7;3,19
7,8;8,7;4,4
7,8;8,7;4,18
7,8;8,7;5,5
7,8;8,7;5,17
7,8;8,7;6,6
7,8;8,7;6,16
7,8;8,7;7,7
7,8;8,7;7,15
7,8;8,7;8,8
7,8;8,7;8,14
7,8;8,7;9,9
7,8;8,7;9,13
7,8;8,7;10,10
7,8;8,7;10,12
7,9;9,7;0,0
7,9;9,7;0,22
7,9;9,7;1,1
7,9;9,7;1,21
7,9;9,7;2,2
7,9;9,7;2,20
7,9;9,7;3,3
7,9;9,7;3,19
7,9;9,7;4,4
7,9;9,7;4,18
7,9;9,7;5,5
7,9;9,7;5,17
7,9;9,7;6,6
7,9;9,7;6,16
7,9;9,7;7,7
7,9;9,7;7,15
7,9;9,7;8,8
7,9;9,7;8,14
7,9;9,7;9,9
7,9;9,7;9,13
7,9;9,7;10,10
7,9;9,7;10,12
7,10;10,7;0,0
7,10;10,7;0,22
7,10;10,7;1,1
7,10;10,7;1,21
7,10;10,7;2,2
7,10;10,7;2,20
7,10;10,7;3,3
7,10;10,7;3,19
7,10;10,7;4,4
7,10;10,7;4,18
7,10;10,7;5,5
7,10;10,7;5,17
7,10;10,7;6,6
7,10;10,7;6,16
7,10;10,7;7,7
7,10;10,7;7,15
7,10;10,7;8,8
7,10;10,7;8,14
7,10;10,7;9,9
7,10;10,7;9,13
7,10;10,7;10,10
7,10;10,7;10,12
8,9;9,8;0,0
8,9;9,8;0,22
8,9;9,8;1,1
8,9;9,8;1,21
8,9;9,8;2,2
8,9;9,8;2,20
8,9;9,8;3,3
8,9;9,8;3,19
8,9;9,8;4,4
8,9;9,8;4,18
8,9;9,8;5,5
8,9;9,8;5,17
8,9;9,8;6,6
8,9;9,8;6,16
8,9;9,8;7,7
8,9;9,8;7,15
8,9;9,8;8,8
8,9;9,8;8,14
8,9;9,8;9,9
8,9;9,8;9,13
8,9;9,8;10,10
8,9;9,8;10,12
8,10;10,8;0,0
8,10;10,8;0,22
8,10;10,8;1,1
8,10;10,8;1,21
8,10;10,8;2,2
8,10;10,8;2,20
8,10;10,8;3,3
8,10;10,8;3,19
8,10;10,8;4,4
8,10;10,8;4,18
8,10;10,8;5,5
8,10;10,8;5,17
8,10;10,8;6,6
8,10;10,8;6,16
8,10;10,8;7,7
8,10;10,8;7,15
8,10;10,8;8,8
8,10;10,8;8,14
8,10;10,8;9,9
8,10;10,8;9,13
8,10;10,8;10,10
8,10;10,8;10,12
9,10;10,9;0,0
9,10;10,9;0,22
9,10;10,9;1,1
9,10;10,9;1,21
9,10;10,9;2,2
9,10;10,9;2,20
9,10;10,9;3,3
9,10;10,9;3,19
9,10;10,9;4,4
9,10;10,9;4,18
9,10;10,9;5,5
9,10;10,9;5,17
9,10;10,9;6,6
9,10;10,9;6,16
9,10;10,9;7,7
9,10;10,9;7,15
9,10;10,9;8,8
9,10;10,9;8,14
9,10;10,9;9,9
9,10;10,9;9,13
9,10;10,9;10,10
9,10;10,9;10,12
