# A399138 n=9 stratum c18_ord6 (|H|=6 rot=3 inv=n) points=116 status=FEASIBLE bound=159 verified=True
0 0 0
0 0 1
0 1 0
0 1 4
0 2 6
0 3 4
0 3 6
0 4 1
0 4 3
0 5 5
0 5 7
0 6 2
0 6 3
0 7 5
1 0 0
1 0 4
1 1 5
1 2 3
1 2 7
1 3 2
1 3 8
1 4 0
1 5 1
1 6 6
1 6 7
1 7 2
1 7 6
1 8 3
2 0 6
2 1 3
2 1 7
2 2 7
2 3 1
2 5 8
2 6 0
2 6 8
2 7 1
2 7 2
2 8 5
2 8 6
3 0 4
3 0 6
3 1 2
3 1 8
3 2 1
3 3 5
3 3 8
3 4 0
3 5 3
3 5 5
3 6 0
3 7 7
3 8 1
3 8 3
4 0 1
4 0 3
4 1 0
4 3 0
4 5 8
4 7 8
4 8 5
4 8 7
5 0 5
5 0 7
5 1 1
5 2 8
5 3 3
5 3 5
5 4 8
5 5 0
5 5 3
5 6 7
5 7 0
5 7 6
5 8 2
5 8 4
6 0 2
6 0 3
6 1 6
6 1 7
6 2 0
6 2 8
6 3 0
6 5 7
6 6 1
6 7 1
6 7 5
6 8 2
7 0 5
7 1 2
7 1 6
7 2 1
7 2 2
7 3 7
7 4 8
7 5 0
7 5 6
7 6 1
7 6 5
7 7 3
7 8 4
7 8 8
8 1 3
8 2 5
8 2 6
8 3 1
8 3 3
8 4 5
8 4 7
8 5 2
8 5 4
8 6 2
8 7 4
8 7 8
8 8 7
8 8 8
