# A399138 n=9 stratum c06_ord3 (|H|=3 rot=3 inv=n) points=110 status=FEASIBLE bound=162 verified=True
0 1 3
0 1 5
0 2 1
0 2 2
0 3 5
0 3 7
0 4 1
0 4 7
0 5 6
0 5 8
0 6 2
0 6 4
0 7 6
0 7 8
1 0 2
1 0 4
1 1 5
1 1 7
1 2 2
1 2 7
1 3 0
1 3 6
1 5 0
1 5 1
1 6 4
1 7 1
1 7 3
1 8 3
1 8 6
2 0 2
2 0 6
2 1 0
2 1 2
2 2 0
2 2 1
2 4 8
2 6 7
2 6 8
2 7 1
2 7 7
2 8 3
3 0 1
3 1 7
3 1 8
3 2 8
3 3 3
3 5 0
3 5 4
3 6 1
3 7 0
3 8 6
3 8 7
4 0 6
4 1 0
4 1 6
4 3 5
4 4 8
4 6 7
4 6 8
4 7 0
4 8 2
4 8 4
5 0 1
5 0 3
5 1 1
5 4 3
5 6 0
5 7 7
5 8 0
5 8 7
6 0 5
6 0 7
6 1 3
6 1 8
6 2 0
6 3 8
6 4 0
6 4 1
6 7 2
6 7 4
6 8 2
6 8 4
7 0 3
7 0 4
7 1 1
7 1 2
7 2 6
7 2 7
7 3 1
7 3 8
7 4 6
7 5 7
7 5 8
7 6 0
7 7 2
7 7 5
7 8 0
8 0 5
8 0 7
8 2 4
8 2 6
8 3 1
8 3 2
8 4 4
8 4 6
8 6 1
8 6 3
8 7 3
8 7 5
8 8 8
