# A399138 n=9 stratum c22_ord8 (|H|=8 rot=4 inv=n) points=112 status=OPTIMAL bound=112 verified=True
0 1 4
0 1 6
0 2 7
0 3 3
0 3 5
0 4 1
0 4 7
0 5 3
0 5 5
0 6 1
0 7 2
0 7 4
1 0 1
1 0 3
1 1 0
1 1 3
1 3 0
1 3 1
1 5 7
1 5 8
1 7 5
1 7 8
1 8 5
1 8 7
2 0 5
2 1 1
2 1 7
2 2 4
2 2 5
2 3 6
2 3 8
2 4 2
2 4 6
2 5 0
2 5 2
2 6 3
2 6 4
2 7 1
2 7 7
2 8 3
3 0 2
3 0 4
3 1 6
3 2 0
3 2 7
3 4 0
3 4 8
3 6 1
3 6 8
3 7 2
3 8 4
3 8 6
4 0 2
4 0 6
4 2 0
4 2 8
4 6 0
4 6 8
4 8 2
4 8 6
5 0 4
5 0 6
5 1 2
5 2 1
5 2 8
5 4 0
5 4 8
5 6 0
5 6 7
5 7 6
5 8 2
5 8 4
6 0 3
6 1 1
6 1 7
6 2 3
6 2 4
6 3 0
6 3 2
6 4 2
6 4 6
6 5 6
6 5 8
6 6 4
6 6 5
6 7 1
6 7 7
6 8 5
7 0 5
7 0 7
7 1 5
7 1 8
7 3 7
7 3 8
7 5 0
7 5 1
7 7 0
7 7 3
7 8 1
7 8 3
8 1 2
8 1 4
8 2 1
8 3 3
8 3 5
8 4 1
8 4 7
8 5 3
8 5 5
8 6 7
8 7 4
8 7 6
