# A280537, n=23, точек 50
# инвариантна под (x,y,z)->(y,z,x); поиск без цели
# проверено: 0 компланарных из C(50,4)=230300, 0 коллинеарных, 0 троек с четвёртой
2 6 19
6 19 2
19 2 6
4 14 22
14 22 4
22 4 14
3 19 9
19 9 3
9 3 19
16 16 16
1 17 2
17 2 1
2 1 17
2 18 22
18 22 2
22 2 18
20 20 20
1 4 16
4 16 1
16 1 4
13 19 20
19 20 13
20 13 19
1 3 5
3 5 1
5 1 3
9 22 10
22 10 9
10 9 22
0 21 15
21 15 0
15 0 21
10 12 21
12 21 10
21 10 12
6 21 20
21 20 6
20 6 21
0 15 9
15 9 0
9 0 15
5 12 17
12 17 5
17 5 12
4 13 6
13 6 4
6 4 13
0 11 14
11 14 0
14 0 11
