# A399138 n=10 stratum c05_ord2 (|H|=2 rot=1 inv=n) points=126 status=FEASIBLE bound=200 verified=True
0 1 4
0 2 2
0 2 6
0 3 3
0 3 5
0 4 1
0 4 9
0 5 1
0 5 9
0 6 3
0 6 5
0 7 2
0 7 6
0 8 4
1 0 1
1 0 7
1 1 3
1 1 4
1 2 0
1 3 6
1 6 6
1 7 0
1 8 3
1 8 4
1 9 1
1 9 7
2 0 3
2 1 0
2 1 8
2 2 7
2 2 9
2 3 1
2 6 1
2 7 7
2 7 9
2 8 0
2 8 8
2 9 3
3 0 4
3 0 7
3 1 2
3 2 6
3 2 8
3 3 9
3 4 0
3 4 1
3 5 0
3 5 1
3 6 9
3 7 6
3 7 8
3 8 2
3 9 4
3 9 7
4 0 8
4 1 7
4 2 4
4 3 0
4 6 0
4 7 4
4 8 7
4 9 8
5 0 0
5 0 2
5 1 9
5 2 1
5 2 5
5 3 7
5 6 7
5 7 1
5 7 5
5 8 9
5 9 0
5 9 2
6 0 0
6 0 6
6 1 3
6 1 5
6 2 8
6 4 9
6 5 9
6 7 8
6 8 3
6 8 5
6 9 0
6 9 6
7 1 5
7 1 8
7 2 0
7 2 1
7 4 2
7 5 2
7 7 0
7 7 1
7 8 5
7 8 8
8 0 3
8 0 5
8 1 0
8 1 2
8 2 9
8 3 1
8 3 8
8 4 4
8 5 4
8 6 1
8 6 8
8 7 9
8 8 0
8 8 2
8 9 3
8 9 5
9 0 1
9 1 6
9 2 5
9 2 7
9 3 2
9 3 9
9 4 4
9 5 4
9 6 2
9 6 9
9 7 5
9 7 7
9 8 6
9 9 1
