# A399138 n=10 stratum c27_ord12 (|H|=12 rot=12 inv=n) points=136 status=OPTIMAL bound=136 verified=True
0 0 2
0 0 5
0 2 0
0 2 6
0 3 3
0 3 7
0 4 5
0 4 9
0 5 0
0 5 4
0 6 2
0 6 6
0 7 3
0 7 9
0 9 4
0 9 7
1 1 4
1 1 8
1 2 2
1 2 6
1 3 7
1 4 1
1 5 8
1 6 2
1 7 3
1 7 7
1 8 1
1 8 5
2 0 0
2 0 6
2 1 2
2 1 6
2 2 1
2 3 8
2 3 9
2 6 0
2 6 1
2 7 8
2 8 3
2 8 7
2 9 3
2 9 9
3 0 3
3 0 7
3 1 7
3 2 8
3 2 9
3 3 0
3 4 5
3 5 4
3 6 9
3 7 0
3 7 1
3 8 2
3 9 2
3 9 6
4 0 5
4 0 9
4 1 1
4 3 5
4 4 6
4 4 9
4 5 0
4 5 3
4 6 4
4 8 8
4 9 0
4 9 4
5 0 0
5 0 4
5 1 8
5 3 4
5 4 0
5 4 3
5 5 6
5 5 9
5 6 5
5 8 1
5 9 5
5 9 9
6 0 2
6 0 6
6 1 2
6 2 0
6 2 1
6 3 9
6 4 4
6 5 5
6 6 0
6 7 8
6 7 9
6 8 7
6 9 3
6 9 7
7 0 3
7 0 9
7 1 3
7 1 7
7 2 8
7 3 0
7 3 1
7 6 8
7 6 9
7 7 1
7 8 2
7 8 6
7 9 0
7 9 6
8 1 1
8 1 5
8 2 3
8 2 7
8 3 2
8 4 8
8 5 1
8 6 7
8 7 2
8 7 6
8 8 4
8 8 8
9 0 4
9 0 7
9 2 3
9 2 9
9 3 2
9 3 6
9 4 0
9 4 4
9 5 5
9 5 9
9 6 3
9 6 7
9 7 0
9 7 6
9 9 2
9 9 5
