# A399138 n=10 stratum c20_ord8 (|H|=8 rot=4 inv=y) points=128 status=FEASIBLE bound=200 verified=True
0 0 7
0 2 0
0 2 3
0 3 4
0 3 7
0 4 6
0 5 3
0 6 2
0 6 5
0 7 6
0 7 9
0 9 2
1 0 1
1 0 4
1 1 6
1 1 9
1 2 6
1 3 1
1 3 2
1 4 9
1 5 0
1 6 7
1 6 8
1 7 3
1 8 0
1 8 3
1 9 5
1 9 8
2 0 5
2 1 7
2 2 1
2 2 4
2 3 3
2 3 6
2 4 0
2 4 7
2 5 2
2 5 9
2 6 3
2 6 6
2 7 5
2 7 8
2 8 2
2 9 4
3 0 2
3 0 3
3 1 2
3 1 4
3 2 8
3 2 9
3 3 9
3 4 8
3 5 1
3 6 0
3 7 0
3 7 1
3 8 5
3 8 7
3 9 6
3 9 7
4 0 6
4 3 0
4 6 9
4 9 3
5 0 6
5 3 0
5 6 9
5 9 3
6 0 2
6 0 3
6 1 2
6 1 4
6 2 8
6 2 9
6 3 9
6 4 8
6 5 1
6 6 0
6 7 0
6 7 1
6 8 5
6 8 7
6 9 6
6 9 7
7 0 5
7 1 7
7 2 1
7 2 4
7 3 3
7 3 6
7 4 0
7 4 7
7 5 2
7 5 9
7 6 3
7 6 6
7 7 5
7 7 8
7 8 2
7 9 4
8 0 1
8 0 4
8 1 6
8 1 9
8 2 6
8 3 1
8 3 2
8 4 9
8 5 0
8 6 7
8 6 8
8 7 3
8 8 0
8 8 3
8 9 5
8 9 8
9 0 7
9 2 0
9 2 3
9 3 4
9 3 7
9 4 6
9 5 3
9 6 2
9 6 5
9 7 6
9 7 9
9 9 2
