# A399138 n=10 stratum c18_ord6 (|H|=6 rot=3 inv=n) points=138 status=FEASIBLE bound=200 verified=True
0 0 6
0 1 3
0 1 7
0 2 3
0 2 5
0 3 1
0 3 2
0 4 6
0 4 8
0 5 2
0 5 8
0 6 0
0 6 4
0 7 1
0 7 7
0 8 4
0 8 5
1 0 3
1 0 7
1 1 7
1 1 8
1 2 3
1 3 0
1 3 2
1 4 6
1 4 9
1 5 9
1 6 4
1 6 6
1 7 0
1 7 1
1 8 1
1 8 8
1 9 4
1 9 5
2 0 3
2 0 5
2 1 3
2 2 9
2 3 0
2 3 1
2 5 0
2 8 8
2 8 9
2 9 2
2 9 8
3 0 1
3 0 2
3 1 0
3 1 2
3 2 0
3 2 1
3 3 8
3 5 8
3 5 9
3 8 3
3 8 5
3 9 5
3 9 9
4 0 6
4 0 8
4 1 6
4 1 9
4 6 0
4 6 1
4 7 9
4 8 0
4 9 1
4 9 7
5 0 2
5 0 8
5 1 9
5 2 0
5 3 8
5 3 9
5 8 0
5 8 3
5 9 1
5 9 3
6 0 0
6 0 4
6 1 4
6 1 6
6 4 0
6 4 1
6 6 1
6 7 8
6 7 9
6 8 7
6 8 9
6 9 7
6 9 8
7 0 1
7 0 7
7 1 0
7 1 1
7 4 9
7 6 8
7 6 9
7 7 0
7 8 6
7 9 4
7 9 6
8 0 4
8 0 5
8 1 1
8 1 8
8 2 8
8 2 9
8 3 3
8 3 5
8 4 0
8 5 0
8 5 3
8 6 7
8 6 9
8 7 6
8 8 1
8 8 2
8 9 2
8 9 6
9 1 4
9 1 5
9 2 2
9 2 8
9 3 5
9 3 9
9 4 1
9 4 7
9 5 1
9 5 3
9 6 7
9 6 8
9 7 4
9 7 6
9 8 2
9 8 6
9 9 3
