# A280537, n=19, точек 43 — выше прежних 41, унаследованных от n=18
# инвариантна под (x,y,z)->(y,z,x); поиск без цели
# проверено: 0 компланарных из C(43,4)=123410, 0 коллинеарных, 0 троек с четвёртой
1 11 4
11 4 1
4 1 11
2 15 4
15 4 2
4 2 15
5 5 5
11 17 16
17 16 11
16 11 17
2 7 18
7 18 2
18 2 7
9 17 11
17 11 9
11 9 17
1 8 13
8 13 1
13 1 8
0 14 5
14 5 0
5 0 14
0 3 6
3 6 0
6 0 3
3 15 14
15 14 3
14 3 15
2 3 9
3 9 2
9 2 3
1 6 18
6 18 1
18 1 6
0 16 10
16 10 0
10 0 16
12 13 16
13 16 12
16 12 13
4 18 6
18 6 4
6 4 18
