# A280537, n=21, точек 47
# инвариантна под (x,y,z)->(y,z,x); поиск без цели
# проверено: 0 компланарных из C(47,4)=178365, 0 коллинеарных, 0 троек с четвёртой
1 3 11
3 11 1
11 1 3
2 7 18
7 18 2
18 2 7
10 19 15
19 15 10
15 10 19
3 3 3
1 4 9
4 9 1
9 1 4
16 17 19
17 19 16
19 16 17
0 16 15
16 15 0
15 0 16
6 20 14
20 14 6
14 6 20
1 13 20
13 20 1
20 1 13
8 14 19
14 19 8
19 8 14
0 15 7
15 7 0
7 0 15
6 9 17
9 17 6
17 6 9
8 16 18
16 18 8
18 8 16
4 8 5
8 5 4
5 4 8
2 2 2
0 20 3
20 3 0
3 0 20
2 17 11
17 11 2
11 2 17
