# p=23 N=46 H(1)uH(-1): lawful 70 points (HiGHS MIP, 8 h, dual bound 74.0 at time limit — 70 <= max <= 74); grid coords x y
0 21
0 44
1 16
1 39
2 18
3 26
3 43
4 10
4 13
5 4
5 27
6 32
6 37
7 6
8 8
8 31
9 12
10 45
12 22
12 45
13 11
14 31
15 40
16 9
17 27
17 42
18 33
18 36
19 20
19 43
20 5
20 28
21 16
21 39
22 2
23 44
24 7
24 30
25 18
25 41
26 3
26 26
27 10
27 13
28 4
28 19
29 37
30 6
31 15
32 35
33 1
33 24
35 1
36 34
37 15
37 38
38 40
39 9
39 14
40 19
40 42
41 33
41 36
42 3
42 20
43 28
44 7
44 30
45 2
45 25
