# U mode: H(1,23) u H(1,29), window 46x46, HJSW x-shift per modulus; exact maximum = 68 (HiGHS MIP, dual bound 68, 640 s, third solver); verified by the_law; grid coords x y
0 2
0 31
1 16
1 39
2 5
2 28
3 21
3 43
4 13
4 36
5 19
5 42
6 9
6 32
7 4
7 40
8 15
9 11
10 22
10 45
12 1
13 12
13 35
14 8
14 31
15 6
16 37
16 44
18 10
19 3
20 18
20 34
21 7
22 44
23 2
23 13
24 39
25 5
26 20
26 43
27 36
30 20
30 40
31 38
31 41
32 11
33 26
33 45
34 16
35 1
35 24
36 35
37 24
38 6
38 29
39 14
40 4
40 27
41 14
41 33
42 3
42 26
43 18
43 41
44 7
44 30
45 15
45 21
