# A399138 n=11 stratum c32_ord48 (|H|=48 rot=24 inv=y) points=144 status=OPTIMAL bound=144 verified=True
0 1 4
0 1 6
0 3 3
0 3 7
0 4 1
0 4 9
0 6 1
0 6 9
0 7 3
0 7 7
0 9 4
0 9 6
1 0 4
1 0 6
1 1 2
1 1 8
1 2 1
1 2 9
1 3 5
1 4 0
1 4 10
1 5 3
1 5 7
1 6 0
1 6 10
1 7 5
1 8 1
1 8 9
1 9 2
1 9 8
1 10 4
1 10 6
2 1 1
2 1 9
2 2 3
2 2 7
2 3 2
2 3 8
2 7 2
2 7 8
2 8 3
2 8 7
2 9 1
2 9 9
3 0 3
3 0 7
3 1 5
3 2 2
3 2 8
3 3 0
3 3 10
3 5 1
3 5 9
3 7 0
3 7 10
3 8 2
3 8 8
3 9 5
3 10 3
3 10 7
4 0 1
4 0 9
4 1 0
4 1 10
4 9 0
4 9 10
4 10 1
4 10 9
5 1 3
5 1 7
5 3 1
5 3 9
5 7 1
5 7 9
5 9 3
5 9 7
6 0 1
6 0 9
6 1 0
6 1 10
6 9 0
6 9 10
6 10 1
6 10 9
7 0 3
7 0 7
7 1 5
7 2 2
7 2 8
7 3 0
7 3 10
7 5 1
7 5 9
7 7 0
7 7 10
7 8 2
7 8 8
7 9 5
7 10 3
7 10 7
8 1 1
8 1 9
8 2 3
8 2 7
8 3 2
8 3 8
8 7 2
8 7 8
8 8 3
8 8 7
8 9 1
8 9 9
9 0 4
9 0 6
9 1 2
9 1 8
9 2 1
9 2 9
9 3 5
9 4 0
9 4 10
9 5 3
9 5 7
9 6 0
9 6 10
9 7 5
9 8 1
9 8 9
9 9 2
9 9 8
9 10 4
9 10 6
10 1 4
10 1 6
10 3 3
10 3 7
10 4 1
10 4 9
10 6 1
10 6 9
10 7 3
10 7 7
10 9 4
10 9 6
