# A399138 n=11 stratum c20_ord8 (|H|=8 rot=4 inv=y) points=152 status=FEASIBLE bound=218 verified=True
0 1 7
0 2 3
0 2 5
0 3 1
0 3 8
0 4 4
0 4 6
0 5 2
0 5 8
0 6 4
0 6 6
0 7 2
0 7 9
0 8 5
0 8 7
0 9 3
1 0 7
1 1 3
1 1 5
1 2 2
1 2 8
1 3 0
1 3 9
1 5 1
1 5 9
1 7 1
1 7 10
1 8 2
1 8 8
1 9 5
1 9 7
1 10 3
2 0 9
2 1 0
2 1 6
2 3 4
2 4 1
2 4 7
2 6 3
2 6 9
2 7 6
2 9 4
2 9 10
2 10 1
3 0 2
3 0 3
3 1 2
3 2 9
3 2 10
3 3 10
3 7 0
3 8 0
3 8 1
3 9 8
3 10 7
3 10 8
4 0 6
4 0 8
4 1 1
4 1 9
4 2 0
4 4 0
4 6 10
4 8 10
4 9 1
4 9 9
4 10 2
4 10 4
5 0 1
5 0 4
5 1 8
5 1 10
5 2 1
5 3 5
5 4 10
5 5 3
5 5 7
5 6 0
5 7 5
5 8 9
5 9 0
5 9 2
5 10 6
5 10 9
6 0 6
6 0 8
6 1 1
6 1 9
6 2 0
6 4 0
6 6 10
6 8 10
6 9 1
6 9 9
6 10 2
6 10 4
7 0 2
7 0 3
7 1 2
7 2 9
7 2 10
7 3 10
7 7 0
7 8 0
7 8 1
7 9 8
7 10 7
7 10 8
8 0 9
8 1 0
8 1 6
8 3 4
8 4 1
8 4 7
8 6 3
8 6 9
8 7 6
8 9 4
8 9 10
8 10 1
9 0 7
9 1 3
9 1 5
9 2 2
9 2 8
9 3 0
9 3 9
9 5 1
9 5 9
9 7 1
9 7 10
9 8 2
9 8 8
9 9 5
9 9 7
9 10 3
10 1 7
10 2 3
10 2 5
10 3 1
10 3 8
10 4 4
10 4 6
10 5 2
10 5 8
10 6 4
10 6 6
10 7 2
10 7 9
10 8 5
10 8 7
10 9 3
