# A399138 n=11 stratum c10_ord4 (|H|=4 rot=4 inv=n) points=154 status=FEASIBLE bound=240 verified=True
0 0 5
0 1 3
0 2 3
0 2 8
0 3 1
0 3 7
0 6 1
0 6 2
0 7 2
0 7 9
0 8 7
0 9 6
0 10 4
0 10 6
1 0 7
1 1 2
1 1 8
1 2 1
1 2 3
1 3 6
1 3 8
1 4 0
1 4 3
1 5 7
1 6 0
1 6 2
1 7 9
1 7 10
1 8 5
1 8 6
1 10 4
2 0 2
2 0 7
2 1 7
2 1 9
2 2 1
2 2 9
2 3 0
2 4 3
2 4 10
2 7 8
2 7 10
2 8 2
2 8 8
2 9 4
2 9 5
2 10 3
3 0 3
3 0 9
3 1 2
3 1 4
3 2 10
3 5 9
3 5 10
3 8 0
3 8 2
3 9 0
3 9 1
3 10 1
3 10 8
4 1 7
4 1 10
4 2 0
4 2 7
4 4 4
4 4 6
4 5 0
4 5 1
4 9 8
4 9 10
4 10 8
4 10 9
5 1 3
5 3 0
5 3 1
5 4 9
5 4 10
5 6 9
5 6 10
5 7 0
5 7 1
5 9 3
6 0 8
6 0 9
6 1 8
6 1 10
6 5 0
6 5 1
6 6 4
6 6 6
6 8 0
6 8 7
6 9 7
6 9 10
7 0 1
7 0 8
7 1 0
7 1 1
7 2 0
7 2 2
7 5 9
7 5 10
7 8 10
7 9 2
7 9 4
7 10 3
7 10 9
8 0 3
8 1 4
8 1 5
8 2 2
8 2 8
8 3 8
8 3 10
8 6 3
8 6 10
8 7 0
8 8 1
8 8 9
8 9 7
8 9 9
8 10 2
8 10 7
9 0 4
9 2 5
9 2 6
9 3 9
9 3 10
9 4 0
9 4 2
9 5 7
9 6 0
9 6 3
9 7 6
9 7 8
9 8 1
9 8 3
9 9 2
9 9 8
9 10 7
10 0 4
10 0 6
10 1 6
10 2 7
10 3 2
10 3 9
10 4 1
10 4 2
10 7 1
10 7 7
10 8 3
10 8 8
10 9 3
10 10 5
