# A399138 n=11 stratum c15_ord4 (|H|=4 rot=4 inv=n) points=152 status=FEASIBLE bound=222 verified=True
0 1 3
0 1 7
0 2 8
0 2 9
0 3 1
0 3 2
0 4 2
0 4 4
0 5 9
0 7 3
0 7 8
0 8 1
0 8 5
0 9 5
0 9 6
1 0 3
1 1 5
1 2 0
1 3 7
1 3 10
1 4 1
1 4 9
1 5 0
1 5 7
1 6 3
1 7 2
1 8 8
1 8 10
1 9 2
1 9 8
1 10 1
1 10 9
2 0 3
2 0 5
2 2 0
2 2 7
2 3 10
2 4 10
2 5 2
2 5 8
2 7 0
2 7 9
2 8 1
2 9 1
2 9 9
2 10 4
2 10 7
3 0 8
3 0 9
3 1 0
3 1 10
3 2 2
3 3 1
3 4 4
3 5 1
3 6 9
3 7 10
3 8 3
3 8 7
3 9 3
3 9 7
3 10 2
3 10 4
4 0 4
4 0 6
4 1 4
4 1 6
4 4 7
4 4 10
4 9 0
4 10 7
4 10 8
5 0 2
5 0 8
5 1 1
5 1 9
5 8 0
5 8 10
5 9 0
5 9 10
6 0 4
6 0 6
6 1 4
6 1 6
6 4 0
6 4 3
6 9 10
6 10 2
6 10 3
7 0 1
7 0 2
7 1 0
7 1 10
7 2 8
7 3 9
7 4 6
7 5 9
7 6 1
7 7 0
7 8 3
7 8 7
7 9 3
7 9 7
7 10 6
7 10 8
8 0 5
8 0 7
8 2 3
8 2 10
8 3 0
8 4 0
8 5 2
8 5 8
8 7 1
8 7 10
8 8 9
8 9 1
8 9 9
8 10 3
8 10 6
9 0 7
9 1 5
9 2 10
9 3 0
9 3 3
9 4 1
9 4 9
9 5 3
9 5 10
9 6 7
9 7 8
9 8 0
9 8 2
9 9 2
9 9 8
9 10 1
9 10 9
10 1 3
10 1 7
10 2 1
10 2 2
10 3 8
10 3 9
10 4 6
10 4 8
10 5 1
10 7 2
10 7 7
10 8 5
10 8 9
10 9 4
10 9 5
