# A399138 n=11 stratum c29_ord24 (|H|=24 rot=12 inv=y) points=144 status=OPTIMAL bound=144 verified=True
0 1 5
0 3 4
0 3 6
0 4 2
0 4 8
0 6 2
0 6 8
0 7 4
0 7 6
0 9 5
1 2 5
1 3 2
1 3 8
1 4 3
1 4 7
1 5 0
1 5 10
1 6 3
1 6 7
1 7 2
1 7 8
1 8 5
2 0 4
2 0 6
2 1 3
2 1 7
2 4 5
2 5 1
2 5 9
2 6 5
2 9 3
2 9 7
2 10 4
2 10 6
3 1 4
3 1 6
3 2 1
3 2 9
3 3 5
3 4 0
3 4 10
3 5 3
3 5 7
3 6 0
3 6 10
3 7 5
3 8 1
3 8 9
3 9 4
3 9 6
4 0 3
4 0 7
4 2 0
4 2 10
4 3 1
4 3 9
4 5 2
4 5 8
4 7 1
4 7 9
4 8 0
4 8 10
4 10 3
4 10 7
5 0 1
5 0 9
5 1 2
5 1 8
5 2 4
5 2 6
5 3 3
5 3 7
5 7 3
5 7 7
5 8 4
5 8 6
5 9 2
5 9 8
5 10 1
5 10 9
6 0 3
6 0 7
6 2 0
6 2 10
6 3 1
6 3 9
6 5 2
6 5 8
6 7 1
6 7 9
6 8 0
6 8 10
6 10 3
6 10 7
7 1 4
7 1 6
7 2 1
7 2 9
7 3 5
7 4 0
7 4 10
7 5 3
7 5 7
7 6 0
7 6 10
7 7 5
7 8 1
7 8 9
7 9 4
7 9 6
8 0 4
8 0 6
8 1 3
8 1 7
8 4 5
8 5 1
8 5 9
8 6 5
8 9 3
8 9 7
8 10 4
8 10 6
9 2 5
9 3 2
9 3 8
9 4 3
9 4 7
9 5 0
9 5 10
9 6 3
9 6 7
9 7 2
9 7 8
9 8 5
10 1 5
10 3 4
10 3 6
10 4 2
10 4 8
10 6 2
10 6 8
10 7 4
10 7 6
10 9 5
