свидетель                                       n   m      D E_null[D]   D/E  классы (x,y,z mod 2)
A399138_no3collinear_cube.txt n=3 m=16          3  16   7.63      2.95  2.58  [4, 4, 4, 0, 4, 0, 0, 0]
A399138_no3collinear_cube.txt n=4 m=28          4  28   0.57      4.02  0.14  [3, 4, 4, 3, 4, 3, 3, 4]
A399138_no3collinear_cube.txt n=5 m=40          5  40   7.69      4.81  1.60  [4, 8, 8, 4, 8, 4, 4, 0]
A399138_no3collinear_cube.txt n=6 m=64          6  64   1.00      4.96  0.20  [9, 7, 7, 9, 7, 9, 9, 7]
A399138_no3collinear_cube.txt n=7 m=73          7  73   2.86      5.52  0.52  [16, 9, 9, 7, 9, 7, 7, 9]
A399138_no3collinear_cube.txt n=8 m=93          8  93   0.16      5.74  0.03  [12, 12, 12, 11, 12, 11, 11, 12]
n4_28pt_optima_all14.txt#1                      4  28   0.57      4.02  0.14  [3, 4, 4, 3, 4, 3, 3, 4]
n4_28pt_optima_all14.txt#2                      4  28   0.57      4.02  0.14  [3, 4, 4, 3, 4, 3, 3, 4]
n4_28pt_optima_all14.txt#3                      4  28   0.57      4.02  0.14  [3, 4, 3, 4, 4, 3, 4, 3]
n4_28pt_optima_all14.txt#4                      4  28   0.57      4.02  0.14  [3, 4, 4, 3, 4, 3, 3, 4]
n4_28pt_optima_all14.txt#5                      4  28   0.57      4.02  0.14  [3, 4, 4, 3, 3, 4, 4, 3]
n4_28pt_optima_all14.txt#6                      4  28   0.57      4.02  0.14  [4, 3, 3, 4, 3, 4, 4, 3]
n4_28pt_optima_all14.txt#7                      4  28   0.57      4.02  0.14  [3, 3, 4, 4, 4, 4, 3, 3]
n4_28pt_optima_all14.txt#8                      4  28   0.57      4.02  0.14  [4, 4, 3, 3, 3, 3, 4, 4]
n4_28pt_optima_all14.txt#9                      4  28   0.57      4.02  0.14  [3, 4, 4, 3, 4, 3, 3, 4]
n4_28pt_optima_all14.txt#10                     4  28   0.57      4.02  0.14  [4, 3, 3, 4, 4, 3, 3, 4]
n4_28pt_optima_all14.txt#11                     4  28   0.57      4.02  0.14  [4, 3, 3, 4, 3, 4, 4, 3]
n4_28pt_optima_all14.txt#12                     4  28   0.57      4.02  0.14  [4, 3, 4, 3, 3, 4, 3, 4]
n4_28pt_optima_all14.txt#13                     4  28   0.57      4.02  0.14  [4, 3, 3, 4, 3, 4, 4, 3]
n4_28pt_optima_all14.txt#14                     4  28   0.57      4.02  0.14  [4, 3, 3, 4, 3, 4, 4, 3]
n7_c03_ord2_73.txt                              7  73   1.82      5.52  0.33  [12, 11, 11, 6, 11, 10, 6, 6]
n7_c04_ord2_73.txt                              7  73   2.85      5.52  0.52  [11, 9, 10, 10, 10, 10, 9, 4]
n7_c06_ord3_73.txt                              7  73   0.10      5.52  0.02  [13, 10, 10, 8, 10, 8, 8, 6]
n8_c02_ord2_92.txt                              8  92   0.87      5.73  0.15  [10, 13, 11, 12, 13, 10, 12, 11]
n8_c04_ord2_92.txt                              8  92   0.17      5.73  0.03  [12, 11, 11, 12, 11, 12, 12, 11]
оптимумы n=4 (14 шт.): средний D = 0.57 против нуля 4.02 → отношение 0.14
