iden n=20, решений 117347; ρ(Δ) = доля/нуль для строк (Δc) и столбцов (Δr); ρ² рядом — что предсказывает «день рождения» для формы прямоугольника
  Δ    нуль  строки  ρ_row  столбцы  ρ_col  ρ_col² f(Δ) из прямоуг.
  1  0.1000  0.1066   1.07   0.1069   1.07    1.14             1.10
  2  0.0947  0.1288   1.36   0.1279   1.35    1.82             2.08
  3  0.0895  0.1232   1.38   0.1220   1.36    1.86             1.98
  4  0.0842  0.1091   1.30   0.1093   1.30    1.69             1.83
  5  0.0789  0.0764   0.97   0.0757   0.96    0.92             1.20
  6  0.0737  0.0887   1.20   0.0899   1.22    1.49             1.60
  7  0.0684  0.0395   0.58   0.0403   0.59    0.35             0.34
  8  0.0632  0.0512   0.81   0.0525   0.83    0.69             0.73
  9  0.0579  0.0411   0.71   0.0384   0.66    0.44             0.48
 10  0.0526  0.0461   0.88   0.0461   0.88    0.77             1.10
 11  0.0474  0.0198   0.42   0.0208   0.44    0.19             0.17
 12  0.0421  0.0481   1.14   0.0496   1.18    1.39             1.41
 13  0.0368  0.0161   0.44   0.0158   0.43    0.18             0.19
 14  0.0316  0.0227   0.72   0.0224   0.71    0.50             0.60
 15  0.0263  0.0332   1.26   0.0332   1.26    1.59             1.85
 16  0.0211  0.0190   0.90   0.0191   0.91    0.82             0.92
 17  0.0158  0.0107   0.68   0.0110   0.69    0.48             0.46
 18  0.0105  0.0139   1.32   0.0137   1.30    1.70             2.22
 19  0.0053  0.0056   1.06   0.0054   1.02    1.05             1.14

пары строк в одном столбце, ожидание при равномерности = 12352.3
  самые редкие: (6, 19):0.33, (0, 13):0.35, (7, 18):0.38, (0, 11):0.39, (1, 12):0.40, (2, 13):0.41, (1, 14):0.43, (6, 17):0.43, (5, 18):0.43, (3, 14):0.47, (2, 15):0.47, (5, 16):0.47
  самые частые: (15, 19):1.43, (9, 11):1.45, (18, 19):1.50, (16, 18):1.50, (1, 3):1.51, (6, 10):1.51, (10, 13):1.53, (16, 19):1.54, (0, 3):1.54, (0, 1):1.55, (0, 2):1.70, (17, 19):1.74
