# A399138 n=10 stratum c32_ord48 (|H|=48 rot=24 inv=y) points=104 status=OPTIMAL bound=104 verified=True
0 0 0
0 0 9
0 1 2
0 1 7
0 2 1
0 2 8
0 7 1
0 7 8
0 8 2
0 8 7
0 9 0
0 9 9
1 0 2
1 0 7
1 1 4
1 1 5
1 2 0
1 2 9
1 4 1
1 4 8
1 5 1
1 5 8
1 7 0
1 7 9
1 8 4
1 8 5
1 9 2
1 9 7
2 0 1
2 0 8
2 1 0
2 1 9
2 3 3
2 3 6
2 6 3
2 6 6
2 8 0
2 8 9
2 9 1
2 9 8
3 2 3
3 2 6
3 3 2
3 3 7
3 6 2
3 6 7
3 7 3
3 7 6
4 1 1
4 1 8
4 8 1
4 8 8
5 1 1
5 1 8
5 8 1
5 8 8
6 2 3
6 2 6
6 3 2
6 3 7
6 6 2
6 6 7
6 7 3
6 7 6
7 0 1
7 0 8
7 1 0
7 1 9
7 3 3
7 3 6
7 6 3
7 6 6
7 8 0
7 8 9
7 9 1
7 9 8
8 0 2
8 0 7
8 1 4
8 1 5
8 2 0
8 2 9
8 4 1
8 4 8
8 5 1
8 5 8
8 7 0
8 7 9
8 8 4
8 8 5
8 9 2
8 9 7
9 0 0
9 0 9
9 1 2
9 1 7
9 2 1
9 2 8
9 7 1
9 7 8
9 8 2
9 8 7
9 9 0
9 9 9
