# A399138 n=10 stratum c30_ord24 (|H|=24 rot=24 inv=n) points=120 status=OPTIMAL bound=120 verified=True
0 2 5
0 2 6
0 3 2
0 3 5
0 4 2
0 4 3
0 5 6
0 5 7
0 6 4
0 6 7
0 7 3
0 7 4
1 2 5
1 2 6
1 3 2
1 4 2
1 5 7
1 6 7
1 7 3
1 7 4
2 0 3
2 0 4
2 1 3
2 1 4
2 3 8
2 3 9
2 4 8
2 4 9
2 5 0
2 5 1
2 6 0
2 6 1
2 8 5
2 8 6
2 9 5
2 9 6
3 0 4
3 0 7
3 1 7
3 2 0
3 2 1
3 4 9
3 5 0
3 7 8
3 7 9
3 8 2
3 9 2
3 9 5
4 0 6
4 0 7
4 1 7
4 2 0
4 2 1
4 3 0
4 6 9
4 7 8
4 7 9
4 8 2
4 9 2
4 9 3
5 0 2
5 0 3
5 1 2
5 2 8
5 2 9
5 3 9
5 6 0
5 7 0
5 7 1
5 8 7
5 9 6
5 9 7
6 0 2
6 0 5
6 1 2
6 2 8
6 2 9
6 4 0
6 5 9
6 7 0
6 7 1
6 8 7
6 9 4
6 9 7
7 0 5
7 0 6
7 1 5
7 1 6
7 3 0
7 3 1
7 4 0
7 4 1
7 5 8
7 5 9
7 6 8
7 6 9
7 8 3
7 8 4
7 9 3
7 9 4
8 2 3
8 2 4
8 3 7
8 4 7
8 5 2
8 6 2
8 7 5
8 7 6
9 2 3
9 2 4
9 3 4
9 3 7
9 4 6
9 4 7
9 5 2
9 5 3
9 6 2
9 6 5
9 7 5
9 7 6
