# A399138 n=11 stratum c00_ord1 (|H|=1 rot=1 inv=n) points=149 status=FEASIBLE bound=242 verified=True
0 1 3
0 1 5
0 2 4
0 3 2
0 3 7
0 4 7
0 5 8
0 5 10
0 6 2
0 6 4
0 7 6
0 7 8
0 8 6
0 8 9
0 9 3
0 9 5
1 0 4
1 0 7
1 1 7
1 1 8
1 2 2
1 3 9
1 4 1
1 4 3
1 5 0
1 5 8
1 7 5
1 8 9
1 9 0
1 9 1
2 0 1
2 0 4
2 1 3
2 1 4
2 2 8
2 3 9
2 4 8
2 5 1
2 6 0
2 7 10
2 8 2
2 8 3
2 9 6
2 9 9
2 10 5
2 10 7
3 0 8
3 1 6
3 1 9
3 2 0
3 2 5
3 3 6
3 4 10
3 5 0
3 6 3
3 6 8
3 9 3
3 9 9
3 10 7
3 10 10
4 0 8
4 1 0
4 1 2
4 2 0
4 2 10
4 4 1
4 7 9
4 9 8
4 10 1
4 10 5
5 0 1
5 0 5
5 1 9
5 2 10
5 3 8
5 5 3
5 6 0
5 6 10
5 8 0
5 8 2
5 9 2
5 9 8
6 0 7
6 0 9
6 2 9
6 3 4
6 5 1
6 7 1
6 8 10
6 9 0
6 10 4
6 10 6
7 0 0
7 0 5
7 1 1
7 2 1
7 5 2
7 5 9
7 6 10
7 7 6
7 7 10
7 8 0
7 8 5
7 9 2
7 10 6
7 10 8
8 0 2
8 1 6
8 1 10
8 2 6
8 2 9
8 3 0
8 3 10
8 4 0
8 4 3
8 5 9
8 7 1
8 7 2
8 8 7
8 9 1
9 0 2
9 1 1
9 2 3
9 2 8
9 3 6
9 4 0
9 4 2
9 5 7
9 7 7
9 8 3
9 8 5
9 9 5
9 9 10
9 10 8
9 10 9
10 0 9
10 2 6
10 3 1
10 3 4
10 4 8
10 5 7
10 5 10
10 6 2
10 7 0
10 7 7
10 8 1
10 8 10
10 9 6
10 10 4
