# A399138 n=11 stratum c07_ord4 (|H|=4 rot=2 inv=y) points=156 status=FEASIBLE bound=230 verified=True
0 1 5
0 2 4
0 2 8
0 3 7
0 3 9
0 4 1
0 4 3
0 6 1
0 6 3
0 7 7
0 7 9
0 8 4
0 8 8
0 9 5
1 0 6
1 0 7
1 1 2
1 1 9
1 2 1
1 2 4
1 3 5
1 3 8
1 5 0
1 5 3
1 7 5
1 7 8
1 8 1
1 8 4
1 9 2
1 9 9
1 10 6
1 10 7
2 0 3
2 0 4
2 1 7
2 1 9
2 2 5
2 3 0
2 3 8
2 4 10
2 5 1
2 6 10
2 7 0
2 7 8
2 8 5
2 9 7
2 9 9
2 10 3
2 10 4
3 0 5
3 0 8
3 1 4
3 2 10
3 3 0
3 3 9
3 4 7
3 5 3
3 6 7
3 7 0
3 7 9
3 8 10
3 9 4
3 10 5
3 10 8
4 0 1
4 1 0
4 1 2
4 4 10
4 6 10
4 9 0
4 9 2
4 10 1
5 0 2
5 0 8
5 2 0
5 2 10
5 3 3
5 3 7
5 7 3
5 7 7
5 8 0
5 8 10
5 10 2
5 10 8
6 0 9
6 1 8
6 1 10
6 4 0
6 6 0
6 9 8
6 9 10
6 10 9
7 0 2
7 0 5
7 1 6
7 2 0
7 3 1
7 3 10
7 4 3
7 5 7
7 6 3
7 7 1
7 7 10
7 8 0
7 9 6
7 10 2
7 10 5
8 0 6
8 0 7
8 1 1
8 1 3
8 2 5
8 3 2
8 3 10
8 4 0
8 5 9
8 6 0
8 7 2
8 7 10
8 8 5
8 9 1
8 9 3
8 10 6
8 10 7
9 0 3
9 0 4
9 1 1
9 1 8
9 2 6
9 2 9
9 3 2
9 3 5
9 5 7
9 5 10
9 7 2
9 7 5
9 8 6
9 8 9
9 9 1
9 9 8
9 10 3
9 10 4
10 1 5
10 2 2
10 2 6
10 3 1
10 3 3
10 4 7
10 4 9
10 6 7
10 6 9
10 7 1
10 7 3
10 8 2
10 8 6
10 9 5
