# A399138 n=11 stratum c18_ord6 (|H|=6 rot=3 inv=n) points=159 status=FEASIBLE bound=241 verified=True
0 0 5
0 1 1
0 2 4
0 3 5
0 3 8
0 4 2
0 4 8
0 5 0
0 5 3
0 6 7
0 6 10
0 7 6
0 7 10
0 8 3
0 8 4
0 10 6
0 10 7
1 0 1
1 1 0
1 1 9
1 2 4
1 3 6
1 4 2
1 4 10
1 5 8
1 6 3
1 7 8
1 8 5
1 8 7
1 9 1
1 10 4
2 0 4
2 1 4
2 2 7
2 3 8
2 4 0
2 4 1
2 5 9
2 7 2
2 8 3
2 8 8
2 9 5
2 9 9
3 0 5
3 0 8
3 1 6
3 2 8
3 5 0
3 5 9
3 6 1
3 6 9
3 7 10
3 8 0
3 8 2
3 9 5
3 9 6
3 10 7
4 0 2
4 0 8
4 1 2
4 1 10
4 2 0
4 2 1
4 8 0
4 8 9
4 9 8
4 9 9
4 10 1
4 10 10
5 0 0
5 0 3
5 1 8
5 2 9
5 3 0
5 3 9
5 6 10
5 7 7
5 8 1
5 8 10
5 9 2
5 9 3
5 10 6
5 10 8
6 0 7
6 0 10
6 1 3
6 3 1
6 3 9
6 5 10
6 7 0
6 8 8
6 9 3
6 10 0
6 10 5
7 0 6
7 0 10
7 1 8
7 2 2
7 3 10
7 5 7
7 6 0
7 7 5
7 7 9
7 8 1
7 8 9
7 9 7
7 9 8
7 10 0
7 10 3
8 0 3
8 0 4
8 1 5
8 1 7
8 2 3
8 2 8
8 3 0
8 3 2
8 4 0
8 4 9
8 5 1
8 5 10
8 6 8
8 7 1
8 7 9
8 8 2
8 8 6
8 9 4
8 9 7
8 10 5
9 1 1
9 2 5
9 2 9
9 3 5
9 3 6
9 4 8
9 4 9
9 5 2
9 5 3
9 6 3
9 7 7
9 7 8
9 8 4
9 8 7
9 9 2
9 9 4
10 0 6
10 0 7
10 1 4
10 3 7
10 4 1
10 4 10
10 5 6
10 5 8
10 6 0
10 6 5
10 7 0
10 7 3
10 8 5
10 10 4
