# A399138 n=11 stratum c17_ord6 (|H|=6 rot=6 inv=n) points=159 status=FEASIBLE bound=240 verified=True
0 1 9
0 2 5
0 2 7
0 3 2
0 3 4
0 4 5
0 4 8
0 5 3
0 5 10
0 6 2
0 7 3
0 7 9
0 8 6
0 8 8
0 9 4
0 9 6
1 0 1
1 1 3
1 1 7
1 2 1
1 2 6
1 3 8
1 3 10
1 4 0
1 4 2
1 6 0
1 7 3
1 7 4
1 8 2
1 8 5
1 9 8
1 9 10
2 0 3
2 0 5
2 1 4
2 1 9
2 2 0
2 2 10
2 3 8
2 4 0
2 5 1
2 6 10
2 7 8
2 7 9
2 8 1
2 9 2
2 9 6
2 10 4
2 10 7
3 0 6
3 0 8
3 1 0
3 1 2
3 2 2
3 4 5
3 6 1
3 7 0
3 7 1
3 8 10
3 9 3
3 9 9
3 10 3
3 10 5
4 0 2
4 0 5
4 1 8
4 1 10
4 2 10
4 3 5
4 8 0
4 8 9
4 9 3
4 10 1
4 10 7
5 0 0
5 0 7
5 2 9
5 6 7
5 6 10
5 7 0
5 7 6
5 8 10
5 9 2
5 10 6
5 10 8
6 0 8
6 1 10
6 2 0
6 3 9
6 5 0
6 5 3
6 7 10
6 8 1
6 9 8
6 10 1
6 10 2
7 0 1
7 0 7
7 1 6
7 1 7
7 2 1
7 2 2
7 3 9
7 3 10
7 5 4
7 5 10
7 6 0
7 8 0
7 9 9
7 10 8
8 0 2
8 0 4
8 1 5
8 1 8
8 2 9
8 3 0
8 4 1
8 4 10
8 5 0
8 6 9
8 7 10
8 8 3
8 8 7
8 9 1
8 9 7
8 10 2
8 10 6
9 0 4
9 0 6
9 1 0
9 1 2
9 2 4
9 2 8
9 3 1
9 3 7
9 4 7
9 5 8
9 6 2
9 7 1
9 8 3
9 8 9
9 10 3
9 10 9
10 2 3
10 2 6
10 3 5
10 3 7
10 4 3
10 4 9
10 5 2
10 5 4
10 6 8
10 6 9
10 7 2
10 8 4
10 8 8
10 9 1
10 9 7
10 10 5
