# A399138 n=11 stratum c27_ord12 (|H|=12 rot=12 inv=n) points=152 status=OPTIMAL bound=152 verified=True
0 1 7
0 2 8
0 3 1
0 3 4
0 4 2
0 4 7
0 5 4
0 5 6
0 6 3
0 6 8
0 7 6
0 7 9
0 8 2
0 9 3
1 0 3
1 1 1
1 1 9
1 2 4
1 3 2
1 3 10
1 4 7
1 4 8
1 6 2
1 6 3
1 7 0
1 7 8
1 8 6
1 9 1
1 9 9
1 10 7
2 0 4
2 0 8
2 1 3
2 1 6
2 2 10
2 4 1
2 4 5
2 6 5
2 6 9
2 8 0
2 9 4
2 9 7
2 10 2
2 10 6
3 0 6
3 0 9
3 1 0
3 1 6
3 2 1
3 4 0
3 6 10
3 8 9
3 9 4
3 9 10
3 10 1
3 10 4
4 0 3
4 0 5
4 1 2
4 2 0
4 2 9
4 3 9
4 3 10
4 5 2
4 5 8
4 7 0
4 7 1
4 8 1
4 8 10
4 9 8
4 10 5
4 10 7
5 2 4
5 2 6
5 4 0
5 4 10
5 6 0
5 6 10
5 8 4
5 8 6
6 0 5
6 0 7
6 1 8
6 2 1
6 2 10
6 3 0
6 3 1
6 5 2
6 5 8
6 7 9
6 7 10
6 8 0
6 8 9
6 9 2
6 10 3
6 10 5
7 0 1
7 0 4
7 1 4
7 1 10
7 2 9
7 4 10
7 6 0
7 8 1
7 9 0
7 9 6
7 10 6
7 10 9
8 0 2
8 0 6
8 1 4
8 1 7
8 2 0
8 4 5
8 4 9
8 6 1
8 6 5
8 8 10
8 9 3
8 9 6
8 10 4
8 10 8
9 0 7
9 1 1
9 1 9
9 2 6
9 3 0
9 3 8
9 4 2
9 4 3
9 6 7
9 6 8
9 7 2
9 7 10
9 8 4
9 9 1
9 9 9
9 10 3
10 1 3
10 2 2
10 3 6
10 3 9
10 4 3
10 4 8
10 5 4
10 5 6
10 6 2
10 6 7
10 7 1
10 7 4
10 8 8
10 9 7
