# A399138 n=11 stratum c06_ord3 (|H|=3 rot=3 inv=n) points=155 status=FEASIBLE bound=242 verified=True
0 0 9
0 1 1
0 3 5
0 4 2
0 4 3
0 5 5
0 5 7
0 6 2
0 6 4
0 7 4
0 7 8
0 8 3
0 8 9
0 9 0
0 9 6
1 0 1
1 1 0
1 1 5
1 2 7
1 2 8
1 3 2
1 3 8
1 4 6
1 4 10
1 5 1
1 5 2
1 6 7
1 6 9
1 7 9
1 7 10
1 8 3
1 9 3
1 10 4
1 10 5
2 0 4
2 0 6
2 1 3
2 1 5
2 2 3
2 3 2
2 3 9
2 7 1
2 8 1
2 9 7
2 9 8
2 10 7
2 10 8
3 0 4
3 0 8
3 1 8
3 1 9
3 2 1
3 2 2
3 3 3
3 5 0
3 7 10
3 8 1
3 8 5
3 9 2
3 9 10
3 10 5
4 0 6
4 0 7
4 1 10
4 2 0
4 3 0
4 6 1
4 6 8
4 8 7
4 8 10
4 10 1
4 10 9
5 0 3
5 0 5
5 1 1
5 1 10
5 2 1
5 3 8
5 3 10
5 5 0
5 7 0
5 9 7
5 10 8
5 10 9
6 0 9
6 1 4
6 2 0
6 4 0
6 7 1
6 7 9
6 8 4
6 8 10
6 9 1
6 9 10
7 0 5
7 1 2
7 1 6
7 2 9
7 2 10
7 4 0
7 4 8
7 5 9
7 8 0
7 9 1
7 9 6
7 10 1
7 10 3
8 0 7
8 1 2
8 1 3
8 2 9
8 2 10
8 3 0
8 3 1
8 4 6
8 5 3
8 5 10
8 7 4
8 8 8
8 8 9
8 9 0
8 9 8
8 10 4
8 10 6
9 0 0
9 0 8
9 1 6
9 1 7
9 2 3
9 3 1
9 4 10
9 5 10
9 6 0
9 6 7
9 7 2
9 7 5
9 8 2
9 8 8
9 10 3
9 10 6
10 1 4
10 1 7
10 3 7
10 3 9
10 4 1
10 4 8
10 5 1
10 5 3
10 6 8
10 6 9
10 7 2
10 8 2
10 8 5
10 9 4
10 9 5
