# A399138 n=7 stratum c00_ord1 (|H|=1 rot=1 inv=n) points=72 status=FEASIBLE bound=98 verified=True
0 0 5
0 1 2
0 2 1
0 2 6
0 3 1
0 3 3
0 4 3
0 4 4
0 5 2
1 0 1
1 0 3
1 1 3
1 1 6
1 2 0
1 2 1
1 3 5
1 3 6
1 5 0
1 5 2
1 6 4
1 6 5
2 0 2
2 1 0
2 1 5
2 2 5
2 3 6
2 4 0
2 4 1
2 5 4
2 5 6
2 6 2
2 6 4
3 0 4
3 0 5
3 1 0
3 1 1
3 2 0
3 4 6
3 6 5
3 6 6
4 0 1
4 0 2
4 1 5
4 2 2
4 2 6
4 4 0
4 5 3
4 6 0
4 6 3
5 0 3
5 0 4
5 1 1
5 1 6
5 2 2
5 3 0
5 3 5
5 4 5
5 4 6
5 5 0
5 5 1
5 6 2
5 6 3
6 1 2
6 1 3
6 2 4
6 2 5
6 3 0
6 3 2
6 4 1
6 4 5
6 5 3
6 5 4
