# A399138 n=7 stratum c16_ord6 (|H|=6 rot=3 inv=y) points=72 status=OPTIMAL bound=72 verified=True
0 0 1
0 0 4
0 1 4
0 2 5
0 2 6
0 3 2
0 3 3
0 4 2
0 4 3
0 5 6
1 0 4
1 1 3
1 2 1
1 2 6
1 3 5
1 4 1
1 4 2
1 5 2
1 5 4
1 6 0
2 0 5
2 0 6
2 1 1
2 1 6
2 2 0
2 2 1
2 3 0
2 5 4
2 5 5
2 6 3
2 6 4
3 0 2
3 0 3
3 1 5
3 2 0
3 3 0
3 3 6
3 4 6
3 5 1
3 6 3
3 6 4
4 0 2
4 0 3
4 1 1
4 1 2
4 3 6
4 4 5
4 4 6
4 5 0
4 5 5
4 6 0
4 6 1
5 0 6
5 1 2
5 1 4
5 2 4
5 2 5
5 3 1
5 4 0
5 4 5
5 5 3
5 6 2
6 1 0
6 2 3
6 2 4
6 3 3
6 3 4
6 4 0
6 4 1
6 5 2
6 6 2
6 6 5
