# A399138 n=7 stratum c22_ord8 (|H|=8 rot=4 inv=n) points=68 status=OPTIMAL bound=68 verified=True
0 0 2
0 1 2
0 1 5
0 2 0
0 2 1
0 4 5
0 4 6
0 5 1
0 5 4
0 6 4
1 0 1
1 0 4
1 1 0
1 1 4
1 2 5
1 2 6
1 4 0
1 4 1
1 5 2
1 5 6
1 6 2
1 6 5
2 0 1
2 0 3
2 1 0
2 1 1
2 3 0
2 3 6
2 5 5
2 5 6
2 6 3
2 6 5
3 0 0
3 0 6
3 6 0
3 6 6
4 0 3
4 0 5
4 1 5
4 1 6
4 3 0
4 3 6
4 5 0
4 5 1
4 6 1
4 6 3
5 0 2
5 0 5
5 1 2
5 1 6
5 2 0
5 2 1
5 4 5
5 4 6
5 5 0
5 5 4
5 6 1
5 6 4
6 0 4
6 1 1
6 1 4
6 2 5
6 2 6
6 4 0
6 4 1
6 5 2
6 5 5
6 6 2
