# A399138 n=7 stratum c10_ord4 (|H|=4 rot=4 inv=n) points=72 status=OPTIMAL bound=72 verified=True
0 1 3
0 1 4
0 2 1
0 2 5
0 3 0
0 3 2
0 4 4
0 4 6
0 5 2
0 5 3
1 0 2
1 0 3
1 1 0
1 1 6
1 2 0
1 2 1
1 3 6
1 4 4
1 5 1
1 5 5
1 6 3
1 6 4
2 0 1
2 0 5
2 1 5
2 1 6
2 3 1
2 4 0
2 4 6
2 5 2
2 6 0
2 6 2
3 0 4
3 0 6
3 1 0
3 2 5
3 4 5
3 5 0
3 6 4
3 6 6
4 0 0
4 0 2
4 1 2
4 2 0
4 2 6
4 3 1
4 5 5
4 5 6
4 6 1
4 6 5
5 0 3
5 0 4
5 1 1
5 1 5
5 2 4
5 3 6
5 4 0
5 4 1
5 5 0
5 5 6
5 6 2
5 6 3
6 1 2
6 1 3
6 2 4
6 2 6
6 3 0
6 3 2
6 4 1
6 4 5
6 5 3
6 5 4
