# A399138 n=7 stratum c23_ord8 (|H|=8 rot=8 inv=n) points=68 status=OPTIMAL bound=68 verified=True
0 1 1
0 1 3
0 2 4
0 2 5
0 3 0
0 3 6
0 4 1
0 4 2
0 5 3
0 5 5
1 0 2
1 0 3
1 1 6
1 2 0
1 3 2
1 3 4
1 4 6
1 5 0
1 6 3
1 6 4
2 0 5
2 1 2
2 1 4
2 2 0
2 3 1
2 3 5
2 4 6
2 5 2
2 5 4
2 6 1
3 0 1
3 0 5
3 1 0
3 1 6
3 5 0
3 5 6
3 6 1
3 6 5
4 0 1
4 1 2
4 1 4
4 2 6
4 3 1
4 3 5
4 4 0
4 5 2
4 5 4
4 6 5
5 0 3
5 0 4
5 1 0
5 2 6
5 3 2
5 3 4
5 4 0
5 5 6
5 6 2
5 6 3
6 1 3
6 1 5
6 2 1
6 2 2
6 3 0
6 3 6
6 4 4
6 4 5
6 5 1
6 5 3
