# A399138 n=7 stratum c12_ord4 (|H|=4 rot=2 inv=n) points=71 status=FEASIBLE bound=89 verified=True
0 1 4
0 1 6
0 2 2
0 2 4
0 3 5
0 3 6
0 4 1
0 4 2
0 5 3
0 5 5
0 6 1
0 6 3
1 0 2
1 0 3
1 1 3
1 2 0
1 2 6
1 3 0
1 3 1
1 4 5
1 5 4
1 5 6
1 6 2
1 6 5
2 0 5
2 0 6
2 1 1
2 2 5
2 4 6
2 5 0
2 5 2
2 6 0
2 6 4
3 0 0
3 0 1
3 1 0
3 1 2
3 2 1
4 0 5
4 0 6
4 1 1
4 2 5
4 4 6
4 5 0
4 5 2
4 6 0
4 6 4
5 0 2
5 0 3
5 1 3
5 2 0
5 2 6
5 3 0
5 3 1
5 4 5
5 5 4
5 5 6
5 6 2
5 6 5
6 1 4
6 1 6
6 2 2
6 2 4
6 3 5
6 3 6
6 4 1
6 4 2
6 5 3
6 5 5
6 6 1
6 6 3
