# A399138 n=8 stratum c06_ord3 (|H|=3 rot=3 inv=n) points=93 status=FEASIBLE bound=128 verified=True
0 0 1
0 0 3
0 1 0
0 1 5
0 2 3
0 2 5
0 3 0
0 3 2
0 4 4
0 4 6
0 5 1
0 5 2
0 6 4
0 6 6
1 0 0
1 0 5
1 1 2
1 1 6
1 2 1
1 3 5
1 4 6
1 4 7
1 5 0
1 5 3
1 6 1
1 6 4
1 7 4
1 7 7
2 0 3
2 0 5
2 1 1
2 2 7
2 3 0
2 5 0
2 5 6
2 6 5
2 7 2
3 0 0
3 0 2
3 1 5
3 2 0
3 4 7
3 5 1
3 6 7
3 7 4
3 7 6
4 0 4
4 0 6
4 1 6
4 1 7
4 3 7
4 4 0
4 6 0
4 6 1
4 7 1
4 7 3
5 0 1
5 0 2
5 1 0
5 1 3
5 2 0
5 2 6
5 3 1
5 6 2
5 6 7
5 7 6
5 7 7
6 0 4
6 0 6
6 1 1
6 1 4
6 2 5
6 3 7
6 4 0
6 4 1
6 5 2
6 5 7
6 6 0
6 7 3
6 7 5
7 1 4
7 1 7
7 2 2
7 3 4
7 3 6
7 4 1
7 4 3
7 5 6
7 5 7
7 6 3
7 6 5
7 7 1
7 7 5
