# A399138 n=8 stratum c05_ord2 (|H|=2 rot=1 inv=n) points=90 status=FEASIBLE bound=128 verified=True
0 0 1
0 0 3
0 2 5
0 2 7
0 3 2
0 3 4
0 4 2
0 4 4
0 5 5
0 5 7
0 7 1
0 7 3
1 0 2
1 0 3
1 2 0
1 2 7
1 3 1
1 4 1
1 5 0
1 5 7
1 7 2
1 7 3
2 0 0
2 0 6
2 1 5
2 1 7
2 3 1
2 3 4
2 4 1
2 4 4
2 6 5
2 6 7
2 7 0
2 7 6
3 0 2
3 0 5
3 1 3
3 1 4
3 3 0
3 4 0
3 6 3
3 6 4
3 7 2
3 7 5
4 0 0
4 0 1
4 1 6
4 3 5
4 3 7
4 4 5
4 4 7
4 6 6
4 7 0
4 7 1
5 0 4
5 0 5
5 1 6
5 1 7
5 2 0
5 5 0
5 6 6
5 6 7
5 7 4
5 7 5
6 0 4
6 0 6
6 1 2
6 1 3
6 2 1
6 3 5
6 3 7
6 4 5
6 4 7
6 5 1
6 6 2
6 6 3
6 7 4
6 7 6
7 1 1
7 1 4
7 2 5
7 2 6
7 3 0
7 3 2
7 4 0
7 4 2
7 5 5
7 5 6
7 6 1
7 6 4
