# A399138 n=8 stratum c03_ord2 (|H|=2 rot=2 inv=n) points=90 status=FEASIBLE bound=128 verified=True
0 1 0
0 2 3
0 2 5
0 3 4
0 3 7
0 4 1
0 4 2
0 5 4
0 5 7
0 6 0
0 6 2
0 7 3
0 7 5
1 0 2
1 1 3
1 1 5
1 2 1
1 2 7
1 3 0
1 4 4
1 4 7
1 5 1
1 5 6
1 6 2
1 6 3
1 7 6
2 0 4
2 0 6
2 1 0
2 1 1
2 2 4
2 2 7
2 3 0
2 6 7
2 7 1
2 7 3
3 0 0
3 0 2
3 1 1
3 1 7
3 2 5
3 2 6
3 5 0
3 5 7
3 6 1
3 7 4
3 7 6
4 0 3
4 0 5
4 1 6
4 2 0
4 3 1
4 3 7
4 4 0
4 5 2
4 5 6
4 6 5
4 6 7
4 7 2
5 0 0
5 1 4
5 1 6
5 4 7
5 5 0
5 5 3
5 6 1
5 7 4
6 0 1
6 0 3
6 1 7
6 2 1
6 2 4
6 3 6
6 4 6
6 5 3
6 6 4
6 6 5
6 7 2
7 1 2
7 1 4
7 2 0
7 2 3
7 3 1
7 3 5
7 4 0
7 4 4
7 5 1
7 5 2
7 6 3
7 6 6
