# A399138 n=8 stratum c10_ord4 (|H|=4 rot=4 inv=n) points=92 status=FEASIBLE bound=128 verified=True
0 1 3
0 1 6
0 2 2
0 3 3
0 3 6
0 4 1
0 4 5
0 5 1
0 5 2
0 6 4
0 6 5
1 0 1
1 0 4
1 1 3
1 1 4
1 2 0
1 2 6
1 3 0
1 3 2
1 4 5
1 4 7
1 5 5
1 5 7
1 6 1
1 6 6
1 7 2
1 7 3
2 0 5
2 1 1
2 1 7
2 3 0
2 4 7
2 6 0
2 6 2
2 7 5
2 7 6
3 0 1
3 0 4
3 1 5
3 1 7
3 2 7
3 5 0
3 6 0
3 6 2
3 7 2
3 7 6
4 0 2
4 0 6
4 1 0
4 1 2
4 2 0
4 5 7
4 6 5
4 6 7
4 7 1
4 7 4
5 0 5
5 0 6
5 1 0
5 1 2
5 3 7
5 4 0
5 6 1
5 6 7
5 7 5
6 0 2
6 0 3
6 1 1
6 1 6
6 2 5
6 2 7
6 3 5
6 3 7
6 4 0
6 4 2
6 5 0
6 5 6
6 6 3
6 6 4
6 7 1
6 7 4
7 1 4
7 1 5
7 2 1
7 2 2
7 3 1
7 3 5
7 4 3
7 4 6
7 5 2
7 6 3
7 6 6
