# A399138 n=8 stratum c29_ord24 (|H|=24 rot=12 inv=y) points=80 status=OPTIMAL bound=80 verified=True
0 0 0
0 0 7
0 2 3
0 2 4
0 3 2
0 3 5
0 4 2
0 4 5
0 5 3
0 5 4
0 7 0
0 7 7
1 1 2
1 1 5
1 2 1
1 2 6
1 5 1
1 5 6
1 6 2
1 6 5
2 0 3
2 0 4
2 1 1
2 1 6
2 3 0
2 3 7
2 4 0
2 4 7
2 6 1
2 6 6
2 7 3
2 7 4
3 0 2
3 0 5
3 2 0
3 2 7
3 5 0
3 5 7
3 7 2
3 7 5
4 0 2
4 0 5
4 2 0
4 2 7
4 5 0
4 5 7
4 7 2
4 7 5
5 0 3
5 0 4
5 1 1
5 1 6
5 3 0
5 3 7
5 4 0
5 4 7
5 6 1
5 6 6
5 7 3
5 7 4
6 1 2
6 1 5
6 2 1
6 2 6
6 5 1
6 5 6
6 6 2
6 6 5
7 0 0
7 0 7
7 2 3
7 2 4
7 3 2
7 3 5
7 4 2
7 4 5
7 5 3
7 5 4
7 7 0
7 7 7
