# A399138 n=8 stratum c00_ord1 (|H|=1 rot=1 inv=n) points=91 status=FEASIBLE bound=128 verified=True
0 0 2
0 1 3
0 1 4
0 2 0
0 3 6
0 3 7
0 4 3
0 4 5
0 5 1
0 5 6
0 6 2
0 6 5
0 7 1
1 0 0
1 0 4
1 1 6
1 2 1
1 2 2
1 3 6
1 3 7
1 4 1
1 5 2
1 5 7
1 6 4
1 6 5
1 7 5
2 0 4
2 1 3
2 2 1
2 2 6
2 4 5
2 4 7
2 5 0
2 5 2
2 6 0
2 6 7
2 7 1
2 7 5
3 0 0
3 0 6
3 1 1
3 3 0
3 6 7
3 7 2
3 7 6
4 0 2
4 0 3
4 1 7
4 2 0
4 2 6
4 4 1
4 4 3
4 5 6
4 7 0
5 0 3
5 0 5
5 1 1
5 2 7
5 3 0
5 5 0
5 5 7
5 6 1
5 6 6
5 7 3
5 7 6
6 0 1
6 1 0
6 1 2
6 2 5
6 2 7
6 3 3
6 4 6
6 4 7
6 5 1
6 5 3
6 6 2
6 6 4
6 7 4
7 0 1
7 0 7
7 1 2
7 1 4
7 2 4
7 2 5
7 3 1
7 3 2
7 4 6
7 5 3
7 6 6
7 7 3
7 7 7
