# A399138 n=8 stratum c26_ord12 (|H|=12 rot=6 inv=y) points=92 status=OPTIMAL bound=92 verified=True
0 1 0
0 1 4
0 2 2
0 2 4
0 3 5
0 3 6
0 4 1
0 4 2
0 5 3
0 5 5
0 6 1
0 6 3
0 7 6
1 0 3
1 0 7
1 1 2
1 1 5
1 2 6
1 4 0
1 4 7
1 5 6
1 6 0
1 6 1
1 7 1
1 7 3
2 0 3
2 0 5
2 1 1
2 2 0
2 2 7
2 3 2
2 4 0
2 4 7
2 5 4
2 6 6
2 7 3
2 7 5
3 0 1
3 0 2
3 2 5
3 5 0
3 5 7
3 6 0
3 6 7
3 7 1
3 7 2
4 0 5
4 0 6
4 1 0
4 1 7
4 2 0
4 2 7
4 5 2
4 7 5
4 7 6
5 0 2
5 0 4
5 1 1
5 2 3
5 3 0
5 3 7
5 4 5
5 5 0
5 5 7
5 6 6
5 7 2
5 7 4
6 0 4
6 0 6
6 1 6
6 1 7
6 2 1
6 3 0
6 3 7
6 5 1
6 6 2
6 6 5
6 7 0
6 7 4
7 0 1
7 1 4
7 1 6
7 2 2
7 2 4
7 3 5
7 3 6
7 4 1
7 4 2
7 5 3
7 5 5
7 6 3
7 6 7
