# A399138 n=8 stratum c01_ord2 (|H|=2 rot=1 inv=y) points=90 status=FEASIBLE bound=128 verified=True
0 0 3
0 0 7
0 2 4
0 3 0
0 3 2
0 4 2
0 4 6
0 5 0
0 5 6
0 6 4
0 6 5
0 7 1
1 0 3
1 1 1
1 2 6
1 2 7
1 3 0
1 3 1
1 4 0
1 4 4
1 5 2
1 5 6
1 6 5
1 6 7
1 7 2
1 7 5
2 0 0
2 0 4
2 1 5
2 1 6
2 4 1
2 5 7
2 6 0
2 6 7
2 7 5
2 7 6
3 0 0
3 0 1
3 1 1
3 1 7
3 2 6
3 3 6
3 5 7
3 7 0
3 7 3
4 0 4
4 0 7
4 2 0
4 4 1
4 5 1
4 6 0
4 6 6
4 7 6
4 7 7
5 0 1
5 0 2
5 1 0
5 1 7
5 2 0
5 3 6
5 6 1
5 6 2
5 7 3
5 7 7
6 0 2
6 0 5
6 1 0
6 1 2
6 2 1
6 2 5
6 3 3
6 3 7
6 4 6
6 4 7
6 5 0
6 5 1
6 6 6
6 7 4
7 0 6
7 1 2
7 1 3
7 2 1
7 2 7
7 3 1
7 3 5
7 4 5
7 4 7
7 5 3
7 7 0
7 7 4
