# A399138 n=8 stratum c27_ord12 (|H|=12 rot=12 inv=n) points=88 status=OPTIMAL bound=88 verified=True
0 0 4
0 0 6
0 1 2
0 1 7
0 2 1
0 2 5
0 3 7
0 4 0
0 5 2
0 5 6
0 6 0
0 6 5
0 7 1
0 7 3
1 0 2
1 0 7
1 2 0
1 2 3
1 3 2
1 4 5
1 5 4
1 5 7
1 7 0
1 7 5
2 0 1
2 0 5
2 1 0
2 1 3
2 2 7
2 3 1
2 4 6
2 5 0
2 6 4
2 6 7
2 7 2
2 7 6
3 0 7
3 1 2
3 2 1
3 3 3
3 4 4
3 5 6
3 6 5
3 7 0
4 0 0
4 1 5
4 2 6
4 3 4
4 4 3
4 5 1
4 6 2
4 7 7
5 0 2
5 0 6
5 1 4
5 1 7
5 2 0
5 3 6
5 4 1
5 5 7
5 6 0
5 6 3
5 7 1
5 7 5
6 0 0
6 0 5
6 2 4
6 2 7
6 3 5
6 4 2
6 5 0
6 5 3
6 7 2
6 7 7
7 0 1
7 0 3
7 1 0
7 1 5
7 2 2
7 2 6
7 3 0
7 4 7
7 5 1
7 5 5
7 6 2
7 6 7
7 7 4
7 7 6
