# A399138 n=8 stratum c07_ord4 (|H|=4 rot=2 inv=y) points=88 status=FEASIBLE bound=128 verified=True
0 1 4
0 1 5
0 2 6
0 2 7
0 3 1
0 3 3
0 4 1
0 4 3
0 5 6
0 5 7
0 6 4
0 6 5
1 0 4
1 0 5
1 1 2
1 2 3
1 2 7
1 3 0
1 3 6
1 4 0
1 4 6
1 5 3
1 5 7
1 6 2
1 7 4
1 7 5
2 0 2
2 0 6
2 1 1
2 1 7
2 6 1
2 6 7
2 7 2
2 7 6
3 0 6
3 1 3
3 1 7
3 2 1
3 3 0
3 4 0
3 5 1
3 6 3
3 6 7
3 7 6
4 0 1
4 1 0
4 1 4
4 2 6
4 3 7
4 4 7
4 5 6
4 6 0
4 6 4
4 7 1
5 0 1
5 0 5
5 1 0
5 1 6
5 6 0
5 6 6
5 7 1
5 7 5
6 0 2
6 0 3
6 1 5
6 2 0
6 2 4
6 3 1
6 3 7
6 4 1
6 4 7
6 5 0
6 5 4
6 6 5
6 7 2
6 7 3
7 1 2
7 1 3
7 2 0
7 2 1
7 3 4
7 3 6
7 4 4
7 4 6
7 5 0
7 5 1
7 6 2
7 6 3
