# A399138 n=8 stratum c17_ord6 (|H|=6 rot=6 inv=n) points=92 status=OPTIMAL bound=92 verified=True
0 0 1
0 0 6
0 1 6
0 1 7
0 2 0
0 2 4
0 3 5
0 4 1
0 4 3
0 5 0
0 6 3
0 6 7
0 7 2
0 7 5
1 0 0
1 0 1
1 1 3
1 1 4
1 3 2
1 3 6
1 4 0
1 4 6
1 5 2
1 5 4
1 6 1
1 6 7
1 7 3
1 7 7
2 0 3
2 0 7
2 3 1
2 4 7
2 5 1
2 6 2
2 6 4
2 7 0
3 0 2
3 1 1
3 1 5
3 2 6
3 4 0
3 5 7
3 6 0
3 6 6
3 7 1
3 7 3
4 0 4
4 0 6
4 1 1
4 1 7
4 2 0
4 3 7
4 5 1
4 6 2
4 6 6
4 7 5
5 0 7
5 1 3
5 1 5
5 2 6
5 3 0
5 4 6
5 7 0
5 7 4
6 0 0
6 0 4
6 1 0
6 1 6
6 2 3
6 2 5
6 3 1
6 3 7
6 4 1
6 4 5
6 6 3
6 6 4
6 7 6
6 7 7
7 0 2
7 0 5
7 1 0
7 1 4
7 2 7
7 3 4
7 3 6
7 4 2
7 5 3
7 5 7
7 6 0
7 6 1
7 7 1
7 7 6
