# A399138 n=8 stratum c19_ord8 (|H|=8 rot=4 inv=y) points=80 status=OPTIMAL bound=80 verified=True
0 1 1
0 1 6
0 3 2
0 3 5
0 4 2
0 4 5
0 6 1
0 6 6
1 0 2
1 0 5
1 1 0
1 1 7
1 2 3
1 2 4
1 5 3
1 5 4
1 6 0
1 6 7
1 7 2
1 7 5
2 0 0
2 0 7
2 1 2
2 1 5
2 2 1
2 2 6
2 5 1
2 5 6
2 6 2
2 6 5
2 7 0
2 7 7
3 0 3
3 0 4
3 2 0
3 2 7
3 5 0
3 5 7
3 7 3
3 7 4
4 0 3
4 0 4
4 2 0
4 2 7
4 5 0
4 5 7
4 7 3
4 7 4
5 0 0
5 0 7
5 1 2
5 1 5
5 2 1
5 2 6
5 5 1
5 5 6
5 6 2
5 6 5
5 7 0
5 7 7
6 0 2
6 0 5
6 1 0
6 1 7
6 2 3
6 2 4
6 5 3
6 5 4
6 6 0
6 6 7
6 7 2
6 7 5
7 1 1
7 1 6
7 3 2
7 3 5
7 4 2
7 4 5
7 6 1
7 6 6
