# A399138 n=9 stratum c08_ord4 (|H|=4 rot=2 inv=y) points=116 status=FEASIBLE bound=160 verified=True
0 0 5
0 1 1
0 1 3
0 2 3
0 2 7
0 3 1
0 3 7
0 4 5
0 4 8
0 5 2
0 6 0
0 6 6
0 7 4
0 7 6
0 8 0
1 0 1
1 0 6
1 1 0
1 1 6
1 2 5
1 2 7
1 3 0
1 3 1
1 5 3
1 5 8
1 6 7
1 6 8
1 7 2
1 7 4
1 8 3
1 8 4
2 0 4
2 1 2
2 1 8
2 2 8
2 3 3
2 3 6
2 5 0
2 5 6
2 6 5
2 7 1
2 7 7
2 8 5
2 8 7
3 0 6
3 1 0
3 2 0
3 2 6
3 3 2
3 4 8
3 5 1
3 6 7
3 8 1
3 8 8
4 0 2
4 0 7
4 1 7
4 1 8
4 7 0
4 7 1
4 8 1
4 8 6
5 0 0
5 0 7
5 2 1
5 3 7
5 4 0
5 5 6
5 6 2
5 6 8
5 7 8
5 8 2
6 0 1
6 0 3
6 1 1
6 1 7
6 2 3
6 3 2
6 3 8
6 5 2
6 5 5
6 6 0
6 7 0
6 7 6
6 8 4
7 0 4
7 0 5
7 1 4
7 1 6
7 2 0
7 2 1
7 3 0
7 3 5
7 5 7
7 5 8
7 6 1
7 6 3
7 7 2
7 7 8
7 8 2
7 8 7
8 0 8
8 1 2
8 1 4
8 2 2
8 2 8
8 3 6
8 4 0
8 4 3
8 5 1
8 5 7
8 6 1
8 6 5
8 7 5
8 7 7
8 8 3
