# A399138 n=9 stratum c19_ord8 (|H|=8 rot=4 inv=y) points=108 status=OPTIMAL bound=108 verified=True
0 0 4
0 1 2
0 1 6
0 2 3
0 2 5
0 4 1
0 4 7
0 6 3
0 6 5
0 7 2
0 7 6
0 8 4
1 0 2
1 0 6
1 2 1
1 2 7
1 4 3
1 4 5
1 6 1
1 6 7
1 8 2
1 8 6
2 0 3
2 0 5
2 1 1
2 1 7
2 2 0
2 2 8
2 3 4
2 4 2
2 4 6
2 5 4
2 6 0
2 6 8
2 7 1
2 7 7
2 8 3
2 8 5
3 1 0
3 1 8
3 2 4
3 3 1
3 3 7
3 5 1
3 5 7
3 6 4
3 7 0
3 7 8
4 0 1
4 0 7
4 1 3
4 1 5
4 3 0
4 3 8
4 5 0
4 5 8
4 7 3
4 7 5
4 8 1
4 8 7
5 1 0
5 1 8
5 2 4
5 3 1
5 3 7
5 5 1
5 5 7
5 6 4
5 7 0
5 7 8
6 0 3
6 0 5
6 1 1
6 1 7
6 2 0
6 2 8
6 3 4
6 4 2
6 4 6
6 5 4
6 6 0
6 6 8
6 7 1
6 7 7
6 8 3
6 8 5
7 0 2
7 0 6
7 2 1
7 2 7
7 4 3
7 4 5
7 6 1
7 6 7
7 8 2
7 8 6
8 0 4
8 1 2
8 1 6
8 2 3
8 2 5
8 4 1
8 4 7
8 6 3
8 6 5
8 7 2
8 7 6
8 8 4
