# A399138 n=9 stratum c27_ord12 (|H|=12 rot=12 inv=n) points=104 status=OPTIMAL bound=104 verified=True
0 0 6
0 1 3
0 1 4
0 2 1
0 2 8
0 3 5
0 4 1
0 4 7
0 5 3
0 6 0
0 6 7
0 7 4
0 7 5
0 8 2
1 0 2
1 0 4
1 1 1
1 3 0
1 3 2
1 4 0
1 4 8
1 5 6
1 5 8
1 7 7
1 8 4
1 8 6
2 0 8
2 1 0
2 1 3
2 2 2
2 2 5
2 3 6
2 5 2
2 6 3
2 6 6
2 7 5
2 7 8
2 8 0
3 0 1
3 0 5
3 2 1
3 2 6
3 3 8
3 5 0
3 6 2
3 6 7
3 8 3
3 8 7
4 0 1
4 0 7
4 1 0
4 1 8
4 7 0
4 7 8
4 8 1
4 8 7
5 0 3
5 0 7
5 2 2
5 2 7
5 3 0
5 5 8
5 6 1
5 6 6
5 8 1
5 8 5
6 0 0
6 1 5
6 1 8
6 2 3
6 2 6
6 3 2
6 5 6
6 6 2
6 6 5
6 7 0
6 7 3
6 8 8
7 0 4
7 0 6
7 1 7
7 3 6
7 3 8
7 4 0
7 4 8
7 5 0
7 5 2
7 7 1
7 8 2
7 8 4
8 0 2
8 1 4
8 1 5
8 2 0
8 2 7
8 3 3
8 4 1
8 4 7
8 5 5
8 6 1
8 6 8
8 7 3
8 7 4
8 8 6
