# A399138 n=9 stratum c21_ord8 (|H|=8 rot=4 inv=y) points=112 status=OPTIMAL bound=112 verified=True
0 0 5
0 1 6
0 1 8
0 2 1
0 2 2
0 3 0
0 3 7
0 4 4
0 5 0
0 5 7
0 6 1
0 6 2
0 7 6
0 7 8
0 8 5
1 0 1
1 0 7
1 1 4
1 1 6
1 2 0
1 3 5
1 3 8
1 5 5
1 5 8
1 6 0
1 7 4
1 7 6
1 8 1
1 8 7
2 0 4
2 0 5
2 1 7
2 1 8
2 2 0
2 4 3
2 6 0
2 7 7
2 7 8
2 8 4
2 8 5
3 0 6
3 0 8
3 2 3
3 3 5
3 3 7
3 4 2
3 5 5
3 5 7
3 6 3
3 8 6
3 8 8
4 0 2
4 0 6
4 1 1
4 1 7
4 4 0
4 4 8
4 7 1
4 7 7
4 8 2
4 8 6
5 0 0
5 0 2
5 2 5
5 3 1
5 3 3
5 4 6
5 5 1
5 5 3
5 6 5
5 8 0
5 8 2
6 0 3
6 0 4
6 1 0
6 1 1
6 2 8
6 4 5
6 6 8
6 7 0
6 7 1
6 8 3
6 8 4
7 0 1
7 0 7
7 1 2
7 1 4
7 2 8
7 3 0
7 3 3
7 5 0
7 5 3
7 6 8
7 7 2
7 7 4
7 8 1
7 8 7
8 0 3
8 1 0
8 1 2
8 2 6
8 2 7
8 3 1
8 3 8
8 4 4
8 5 1
8 5 8
8 6 6
8 6 7
8 7 0
8 7 2
8 8 3
