# A399138 n=9 stratum c29_ord24 (|H|=24 rot=12 inv=y) points=104 status=OPTIMAL bound=104 verified=True
0 0 2
0 0 6
0 2 0
0 2 8
0 3 4
0 4 3
0 4 5
0 5 4
0 6 0
0 6 8
0 8 2
0 8 6
1 2 3
1 2 5
1 3 2
1 3 6
1 5 2
1 5 6
1 6 3
1 6 5
2 0 0
2 0 8
2 1 3
2 1 5
2 3 1
2 3 7
2 5 1
2 5 7
2 7 3
2 7 5
2 8 0
2 8 8
3 0 4
3 1 2
3 1 6
3 2 1
3 2 7
3 3 3
3 3 5
3 4 0
3 4 8
3 5 3
3 5 5
3 6 1
3 6 7
3 7 2
3 7 6
3 8 4
4 0 3
4 0 5
4 3 0
4 3 8
4 5 0
4 5 8
4 8 3
4 8 5
5 0 4
5 1 2
5 1 6
5 2 1
5 2 7
5 3 3
5 3 5
5 4 0
5 4 8
5 5 3
5 5 5
5 6 1
5 6 7
5 7 2
5 7 6
5 8 4
6 0 0
6 0 8
6 1 3
6 1 5
6 3 1
6 3 7
6 5 1
6 5 7
6 7 3
6 7 5
6 8 0
6 8 8
7 2 3
7 2 5
7 3 2
7 3 6
7 5 2
7 5 6
7 6 3
7 6 5
8 0 2
8 0 6
8 2 0
8 2 8
8 3 4
8 4 3
8 4 5
8 5 4
8 6 0
8 6 8
8 8 2
8 8 6
