# A280537, n=27, точек 56 — нижняя граница, опубликованных данных нет
# инвариантна под (x,y,z)->(y,z,x); поиск без цели, потолок 3n=81
# проверено независимо: 0 компланарных, 0 коллинеарных, 0 троек с четвёртой
0 11 17
11 17 0
17 0 11
6 25 26
25 26 6
26 6 25
0 5 10
5 10 0
10 0 5
7 14 25
14 25 7
25 7 14
10 23 12
23 12 10
12 10 23
2 23 10
23 10 2
10 2 23
22 22 22
12 17 19
17 19 12
19 12 17
3 4 16
4 16 3
16 3 4
6 24 12
24 12 6
12 6 24
2 13 21
13 21 2
21 2 13
15 24 26
24 26 15
26 15 24
1 23 2
23 2 1
2 1 23
3 9 13
9 13 3
13 3 9
1 22 18
22 18 1
18 1 22
0 14 24
14 24 0
24 0 14
8 26 21
26 21 8
21 8 26
3 19 25
19 25 3
25 3 19
1 16 17
16 17 1
17 1 16
4 4 4
