A280537 — maximum points in the n x n x n grid with NO FOUR COPLANAR (lower bounds).
One block per n.  Format: 'n= SIZE m=POINTS' then one point per line as 'x y z'.
Every configuration below was re-verified at file-generation time: all C(m,4)
quadruples tested by exact 3x3 integer determinant, zero coplanar; all C(m,3)
triples non-collinear; coordinates in [0,n-1]^3.  These are lower bounds only.

n= 9 m= 23
0 5 5
0 6 1
0 8 1
1 0 6
1 0 8
1 3 7
2 2 2
2 7 5
3 6 8
3 7 1
4 4 4
4 8 6
5 0 5
5 2 7
5 5 0
6 1 0
6 4 8
6 8 3
7 1 3
7 5 2
8 1 0
8 3 6
8 6 4

n= 10 m= 26
0 0 0
0 4 5
0 5 3
1 2 8
1 9 7
2 5 9
2 8 1
2 9 4
3 0 5
3 8 7
4 2 9
4 4 4
4 5 0
5 0 4
5 3 0
5 9 2
6 8 7
7 1 9
7 3 8
7 6 8
8 1 2
8 7 3
8 7 6
9 2 5
9 4 2
9 7 1

n= 11 m= 28
0 1 3
0 2 9
0 10 7
1 3 0
1 5 4
1 6 8
2 8 4
2 9 0
3 0 1
3 8 7
4 1 5
4 2 8
5 4 1
5 9 7
5 9 10
6 8 1
7 0 10
7 3 8
7 5 9
8 1 6
8 4 2
8 7 3
9 0 2
9 7 5
9 10 5
10 5 9
10 7 0
10 10 10

n= 12 m= 31
0 4 5
0 8 2
0 9 2
1 3 2
1 5 7
1 8 11
2 0 8
2 0 9
2 1 3
3 2 1
3 9 10
3 11 4
4 3 11
4 5 0
4 11 6
5 0 4
5 7 1
5 8 10
6 4 11
7 1 5
8 2 0
8 10 5
8 11 1
9 2 0
9 10 3
10 3 9
10 5 8
10 10 10
11 1 8
11 4 3
11 6 4

n= 13 m= 32
0 3 12
0 6 8
0 7 4
1 2 6
1 10 5
1 12 6
2 2 2
2 6 1
2 12 11
3 5 9
3 12 0
4 0 7
5 1 10
5 9 3
5 10 11
6 1 2
6 1 12
6 8 0
7 4 0
8 0 6
8 8 8
9 3 5
9 11 10
10 5 1
10 9 11
10 11 5
11 2 12
11 5 10
11 10 9
12 0 3
12 6 1
12 11 2

n= 14 m= 34
0 4 7
0 6 2
0 8 11
1 1 1
1 9 4
2 0 6
2 3 12
2 11 3
3 2 11
3 10 9
3 12 2
4 1 9
4 7 0
4 13 8
5 6 13
5 11 13
6 2 0
6 13 5
7 0 4
8 4 13
8 10 12
8 11 0
9 3 10
9 4 1
10 9 3
10 12 8
11 0 8
11 3 2
11 13 5
12 2 3
12 8 10
13 5 6
13 5 11
13 8 4

n= 15 m= 35
0 2 10
0 7 2
0 8 11
1 9 3
1 10 14
1 12 13
2 0 7
2 5 7
2 10 0
3 1 9
3 13 4
4 3 13
4 5 14
5 7 2
5 11 12
5 14 4
7 2 0
7 2 5
8 11 0
8 14 11
9 3 1
9 9 9
10 0 2
10 14 1
11 0 8
11 8 14
11 12 5
12 5 11
12 13 1
13 1 12
13 4 3
13 13 13
14 1 10
14 4 5
14 11 8

n= 16 m= 38
0 2 9
0 4 4
0 14 3
1 8 13
1 14 8
1 15 5
2 2 2
2 9 0
2 11 12
3 0 14
3 3 3
3 13 15
4 0 4
4 4 0
4 7 9
5 1 15
5 13 10
7 9 4
7 12 15
8 1 14
8 13 1
9 0 2
9 4 7
10 5 13
11 12 2
11 14 12
12 2 11
12 11 14
12 15 7
13 1 8
13 10 5
13 15 3
14 3 0
14 8 1
14 12 11
15 3 13
15 5 1
15 7 12

n= 17 m= 38
0 7 11
0 11 10
0 15 13
1 11 13
1 14 5
1 15 6
2 4 8
2 5 6
2 13 16
4 8 2
5 1 14
5 6 2
6 1 15
6 2 5
7 11 0
7 14 16
8 2 4
8 9 15
9 9 9
9 15 8
9 16 10
10 0 11
10 9 16
11 0 7
11 10 0
11 13 1
13 0 15
13 1 11
13 16 2
14 5 1
14 14 14
14 16 7
15 6 1
15 8 9
15 13 0
16 2 13
16 7 14
16 10 9

n= 18 m= 41
0 8 6
0 10 7
0 16 8
1 3 11
1 8 13
1 14 3
2 2 2
3 1 14
3 4 12
3 11 1
4 9 15
4 12 3
4 17 11
5 15 16
6 0 8
6 13 12
7 0 10
8 0 16
8 6 0
8 13 1
9 15 4
10 7 0
10 10 10
10 16 17
11 1 3
11 4 17
11 17 12
12 3 4
12 6 13
12 11 17
13 1 8
13 12 6
14 3 1
15 4 9
15 16 5
16 5 15
16 8 0
16 17 10
17 10 16
17 11 4
17 12 11

n= 19 m= 43
0 3 6
0 14 5
0 16 10
1 6 18
1 8 13
1 11 4
2 3 9
2 7 18
2 15 4
3 6 0
3 9 2
3 15 14
4 1 11
4 2 15
4 18 6
5 0 14
5 5 5
6 0 3
6 4 18
6 18 1
7 18 2
8 13 1
9 2 3
9 17 11
10 0 16
11 4 1
11 9 17
11 17 16
12 13 16
13 1 8
13 16 12
14 3 15
14 5 0
15 4 2
15 14 3
16 10 0
16 11 17
16 12 13
17 11 9
17 16 11
18 1 6
18 2 7
18 6 4

n= 20 m= 45
0 7 9
0 8 3
0 15 6
1 9 19
1 16 14
1 18 13
2 11 14
2 12 5
3 0 8
3 6 16
4 18 8
5 2 12
6 0 15
6 10 19
6 16 3
7 9 0
8 3 0
8 4 18
8 14 19
9 0 7
9 17 18
9 19 1
10 17 15
10 19 6
11 14 2
12 5 2
13 1 18
13 17 16
14 1 16
14 2 11
14 19 8
15 6 0
15 10 17
16 3 6
16 13 17
16 14 1
17 15 10
17 16 13
17 18 9
18 8 4
18 9 17
18 13 1
19 1 9
19 6 10
19 8 14

n= 21 m= 47
0 15 7
0 16 15
0 20 3
1 3 11
1 4 9
1 13 20
2 2 2
2 7 18
2 17 11
3 0 20
3 3 3
3 11 1
4 8 5
4 9 1
5 4 8
6 9 17
6 20 14
7 0 15
7 18 2
8 5 4
8 14 19
8 16 18
9 1 4
9 17 6
10 19 15
11 1 3
11 2 17
13 20 1
14 6 20
14 19 8
15 0 16
15 7 0
15 10 19
16 15 0
16 17 19
16 18 8
17 6 9
17 11 2
17 19 16
18 2 7
18 8 16
19 8 14
19 15 10
19 16 17
20 1 13
20 3 0
20 14 6

n= 22 m= 49
0 6 15
0 7 9
0 18 13
1 6 18
1 14 7
1 19 9
2 2 2
2 4 8
2 10 3
3 2 10
3 4 20
3 15 12
4 8 2
4 20 3
5 19 17
6 15 0
6 17 21
6 18 1
7 1 14
7 9 0
8 2 4
9 0 7
9 1 19
10 3 2
10 13 20
12 3 15
12 21 20
13 0 18
13 20 10
14 7 1
14 17 18
14 19 15
15 0 6
15 12 3
15 14 19
17 5 19
17 18 14
17 21 6
18 1 6
18 13 0
18 14 17
19 9 1
19 15 14
19 17 5
20 3 4
20 10 13
20 12 21
21 6 17
21 20 12

n= 23 m= 50
0 11 14
0 15 9
0 21 15
1 3 5
1 4 16
1 17 2
2 1 17
2 6 19
2 18 22
3 5 1
3 19 9
4 13 6
4 14 22
4 16 1
5 1 3
5 12 17
6 4 13
6 19 2
6 21 20
9 0 15
9 3 19
9 22 10
10 9 22
10 12 21
11 14 0
12 17 5
12 21 10
13 6 4
13 19 20
14 0 11
14 22 4
15 0 21
15 9 0
16 1 4
16 16 16
17 2 1
17 5 12
18 22 2
19 2 6
19 9 3
19 20 13
20 6 21
20 13 19
20 20 20
21 10 12
21 15 0
21 20 6
22 2 18
22 4 14
22 10 9

n= 24 m= 52
0 14 13
0 22 4
1 7 10
1 10 5
1 11 13
2 12 18
2 15 3
3 2 15
3 3 3
3 19 20
4 0 22
4 9 21
4 14 17
5 1 10
5 14 21
6 13 22
6 23 9
7 10 1
8 19 18
9 6 23
9 21 4
10 1 7
10 5 1
11 13 1
12 18 2
12 23 21
13 0 14
13 1 11
13 22 6
14 13 0
14 17 4
14 21 5
15 3 2
15 22 18
17 4 14
18 2 12
18 8 19
18 15 22
19 18 8
19 20 3
20 3 19
20 20 23
20 23 20
21 4 9
21 5 14
21 12 23
22 4 0
22 6 13
22 18 15
23 9 6
23 20 20
23 21 12

n= 25 m= 53
0 13 23
0 15 1
0 20 14
1 0 15
1 1 1
1 18 21
2 3 21
2 5 6
2 10 8
3 5 22
3 9 19
3 21 2
4 18 7
4 22 17
5 5 5
5 6 2
5 22 3
6 2 5
6 24 9
7 4 18
8 2 10
8 21 20
9 6 24
9 19 3
10 8 2
10 24 16
11 18 24
13 23 0
14 0 20
15 1 0
15 23 19
16 10 24
17 4 22
18 7 4
18 21 1
18 24 11
19 3 9
19 15 23
20 8 21
20 14 0
20 22 23
21 1 18
21 2 3
21 20 8
22 3 5
22 17 4
22 23 20
23 0 13
23 19 15
23 20 22
24 9 6
24 11 18
24 16 10

n= 27 m= 56
0 5 10
0 11 17
0 14 24
1 16 17
1 22 18
1 23 2
2 1 23
2 13 21
2 23 10
3 4 16
3 9 13
3 19 25
4 4 4
4 16 3
5 10 0
6 24 12
6 25 26
7 14 25
8 26 21
9 13 3
10 0 5
10 2 23
10 23 12
11 17 0
12 6 24
12 10 23
12 17 19
13 3 9
13 21 2
14 24 0
14 25 7
15 24 26
16 3 4
16 17 1
17 0 11
17 1 16
17 19 12
18 1 22
19 12 17
19 25 3
21 2 13
21 8 26
22 18 1
22 22 22
23 2 1
23 10 2
23 12 10
24 0 14
24 12 6
24 26 15
25 3 19
25 7 14
25 26 6
26 6 25
26 15 24
26 21 8

n= 29 m= 59
0 2 24
0 11 21
1 5 4
1 14 24
1 26 7
2 8 12
2 24 0
2 25 17
3 5 20
3 14 4
3 19 26
4 1 5
4 3 14
4 25 9
5 4 1
5 20 3
5 27 23
6 12 17
6 28 18
7 1 26
7 26 8
7 28 23
8 7 26
8 12 2
9 4 25
9 12 28
11 21 0
12 2 8
12 17 6
12 28 9
14 4 3
14 24 1
15 15 27
15 24 20
15 27 15
17 2 25
17 6 12
18 6 28
19 26 3
20 3 5
20 15 24
20 20 20
21 0 11
23 5 27
23 7 28
23 23 23
24 0 2
24 1 14
24 20 15
25 9 4
25 17 2
26 3 19
26 7 1
26 8 7
27 15 15
27 23 5
28 9 12
28 18 6
28 23 7
