A399138 — maximum points in the n x n x n grid with NO THREE COLLINEAR.
One block per n.  Format: 'n= SIZE m=POINTS' then one point per line as 'x y z'.
Every configuration below was re-verified at file-generation time: all C(m,3)
triples tested by integer cross product, zero collinear; coordinates in [0,n-1]^3.
Exact optima for n=1..6; certified lower-bound witnesses for n=7, 8.

n= 1 m= 1
0 0 0

n= 2 m= 8
0 0 0
0 0 1
0 1 0
0 1 1
1 0 0
1 0 1
1 1 0
1 1 1

n= 3 m= 16 (one of exactly 2 optima)
0 0 0
0 0 1
0 1 0
0 1 2
0 2 1
0 2 2
1 0 0
1 0 2
1 2 0
1 2 2
2 0 1
2 0 2
2 1 0
2 1 2
2 2 0
2 2 1

n= 4 m= 28 (one of exactly 14 optima)
0 0 0
0 0 1
0 1 2
0 1 3
0 2 0
0 2 1
0 3 2
0 3 3
1 0 2
1 0 3
1 1 3
1 2 0
1 3 0
1 3 1
2 0 0
2 0 1
2 1 0
2 2 3
2 3 2
2 3 3
3 0 2
3 0 3
3 1 0
3 1 1
3 2 2
3 2 3
3 3 0
3 3 1

n= 5 m= 40
0 0 4
0 1 1
0 1 2
0 2 1
0 2 3
0 3 2
0 3 3
0 4 0
1 0 1
1 0 2
1 1 0
1 2 0
1 2 4
1 3 4
1 4 2
1 4 3
2 0 1
2 0 3
2 1 0
2 1 4
2 3 0
2 3 4
2 4 1
2 4 3
3 0 2
3 0 3
3 1 4
3 2 0
3 2 4
3 3 0
3 4 1
3 4 2
4 0 0
4 1 2
4 1 3
4 2 1
4 2 3
4 3 1
4 3 2
4 4 4

n= 6 m= 64
0 0 3
0 0 5
0 1 1
0 1 3
0 2 4
0 2 5
0 3 0
0 3 1
0 4 2
0 4 4
0 5 0
0 5 2
1 0 1
1 0 3
1 1 0
1 2 2
1 2 5
1 3 0
1 3 3
1 4 5
1 5 2
1 5 4
2 0 4
2 0 5
2 1 2
2 1 5
2 2 1
2 3 4
2 4 0
2 4 3
2 5 0
2 5 1
3 0 0
3 0 1
3 1 0
3 1 3
3 2 4
3 3 1
3 4 2
3 4 5
3 5 4
3 5 5
4 0 2
4 0 4
4 1 5
4 2 0
4 2 3
4 3 2
4 3 5
4 4 0
4 5 1
4 5 3
5 0 0
5 0 2
5 1 2
5 1 4
5 2 0
5 2 1
5 3 4
5 3 5
5 4 1
5 4 3
5 5 3
5 5 5

n= 7 m= 73 (lower bound a(7) >= 73)
0 0 0
0 0 2
0 1 2
0 1 4
0 2 0
0 2 1
0 3 4
0 3 5
0 4 1
0 4 3
0 5 3
0 5 5
1 0 2
1 0 4
1 1 4
1 1 6
1 2 0
1 3 5
1 3 6
1 4 0
1 4 1
1 5 3
1 5 5
1 6 1
1 6 3
2 0 0
2 0 1
2 1 0
2 2 4
2 4 2
2 4 6
2 6 4
2 6 6
3 0 4
3 0 5
3 1 5
3 1 6
3 4 0
3 5 0
3 5 1
3 6 1
4 0 1
4 0 3
4 1 0
4 1 1
4 2 2
4 2 6
4 3 0
4 5 6
4 6 2
4 6 5
5 0 3
5 0 5
5 1 3
5 1 5
5 3 0
5 3 1
5 4 6
5 5 0
5 5 1
5 6 4
5 6 6
6 1 1
6 1 3
6 2 4
6 2 6
6 3 1
6 4 2
6 4 5
6 5 4
6 5 6
6 6 2
6 6 5

n= 8 m= 93 (lower bound a(8) >= 93)
0 0 2
0 0 6
0 1 2
0 1 4
0 2 0
0 2 1
0 3 4
0 3 6
0 4 1
0 4 3
0 5 5
0 6 0
0 6 3
1 0 2
1 0 4
1 1 7
1 2 0
1 2 5
1 3 6
1 3 7
1 4 0
1 5 2
1 6 3
1 6 6
1 7 1
1 7 3
2 0 0
2 0 1
2 1 0
2 1 5
2 4 6
2 5 1
2 5 7
2 6 4
2 6 7
2 7 5
2 7 6
3 0 4
3 0 6
3 1 6
3 1 7
3 3 7
3 4 0
3 6 0
3 6 1
3 7 1
3 7 3
4 0 1
4 0 3
4 1 0
4 2 6
4 3 0
4 5 7
4 6 2
4 7 5
4 7 7
5 0 5
5 1 2
5 2 1
5 2 7
5 4 7
5 5 0
5 6 6
5 7 2
5 7 4
6 0 0
6 0 3
6 1 3
6 1 6
6 2 4
6 2 7
6 3 0
6 3 1
6 4 2
6 5 6
6 6 1
6 6 5
6 7 2
6 7 7
7 1 1
7 1 3
7 2 5
7 2 6
7 3 1
7 3 3
7 4 5
7 4 7
7 5 2
7 5 4
7 6 2
7 6 7
7 7 4
7 7 6
