# A280537, n=29, точек 59 — нижняя граница, опубликованных данных нет
# инвариантна под (x,y,z)->(y,z,x); поиск без цели, потолок 3n=87
# проверено независимо: 0 компланарных, 0 коллинеарных, 0 троек с четвёртой
1 14 24
14 24 1
24 1 14
6 28 18
28 18 6
18 6 28
1 5 4
5 4 1
4 1 5
0 2 24
2 24 0
24 0 2
0 11 21
11 21 0
21 0 11
6 12 17
12 17 6
17 6 12
23 23 23
5 27 23
27 23 5
23 5 27
3 5 20
5 20 3
20 3 5
2 8 12
8 12 2
12 2 8
7 28 23
28 23 7
23 7 28
4 25 9
25 9 4
9 4 25
3 19 26
19 26 3
26 3 19
15 15 27
15 27 15
27 15 15
2 25 17
25 17 2
17 2 25
3 14 4
14 4 3
4 3 14
15 24 20
24 20 15
20 15 24
9 12 28
12 28 9
28 9 12
20 20 20
1 26 7
26 7 1
7 1 26
7 26 8
26 8 7
8 7 26
